9.47628 9.74146 0.316703
8.04784 7.85237 0.332648
9.38817 9.19904 0.313763
13.4354 13.6762 0.279291
11.3795 11.4066 0.304395
6.29217 6.34845 0.315809
8.47849 8.40586 0.311079
6.0564 5.53544 0.309091
7.86086 7.6541 0.315561
9.74014 9.39062 0.302006
8.29573 8.83653 0.324694
5.95039 6.71278 0.00192008
13.2529 12.9631 0.303158
8.10812 8.84108 0.344488
10.3128 10.6497 0.306789
13.4878 12.9388 0.296164
10.4575 10.5933 0.300306
12.7243 13.344 0.286517
12.0514 12.448 0.312761
12.3333 12.2331 0.325817
6.26867 7.09974 0.304316
10.6226 11.0535 0.309078
12.8415 12.6464 0.310326
14.0762 13.8435 0.277601
7.65865 7.3692 0.331659
10.385 10.1523 0.301174
6.4195 6.29928 0.00329886
7.86086 7.6541 0.315561
8.7612 8.03058 0.323025
6.29217 6.34845 0.315809
8.47849 8.40586 0.311079
10.7409 10.57 0.300085
8.07652 7.88142 0.326346
6.4195 6.29928 0.00329886
9.30085 9.4311 0.328802
7.94892 8.07917 0.327881
6.26867 7.09974 0.304316
12.8201 13.2115 0.301444
9.00312 8.8353 0.307807
10.7536 10.8893 0.309914
12.3686 12.3356 0.292431
10.4471 10.2579 0.299328
11.2885 11.4187 0.317347
6.29217 6.34845 0.315809
6.12699 6.26278 -0.00087697
6.60168 6.55829 -0.00513132
8.73661 9.07348 0.303305
11.6549 11.3581 0.309689
7.28648 7.68299 0.328781
7.2269 8.05797 0.324845
10.7536 10.8893 0.309914
15.209 15.5113 0.299047
8.47849 8.40586 0.311079
15.1683 15.3312 0.30772
10.7197 10.6194 0.333591
8.04784 7.85237 0.332648
13.7543 12.7308 0.290113
10.5475 9.76646 0.300236
14.9304 14.8592 0.283127
8.7612 8.03058 0.323025
9.5833 9.08221 0.310186
12.9158 12.745 0.295069
12.5109 12.4621 0.302526
15.6158 15.5446 0.289709
6.63728 6.66439 0.29874
10.7409 10.57 0.300085
6.26297 5.93353 0.0169025
7.86086 7.6541 0.315561
6.29217 6.34845 0.315809
6.26297 5.93353 0.0169025
15.5498 14.7688 0.282856
9.27978 8.51811 0.309053
9.75382 8.97282 0.30782
9.39852 9.87457 0.312378
13.6443 14.0752 0.292443
15.3195 15.533 0.280236
11.5746 11.6133 0.324316
8.99875 8.80327 0.33306
9.75382 8.97282 0.30782
10.5016 9.95256 0.308835
6.63728 6.66439 0.29874
10.4961 11.0369 0.316036
13.6923 13.3428 0.288881
8.23837 8.66738 0.310123
8.08239 7.78463 0.323966
6.26297 5.93353 0.0169025
10.4236 10.3234 0.323982
13.3345 13.6714 0.290154
11.3528 11.3776 0.301853
13.6886 13.6452 0.286268
9.38676 9.21869 0.309483
8.07652 7.88142 0.326346
12.3409 12.5038 0.320083
9.877 9.52748 0.313101
13.2142 12.9164 0.304632
13.6443 14.0752 0.292443
6.12699 6.26278 -0.00087697
6.4195 6.29928 0.00329886
11.2096 11.972 0.306085
8.23784 8.08172 0.290084
14.4757 14.5005 0.281762
14.4757 14.5005 0.281762
14.4757 14.5005 0.281762
14.4757 14.5005 0.281762
14.2518 14.7926 0.289318
14.4128 14.8995 0.274516
14.4128 14.8995 0.274516
14.5091 14.9852 0.280832
14.4893 14.5419 0.281032
14.4893 14.5419 0.281032
14.4893 14.5419 0.281032
14.9835 14.7884 0.291381
14.9835 14.7884 0.291381
14.6452 14.3158 0.300976
14.6452 14.3158 0.300976
14.6452 14.3158 0.300976
14.6452 14.3158 0.300976
14.0642 14.7971 0.309111
14.0383 14.312 0.29241
13.9841 14.3209 0.282854
13.9841 14.3209 0.282854
13.9841 14.3209 0.282854
14.9763 14.8957 0.281745
14.9763 14.8957 0.281745
14.9763 14.8957 0.281745
14.7172 13.9866 0.287648
14.7172 13.9866 0.287648
14.7172 13.9866 0.287648
14.5778 14.9841 0.30011
14.5778 14.9841 0.30011
14.6982 14.7453 0.284488
14.1831 14.6925 0.282211
14.1831 14.6925 0.282211
14.1831 14.6925 0.282211
14.4295 14.5309 0.2702
14.4295 14.5309 0.2702
14.4753 14.3751 0.306872
14.082 14.8739 0.284298
14.5686 14.5569 0.274924
14.6976 14.7363 0.304224
14.6976 14.7363 0.304224
14.6976 14.7363 0.304224
14.6939 14.1928 0.27864
14.6939 14.1928 0.27864
14.8511 14.8691 0.283213
14.8511 14.8691 0.283213
14.8511 14.8691 0.283213
14.7453 14.6678 0.281354
14.4006 14.634 0.284908
14.4006 14.634 0.284908
14.8644 14.0834 0.276274
14.1508 14.5422 0.290153
14.1508 14.5422 0.290153
14.7495 14.8396 0.269478
14.394 13.9538 0.273997
14.394 13.9538 0.273997
14.394 13.9538 0.273997
14.1338 14.9649 0.28988
14.1338 14.9649 0.28988
15.0044 14.6351 0.295622
14.1686 14.6556 0.269887
14.702 14.4692 0.277212
14.5706 14.155 0.270317
14.5706 14.155 0.270317
14.5706 14.155 0.270317
14.649 14.497 0.288709
14.7523 14.5977 0.26433
14.7523 14.5977 0.26433
14.7523 14.5977 0.26433
14.4114 14.5417 0.297256
14.9839 14.9405 0.278942
14.9839 14.9405 0.278942
14.5092 14.645 0.283196
14.7307 14.9715 0.271965
14.7307 14.9715 0.271965
14.7968 15.2159 0.292276
14.6581 13.7467 0.302873
14.6313 14.4722 0.305895
14.6313 14.4722 0.305895
14.5856 15.2012 0.274236
7.73089 8.1274 0.324442
7.73089 8.1274 0.324442
8.19036 8.14158 0.314207
8.19036 8.14158 0.314207
8.19036 8.14158 0.314207
8.19036 8.14158 0.314207
8.49226 8.29678 0.328309
8.49226 8.29678 0.328309
8.76304 8.12508 0.315458
8.04659 8.52264 0.311458
8.04659 8.52264 0.311458
8.20892 8.11718 0.322214
8.20892 8.11718 0.322214
8.20892 8.11718 0.322214
8.20892 8.11718 0.322214
8.47849 8.40586 0.311079
8.47849 8.40586 0.311079
8.01279 7.91254 0.337498
8.01279 7.91254 0.337498
8.01279 7.91254 0.337498
5.91745 6.87888 0.334671
5.91745 6.87888 0.334671
5.91745 6.87888 0.334671
5.91745 6.87888 0.334671
5.91745 6.87888 0.334671
5.86792 6.37626 0.337001
5.86792 6.37626 0.337001
5.86792 6.37626 0.337001
5.86792 6.37626 0.337001
5.86792 6.37626 0.337001
5.86792 6.37626 0.337001
6.24212 6.70896 0.332294
6.24212 6.70896 0.332294
6.24212 6.70896 0.332294
6.24212 6.70896 0.332294
6.24212 6.70896 0.332294
6.24212 6.70896 0.332294
6.24212 6.70896 0.332294
6.24212 6.70896 0.332294
6.29403 6.13017 0.311103
6.29403 6.13017 0.311103
6.29403 6.13017 0.311103
6.29403 6.13017 0.311103
6.29403 6.13017 0.311103
6.29403 6.13017 0.311103
6.29403 6.13017 0.311103
6.29403 6.13017 0.311103
6.57845 6.08718 0.341154
6.57845 6.08718 0.341154
6.57845 6.08718 0.341154
6.57845 6.08718 0.341154
6.57845 6.08718 0.341154
6.57845 6.08718 0.341154
6.57845 6.08718 0.341154
6.57845 6.08718 0.341154
6.846 6.13823 0.314096
6.846 6.13823 0.314096
6.846 6.13823 0.314096
6.846 6.13823 0.314096
6.846 6.13823 0.314096
6.43189 5.62082 0.317149
6.43189 5.62082 0.317149
6.43189 5.62082 0.317149
6.43189 5.62082 0.317149
6.43189 5.62082 0.317149
6.43189 5.62082 0.317149
6.43189 5.62082 0.317149
6.43189 5.62082 0.317149
6.59176 6.27985 0.317364
6.59176 6.27985 0.317364
6.59176 6.27985 0.317364
6.59176 6.27985 0.317364
6.61489 6.26487 0.315951
6.61489 6.26487 0.315951
6.61489 6.26487 0.315951
6.61489 6.26487 0.315951
6.61489 6.26487 0.315951
6.61489 6.26487 0.315951
6.61489 6.26487 0.315951
5.94154 6.53672 0.32254
5.94154 6.53672 0.32254
5.94154 6.53672 0.32254
5.94154 6.53672 0.32254
5.94154 6.53672 0.32254
5.94154 6.53672 0.32254
5.94154 6.53672 0.32254
6.28096 6.35184 0.333299
6.28096 6.35184 0.333299
6.28096 6.35184 0.333299
6.28096 6.35184 0.333299
6.02568 6.44122 0.327136
6.02568 6.44122 0.327136
6.02568 6.44122 0.327136
6.02568 6.44122 0.327136
6.17234 5.99744 0.322636
6.24874 5.91862 0.314666
6.24874 5.91862 0.314666
6.24874 5.91862 0.314666
6.08288 6.52554 0.325347
6.08288 6.52554 0.325347
6.08288 6.52554 0.325347
6.08288 6.52554 0.325347
6.08288 6.52554 0.325347
6.26014 6.38322 0.321524
6.26014 6.38322 0.321524
6.26014 6.38322 0.321524
6.26014 6.38322 0.321524
6.26014 6.38322 0.321524
6.26014 6.38322 0.321524
6.59185 6.56368 0.318612
6.33292 6.26061 0.312337
6.33292 6.26061 0.312337
6.33292 6.26061 0.312337
6.33292 6.26061 0.312337
6.5035 6.43972 0.318897
6.5035 6.43972 0.318897
6.38925 6.34908 0.323147
6.38925 6.34908 0.323147
6.20337 5.98332 0.315033
6.20337 5.98332 0.315033
6.20337 5.98332 0.315033
6.20337 5.98332 0.315033
6.20337 5.98332 0.315033
6.20337 5.98332 0.315033
6.20337 5.98332 0.315033
6.20337 5.98332 0.315033
6.20337 5.98332 0.315033
6.20337 5.98332 0.315033
6.20337 5.98332 0.315033
6.42993 6.56895 0.3203
6.42993 6.56895 0.3203
6.42993 6.56895 0.3203
6.11734 6.52354 0.320556
6.11734 6.52354 0.320556
6.11734 6.52354 0.320556
6.35864 6.71198 0.325734
6.35864 6.71198 0.325734
6.35864 6.71198 0.325734
5.94086 6.38728 0.303803
5.94086 6.38728 0.303803
5.94086 6.38728 0.303803
6.30553 6.16537 0.321959
6.30553 6.16537 0.321959
6.39877 5.80063 0.311487
6.39877 5.80063 0.311487
6.39877 5.80063 0.311487
6.39877 5.80063 0.311487
6.39877 5.80063 0.311487
6.35404 6.3072 0.308655
6.35404 6.3072 0.308655
6.35404 6.3072 0.308655
6.35404 6.3072 0.308655
6.35404 6.3072 0.308655
6.35404 6.3072 0.308655
6.65183 6.48399 0.312287
6.65183 6.48399 0.312287
6.69548 6.02837 0.328919
6.69548 6.02837 0.328919
6.69548 6.02837 0.328919
6.69548 6.02837 0.328919
6.69548 6.02837 0.328919
6.69548 6.02837 0.328919
6.69548 6.02837 0.328919
5.87547 6.68368 0.319594
5.87547 6.68368 0.319594
6.1667 6.22799 0.309238
6.1667 6.22799 0.309238
6.1667 6.22799 0.309238
6.1667 6.22799 0.309238
6.1667 6.22799 0.309238
6.74745 6.34227 0.320059
6.74745 6.34227 0.320059
6.74745 6.34227 0.320059
6.74745 6.34227 0.320059
6.74745 6.34227 0.320059
6.74745 6.34227 0.320059
6.49729 6.27267 0.319798
6.49729 6.27267 0.319798
6.49729 6.27267 0.319798
6.49729 6.27267 0.319798
6.49729 6.27267 0.319798
6.49729 6.27267 0.319798
6.49729 6.27267 0.319798
6.49729 6.27267 0.319798
5.90057 6.50555 0.299278
5.90057 6.50555 0.299278
5.90057 6.50555 0.299278
5.90057 6.50555 0.299278
6.65304 5.98085 0.312365
6.65304 5.98085 0.312365
6.65304 5.98085 0.312365
6.65304 5.98085 0.312365
6.65304 5.98085 0.312365
5.68656 6.8417 0.305107
5.68656 6.8417 0.305107
5.68656 6.8417 0.305107
5.68656 6.8417 0.305107
5.68656 6.8417 0.305107
5.68656 6.8417 0.305107
5.68656 6.8417 0.305107
5.68656 6.8417 0.305107
5.68656 6.8417 0.305107
5.68656 6.8417 0.305107
5.68656 6.8417 0.305107
5.68656 6.8417 0.305107
5.68656 6.8417 0.305107
5.68656 6.8417 0.305107
5.68656 6.8417 0.305107
5.68656 6.8417 0.305107
5.85366 6.34567 0.305523
5.85366 6.34567 0.305523
5.85366 6.34567 0.305523
6.00788 5.85074 0.307245
6.00788 5.85074 0.307245
6.00788 5.85074 0.307245
6.00788 5.85074 0.307245
6.55173 6.19172 0.312222
6.55173 6.19172 0.312222
6.55173 6.19172 0.312222
6.55173 6.19172 0.312222
6.89865 6.84798 0.305304
6.89865 6.84798 0.305304
6.57109 5.53653 0.317635
6.57109 5.53653 0.317635
6.57109 5.53653 0.317635
6.2121 5.73612 0.316383
6.2121 5.73612 0.316383
6.67039 6.38134 0.310075
6.67039 6.38134 0.310075
6.67039 6.38134 0.310075
6.67039 6.38134 0.310075
6.67039 6.38134 0.310075
6.3926 6.46566 0.327358
6.3926 6.46566 0.327358
6.4349 6.82747 0.320086
6.28664 5.95488 0.32082
6.28664 5.95488 0.32082
6.62244 6.52646 0.316494
6.62244 6.52646 0.316494
6.62244 6.52646 0.316494
6.79664 6.07648 0.319234
6.79664 6.07648 0.319234
6.79664 6.07648 0.319234
6.79664 6.07648 0.319234
6.79664 6.07648 0.319234
6.79664 6.07648 0.319234
6.04756 6.17984 0.320345
6.04756 6.17984 0.320345
6.04756 6.17984 0.320345
6.43703 6.10409 0.322625
6.43703 6.10409 0.322625
6.43703 6.10409 0.322625
6.43703 6.10409 0.322625
6.43703 6.10409 0.322625
6.43703 6.10409 0.322625
6.43703 6.10409 0.322625
6.43703 6.10409 0.322625
6.323 6.11148 0.3179
6.323 6.11148 0.3179
6.323 6.11148 0.3179
6.323 6.11148 0.3179
6.323 6.11148 0.3179
6.323 6.11148 0.3179
6.323 6.11148 0.3179
6.323 6.11148 0.3179
6.323 6.11148 0.3179
6.323 6.11148 0.3179
5.84163 6.22982 0.317223
5.84163 6.22982 0.317223
5.84163 6.22982 0.317223
5.84163 6.22982 0.317223
5.84163 6.22982 0.317223
5.84163 6.22982 0.317223
5.84163 6.22982 0.317223
5.84163 6.22982 0.317223
6.70625 6.5538 0.308623
6.70625 6.5538 0.308623
6.70625 6.5538 0.308623
6.70625 6.5538 0.308623
6.70625 6.5538 0.308623
6.70625 6.5538 0.308623
6.70625 6.5538 0.308623
6.70625 6.5538 0.308623
6.70625 6.5538 0.308623
6.29245 6.23731 0.0114297
6.65041 7.00572 0.017279
6.65041 7.00572 0.017279
6.65041 7.00572 0.017279
6.65041 7.00572 0.017279
6.52325 6.70206 0.0107546
6.30559 6.0433 0.0151491
6.13641 6.16595 -0.0181984
6.13641 6.16595 -0.0181984
6.13641 6.16595 -0.0181984
6.13641 6.16595 -0.0181984
6.21103 5.94253 0.018134
6.21103 5.94253 0.018134
6.21103 5.94253 0.018134
6.21103 5.94253 0.018134
6.21103 5.94253 0.018134
6.09861 6.45492 -0.00353928
5.89444 6.29317 -0.00220583
5.89444 6.29317 -0.00220583
6.39223 6.0913 0.0145878
6.39223 6.0913 0.0145878
6.39223 6.0913 0.0145878
6.39223 6.0913 0.0145878
6.39223 6.0913 0.0145878
6.39223 6.0913 0.0145878
6.61601 6.50936 0.00342794
6.61601 6.50936 0.00342794
6.32477 6.52198 -0.00449975
6.32477 6.52198 -0.00449975
6.53752 6.18683 -0.000644036
6.53752 6.18683 -0.000644036
6.53752 6.18683 -0.000644036
6.53752 6.18683 -0.000644036
6.53752 6.18683 -0.000644036
6.53752 6.18683 -0.000644036
6.53752 6.18683 -0.000644036
6.53752 6.18683 -0.000644036
6.53752 6.18683 -0.000644036
5.95697 6.52407 -0.00484468
5.95697 6.52407 -0.00484468
5.95697 6.52407 -0.00484468
5.95695 6.5245 0.00646406
5.95695 6.5245 0.00646406
5.95695 6.5245 0.00646406
5.95695 6.5245 0.00646406
5.95695 6.5245 0.00646406
5.95695 6.5245 0.00646406
5.95695 6.5245 0.00646406
5.95695 6.5245 0.00646406
5.95695 6.5245 0.00646406
5.95695 6.5245 0.00646406
5.95695 6.5245 0.00646406
6.71159 5.90747 -0.00573965
6.71159 5.90747 -0.00573965
6.71159 5.90747 -0.00573965
6.71159 5.90747 -0.00573965
6.71159 5.90747 -0.00573965
6.71159 5.90747 -0.00573965
6.71159 5.90747 -0.00573965
6.71159 5.90747 -0.00573965
6.71159 5.90747 -0.00573965
6.71159 5.90747 -0.00573965
6.3478 6.07848 -0.00331401
6.3478 6.07848 -0.00331401
6.68604 6.23657 0.000755786
6.68604 6.23657 0.000755786
6.68604 6.23657 0.000755786
6.68604 6.23657 0.000755786
6.68604 6.23657 0.000755786
6.15033 5.98691 -0.0130086
6.15033 5.98691 -0.0130086
6.15033 5.98691 -0.0130086
5.95954 6.6658 -0.0018138
5.95954 6.6658 -0.0018138
5.95954 6.6658 -0.0018138
5.95954 6.6658 -0.0018138
5.95954 6.6658 -0.0018138
5.95954 6.6658 -0.0018138
6.4418 6.45194 0.0014527
6.4418 6.45194 0.0014527
6.4418 6.45194 0.0014527
6.4418 6.45194 0.0014527
6.4418 6.45194 0.0014527
6.4418 6.45194 0.0014527
6.4418 6.45194 0.0014527
6.4418 6.45194 0.0014527
6.4418 6.45194 0.0014527
6.4418 6.45194 0.0014527
6.4418 6.45194 0.0014527
6.4418 6.45194 0.0014527
6.4418 6.45194 0.0014527
6.4418 6.45194 0.0014527
6.4418 6.45194 0.0014527
6.4418 6.45194 0.0014527
6.4418 6.45194 0.0014527
6.4418 6.45194 0.0014527
6.4418 6.45194 0.0014527
6.4418 6.45194 0.0014527
6.4418 6.45194 0.0014527
6.4418 6.45194 0.0014527
6.4418 6.45194 0.0014527
6.4418 6.45194 0.0014527
6.4418 6.45194 0.0014527
6.4418 6.45194 0.0014527
6.4418 6.45194 0.0014527
6.4418 6.45194 0.0014527
6.21375 6.00973 0.00779227
6.21375 6.00973 0.00779227
6.21375 6.00973 0.00779227
6.21375 6.00973 0.00779227
6.21375 6.00973 0.00779227
6.21375 6.00973 0.00779227
6.21375 6.00973 0.00779227
6.21375 6.00973 0.00779227
6.21375 6.00973 0.00779227
6.21375 6.00973 0.00779227
6.21375 6.00973 0.00779227
6.21375 6.00973 0.00779227
6.0085 6.27214 0.00799457
6.0085 6.27214 0.00799457
6.0085 6.27214 0.00799457
6.0085 6.27214 0.00799457
6.0085 6.27214 0.00799457
6.0085 6.27214 0.00799457
6.0085 6.27214 0.00799457
6.0085 6.27214 0.00799457
5.80008 6.21815 0.00142011
5.80008 6.21815 0.00142011
5.80008 6.21815 0.00142011
6.54686 5.93373 -0.00382473
6.54686 5.93373 -0.00382473
6.54686 5.93373 -0.00382473
6.54686 5.93373 -0.00382473
6.54686 5.93373 -0.00382473
6.54686 5.93373 -0.00382473
6.54686 5.93373 -0.00382473
6.54686 5.93373 -0.00382473
6.54686 5.93373 -0.00382473
6.54686 5.93373 -0.00382473
6.54686 5.93373 -0.00382473
6.54686 5.93373 -0.00382473
6.54686 5.93373 -0.00382473
6.43418 6.61205 -0.000569368
6.43418 6.61205 -0.000569368
6.37292 6.23443 0.00441048
6.35145 5.59922 0.00873338
6.35145 5.59922 0.00873338
6.35145 5.59922 0.00873338
6.35145 5.59922 0.00873338
6.35145 5.59922 0.00873338
6.35145 5.59922 0.00873338
6.35145 5.59922 0.00873338
6.35145 5.59922 0.00873338
6.35145 5.59922 0.00873338
6.35145 5.59922 0.00873338
6.35145 5.59922 0.00873338
5.57589 6.95332 0.00323627
5.57589 6.95332 0.00323627
5.57589 6.95332 0.00323627
5.57589 6.95332 0.00323627
5.57589 6.95332 0.00323627
6.1807 6.61762 0.0183318
6.1807 6.61762 0.0183318
6.1807 6.61762 0.0183318
6.1807 6.61762 0.0183318
6.1807 6.61762 0.0183318
6.1807 6.61762 0.0183318
5.68423 5.86787 -0.0094717
6.22369 5.96885 -0.0028624
6.22369 5.96885 -0.0028624
6.22369 5.96885 -0.0028624
6.22369 5.96885 -0.0028624
6.61634 6.39274 0.0249292
6.61634 6.39274 0.0249292
6.61634 6.39274 0.0249292
6.61634 6.39274 0.0249292
6.61634 6.39274 0.0249292
6.61634 6.39274 0.0249292
6.61634 6.39274 0.0249292
6.61634 6.39274 0.0249292
6.61634 6.39274 0.0249292
6.61634 6.39274 0.0249292
6.61634 6.39274 0.0249292
6.61634 6.39274 0.0249292
6.16874 6.56004 -0.0183001
6.16874 6.56004 -0.0183001
6.16874 6.56004 -0.0183001
6.16874 6.56004 -0.0183001
5.89422 6.56816 0.00545728
5.89422 6.56816 0.00545728
5.89422 6.56816 0.00545728
5.89422 6.56816 0.00545728
6.09755 6.37971 -0.00587251
6.09755 6.37971 -0.00587251
6.09755 6.37971 -0.00587251
6.94412 6.07694 0.00814111
6.94412 6.07694 0.00814111
6.1482 6.63623 -0.0064972
6.1482 6.63623 -0.0064972
6.1482 6.63623 -0.0064972
6.1482 6.63623 -0.0064972
6.1482 6.63623 -0.0064972
6.1482 6.63623 -0.0064972
5.97884 6.33491 -0.000804918
5.97884 6.33491 -0.000804918
5.97884 6.33491 -0.000804918
6.44637 5.50517 0.000316899
6.44637 5.50517 0.000316899
6.44637 5.50517 0.000316899
6.44637 5.50517 0.000316899
6.44637 5.50517 0.000316899
6.44637 5.50517 0.000316899
6.44637 5.50517 0.000316899
6.44637 5.50517 0.000316899
6.20939 5.67102 0.00247294
6.20939 5.67102 0.00247294
6.27395 6.04002 0.00829286
6.27395 6.04002 0.00829286
6.27395 6.04002 0.00829286
6.27395 6.04002 0.00829286
6.27395 6.04002 0.00829286
6.27395 6.04002 0.00829286
6.27395 6.04002 0.00829286
6.27395 6.04002 0.00829286
6.27395 6.04002 0.00829286
6.56719 6.16167 -0.00767916
6.56719 6.16167 -0.00767916
5.87687 6.18294 0.00425374
6.69461 6.14226 -0.0162994
6.69461 6.14226 -0.0162994
6.69461 6.14226 -0.0162994
6.69461 6.14226 -0.0162994
6.15503 6.01372 -0.00449983
6.15503 6.01372 -0.00449983
6.15503 6.01372 -0.00449983
6.15503 6.01372 -0.00449983
5.94033 6.522 -0.00364932
5.94033 6.522 -0.00364932
6.11969 6.42384 -0.00709003
6.11969 6.42384 -0.00709003
6.11969 6.42384 -0.00709003
6.11969 6.42384 -0.00709003
6.11969 6.42384 -0.00709003
5.90414 5.91786 -0.00650005
6.41452 6.57919 0.0106016
6.41452 6.57919 0.0106016
6.41452 6.57919 0.0106016
6.36211 6.2083 0.00620433
6.36211 6.2083 0.00620433
6.36211 6.2083 0.00620433
6.36211 6.2083 0.00620433
6.36211 6.2083 0.00620433
6.36211 6.2083 0.00620433
6.36211 6.2083 0.00620433
5.88271 6.16113 0.0204313
5.88271 6.16113 0.0204313
6.17479 6.62577 -0.00209004
6.17479 6.62577 -0.00209004
6.43073 6.62004 -0.00686028
6.43073 6.62004 -0.00686028
6.43073 6.62004 -0.00686028
6.43073 6.62004 -0.00686028
5.98207 5.69993 0.00434224
5.98207 5.69993 0.00434224
6.94287 5.80693 0.00830905
6.94287 5.80693 0.00830905
6.94287 5.80693 0.00830905
6.94287 5.80693 0.00830905
6.94287 5.80693 0.00830905
6.94287 5.80693 0.00830905
6.94287 5.80693 0.00830905
6.94287 5.80693 0.00830905
6.94287 5.80693 0.00830905
6.94287 5.80693 0.00830905
6.94287 5.80693 0.00830905
6.94287 5.80693 0.00830905
6.94287 5.80693 0.00830905
6.94287 5.80693 0.00830905
6.94287 5.80693 0.00830905
6.94287 5.80693 0.00830905
6.94287 5.80693 0.00830905
6.94287 5.80693 0.00830905
6.94287 5.80693 0.00830905
6.94287 5.80693 0.00830905
5.71037 6.16315 -0.0068291
5.71037 6.16315 -0.0068291
5.71037 6.16315 -0.0068291
5.71037 6.16315 -0.0068291
5.71037 6.16315 -0.0068291
5.71037 6.16315 -0.0068291
5.71037 6.16315 -0.0068291
5.71037 6.16315 -0.0068291
5.71037 6.16315 -0.0068291
5.71037 6.16315 -0.0068291
5.71037 6.16315 -0.0068291
5.71037 6.16315 -0.0068291
5.71037 6.16315 -0.0068291
5.98294 6.3101 -0.0103912
6.3704 6.55854 -0.00804433
6.3704 6.55854 -0.00804433
6.3704 6.55854 -0.00804433
6.3704 6.55854 -0.00804433
6.3704 6.55854 -0.00804433
6.44548 6.35115 0.00551719
6.44548 6.35115 0.00551719
6.44548 6.35115 0.00551719
6.44548 6.35115 0.00551719
6.44548 6.35115 0.00551719
6.54438 5.99445 -0.00114656
6.54438 5.99445 -0.00114656
6.54438 5.99445 -0.00114656
6.54438 5.99445 -0.00114656
6.54438 5.99445 -0.00114656
6.54438 5.99445 -0.00114656
6.54438 5.99445 -0.00114656
6.54438 5.99445 -0.00114656
6.54438 5.99445 -0.00114656
6.54438 5.99445 -0.00114656
6.54438 5.99445 -0.00114656
5.95619 5.61666 0.0139864
6.35215 6.56606 0.00421632
6.35215 6.56606 0.00421632
6.35215 6.56606 0.00421632
6.35215 6.56606 0.00421632
6.35215 6.56606 0.00421632
6.35215 6.56606 0.00421632
6.46773 6.6316 -0.000793166
6.46773 6.6316 -0.000793166
6.46773 6.6316 -0.000793166
6.46773 6.6316 -0.000793166
6.46773 6.6316 -0.000793166
6.46773 6.6316 -0.000793166
6.46773 6.6316 -0.000793166
6.46773 6.6316 -0.000793166
6.46773 6.6316 -0.000793166
6.46773 6.6316 -0.000793166
6.46773 6.6316 -0.000793166
6.46773 6.6316 -0.000793166
6.46773 6.6316 -0.000793166
6.46773 6.6316 -0.000793166
6.46773 6.6316 -0.000793166
6.46773 6.6316 -0.000793166
6.46773 6.6316 -0.000793166
6.46773 6.6316 -0.000793166
6.46773 6.6316 -0.000793166
6.46773 6.6316 -0.000793166
6.46773 6.6316 -0.000793166
6.46773 6.6316 -0.000793166
6.46773 6.6316 -0.000793166
6.46773 6.6316 -0.000793166
5.94118 6.54878 -0.0157858
5.94118 6.54878 -0.0157858
5.94118 6.54878 -0.0157858
5.94118 6.54878 -0.0157858
5.94118 6.54878 -0.0157858
5.94118 6.54878 -0.0157858
5.94118 6.54878 -0.0157858
5.94118 6.54878 -0.0157858
5.93778 6.06447 0.0087625
5.93778 6.06447 0.0087625
5.93778 6.06447 0.0087625
5.93778 6.06447 0.0087625
5.93778 6.06447 0.0087625
5.93778 6.06447 0.0087625
6.2712 6.08757 -0.000921501
6.2712 6.08757 -0.000921501
6.2712 6.08757 -0.000921501
6.2712 6.08757 -0.000921501
6.36075 6.54848 -0.0117692
6.36075 6.54848 -0.0117692
6.36075 6.54848 -0.0117692
6.36075 6.54848 -0.0117692
6.36075 6.54848 -0.0117692
6.36075 6.54848 -0.0117692
6.36075 6.54848 -0.0117692
6.36075 6.54848 -0.0117692
6.36075 6.54848 -0.0117692
6.4154 6.62063 0.0104492
6.4154 6.62063 0.0104492
6.03146 6.62428 0.0139576
6.03146 6.62428 0.0139576
6.03146 6.62428 0.0139576
6.03146 6.62428 0.0139576
6.03146 6.62428 0.0139576
6.03146 6.62428 0.0139576
6.03146 6.62428 0.0139576
6.03146 6.62428 0.0139576
6.03146 6.62428 0.0139576
6.03146 6.62428 0.0139576
6.03146 6.62428 0.0139576
6.03146 6.62428 0.0139576
6.06419 6.56834 0.00279453
6.06419 6.56834 0.00279453
6.06419 6.56834 0.00279453
6.49378 5.91062 0.00444722
6.49378 5.91062 0.00444722
6.49378 5.91062 0.00444722
6.49378 5.91062 0.00444722
6.49378 5.91062 0.00444722
6.49378 5.91062 0.00444722
6.49378 5.91062 0.00444722
6.49378 5.91062 0.00444722
6.01947 6.45164 -0.0145706
6.01947 6.45164 -0.0145706
6.49094 6.90958 -0.00137089
6.49094 6.90958 -0.00137089
6.49094 6.90958 -0.00137089
5.82376 5.73835 -0.00189252
5.82376 5.73835 -0.00189252
5.82376 5.73835 -0.00189252
5.82376 5.73835 -0.00189252
5.82376 5.73835 -0.00189252
5.82376 5.73835 -0.00189252
6.39584 6.43438 -0.00133467
6.39584 6.43438 -0.00133467
6.39584 6.43438 -0.00133467
6.39584 6.43438 -0.00133467
6.39584 6.43438 -0.00133467
6.22636 6.06815 0.000617609
6.22636 6.06815 0.000617609
6.22636 6.06815 0.000617609
6.22636 6.06815 0.000617609
6.22636 6.06815 0.000617609
6.22636 6.06815 0.000617609
6.22636 6.06815 0.000617609
6.22636 6.06815 0.000617609
6.22636 6.06815 0.000617609
6.72532 6.33563 -0.00464042
6.72532 6.33563 -0.00464042
6.72532 6.33563 -0.00464042
6.72532 6.33563 -0.00464042
6.72532 6.33563 -0.00464042
6.72532 6.33563 -0.00464042
6.72532 6.33563 -0.00464042
6.24461 6.40934 -0.00184367
6.24461 6.40934 -0.00184367
6.24461 6.40934 -0.00184367
6.13693 5.92437 -0.0143724
6.13693 5.92437 -0.0143724
6.13693 5.92437 -0.0143724
6.13693 5.92437 -0.0143724
6.13693 5.92437 -0.0143724
6.13693 5.92437 -0.0143724
6.22361 6.34991 0.0130136
6.22361 6.34991 0.0130136
6.22361 6.34991 0.0130136
6.22361 6.34991 0.0130136
6.22361 6.34991 0.0130136
6.22361 6.34991 0.0130136
6.32977 5.91994 -0.00132234
6.32977 5.91994 -0.00132234
6.32977 5.91994 -0.00132234
6.32977 5.91994 -0.00132234
6.32977 5.91994 -0.00132234
6.32977 5.91994 -0.00132234
6.32977 5.91994 -0.00132234
6.32871 6.37303 -0.000894532
6.32871 6.37303 -0.000894532
6.32871 6.37303 -0.000894532
6.32871 6.37303 -0.000894532
6.32871 6.37303 -0.000894532
6.32871 6.37303 -0.000894532
6.32871 6.37303 -0.000894532
6.32871 6.37303 -0.000894532
6.32871 6.37303 -0.000894532
6.32871 6.37303 -0.000894532
6.32871 6.37303 -0.000894532
6.47825 6.78482 -0.0133858
6.47825 6.78482 -0.0133858
6.47825 6.78482 -0.0133858
6.47825 6.78482 -0.0133858
6.47825 6.78482 -0.0133858
6.47825 6.78482 -0.0133858
6.47825 6.78482 -0.0133858
6.47825 6.78482 -0.0133858
6.47825 6.78482 -0.0133858
6.47825 6.78482 -0.0133858
6.47825 6.78482 -0.0133858
6.47825 6.78482 -0.0133858
6.47825 6.78482 -0.0133858
6.47825 6.78482 -0.0133858
6.47825 6.78482 -0.0133858
6.47825 6.78482 -0.0133858
6.47825 6.78482 -0.0133858
6.47825 6.78482 -0.0133858
6.47825 6.78482 -0.0133858
6.47825 6.78482 -0.0133858
6.47825 6.78482 -0.0133858
6.47825 6.78482 -0.0133858
6.47825 6.78482 -0.0133858
6.47825 6.78482 -0.0133858
6.47825 6.78482 -0.0133858
6.47825 6.78482 -0.0133858
6.47825 6.78482 -0.0133858
6.47825 6.78482 -0.0133858
6.47825 6.78482 -0.0133858
6.5303 6.12978 0.0137139
6.49986 6.00018 -0.000544752
6.49986 6.00018 -0.000544752
6.49986 6.00018 -0.000544752
6.6601 6.15991 0.0240726
6.6601 6.15991 0.0240726
6.6601 6.15991 0.0240726
6.6601 6.15991 0.0240726
6.6601 6.15991 0.0240726
5.96376 6.60926 -0.00790452
5.96376 6.60926 -0.00790452
5.96376 6.60926 -0.00790452
5.96376 6.60926 -0.00790452
5.96376 6.60926 -0.00790452
5.962 5.64638 -0.0054446
5.962 5.64638 -0.0054446
5.962 5.64638 -0.0054446
6.26007 6.37237 -0.00119795
6.26007 6.37237 -0.00119795
6.26007 6.37237 -0.00119795
6.26007 6.37237 -0.00119795
6.26007 6.37237 -0.00119795
6.47886 6.20478 -0.0023721
6.47886 6.20478 -0.0023721
6.47886 6.20478 -0.0023721
6.47886 6.20478 -0.0023721
6.47886 6.20478 -0.0023721
6.47886 6.20478 -0.0023721
6.47886 6.20478 -0.0023721
6.47886 6.20478 -0.0023721
6.47886 6.20478 -0.0023721
6.52447 6.42752 0.0151316
6.25827 6.46203 0.00124637
6.25827 6.46203 0.00124637
6.25827 6.46203 0.00124637
6.4976 6.31071 0.00798495
6.4976 6.31071 0.00798495
6.4976 6.31071 0.00798495
6.4976 6.31071 0.00798495
6.4976 6.31071 0.00798495
6.4976 6.31071 0.00798495
6.4976 6.31071 0.00798495
6.4976 6.31071 0.00798495
5.70349 6.12698 -0.00341881
5.70349 6.12698 -0.00341881
5.70349 6.12698 -0.00341881
5.70349 6.12698 -0.00341881
5.70349 6.12698 -0.00341881
7.60692 7.90348 0.307528
7.60692 7.90348 0.307528
8.20663 7.5788 0.310159
8.20663 7.5788 0.310159
8.20663 7.5788 0.310159
8.25661 8.4862 0.311693
8.25661 8.4862 0.311693
8.25661 8.4862 0.311693
8.25661 8.4862 0.311693
8.25661 8.4862 0.311693
8.25661 8.4862 0.311693
8.25661 8.4862 0.311693
8.25661 8.4862 0.311693
8.25661 8.4862 0.311693
8.25661 8.4862 0.311693
8.25661 8.4862 0.311693
8.25661 8.4862 0.311693
8.25661 8.4862 0.311693
8.25661 8.4862 0.311693
7.95452 8.09698 0.314056
7.95452 8.09698 0.314056
7.95452 8.09698 0.314056
7.95452 8.09698 0.314056
7.95452 8.09698 0.314056
7.95452 8.09698 0.314056
7.95452 8.09698 0.314056
8.50763 8.10292 0.313029
8.50763 8.10292 0.313029
8.50763 8.10292 0.313029
8.50763 8.10292 0.313029
8.57082 8.13124 0.319847
8.57082 8.13124 0.319847
8.57082 8.13124 0.319847
8.57082 8.13124 0.319847
8.57082 8.13124 0.319847
8.57082 8.13124 0.319847
8.57082 8.13124 0.319847
8.57082 8.13124 0.319847
8.57082 8.13124 0.319847
8.3553 8.61235 0.332766
8.3553 8.61235 0.332766
8.3553 8.61235 0.332766
8.3553 8.61235 0.332766
8.3553 8.61235 0.332766
8.3553 8.61235 0.332766
8.3553 8.61235 0.332766
8.3553 8.61235 0.332766
8.3553 8.61235 0.332766
8.3553 8.61235 0.332766
8.3553 8.61235 0.332766
7.87795 7.91002 0.334248
7.87795 7.91002 0.334248
7.87795 7.91002 0.334248
7.87795 7.91002 0.334248
7.87795 7.91002 0.334248
8.22992 7.98307 0.322612
8.22992 7.98307 0.322612
8.08203 8.07956 0.309188
8.08203 8.07956 0.309188
8.08203 8.07956 0.309188
8.08203 8.07956 0.309188
8.08203 8.07956 0.309188
7.77325 8.37731 0.307591
7.77325 8.37731 0.307591
7.77325 8.37731 0.307591
7.77325 8.37731 0.307591
7.77325 8.37731 0.307591
7.77325 8.37731 0.307591
7.77325 8.37731 0.307591
7.77325 8.37731 0.307591
8.54082 8.46348 0.317293
8.54082 8.46348 0.317293
8.54082 8.46348 0.317293
8.54082 8.46348 0.317293
7.82601 8.28599 0.325014
8.32627 8.51775 0.303094
7.71167 8.21868 0.327119
7.71167 8.21868 0.327119
7.71167 8.21868 0.327119
7.71167 8.21868 0.327119
8.4648 8.29516 0.31262
8.4648 8.29516 0.31262
8.4648 8.29516 0.31262
8.4648 8.29516 0.31262
8.4648 8.29516 0.31262
8.4648 8.29516 0.31262
8.4648 8.29516 0.31262
8.4648 8.29516 0.31262
8.4648 8.29516 0.31262
8.4648 8.29516 0.31262
8.27077 7.8126 0.314295
8.27077 7.8126 0.314295
8.10398 8.24407 0.329076
8.10398 8.24407 0.329076
8.10398 8.24407 0.329076
8.10398 8.24407 0.329076
8.10398 8.24407 0.329076
8.10398 8.24407 0.329076
8.10398 8.24407 0.329076
8.23827 8.27547 0.321434
8.23827 8.27547 0.321434
8.23827 8.27547 0.321434
8.23827 8.27547 0.321434
8.23827 8.27547 0.321434
8.23827 8.27547 0.321434
7.91389 8.60774 0.324503
7.91389 8.60774 0.324503
7.91389 8.60774 0.324503
8.41656 7.77611 0.30751
8.41656 7.77611 0.30751
8.41656 7.77611 0.30751
8.41656 7.77611 0.30751
8.41656 7.77611 0.30751
8.32222 8.27625 0.31556
8.32222 8.27625 0.31556
8.32222 8.27625 0.31556
8.32222 8.27625 0.31556
8.32222 8.27625 0.31556
8.32222 8.27625 0.31556
8.32222 8.27625 0.31556
8.32222 8.27625 0.31556
8.32222 8.27625 0.31556
8.32222 8.27625 0.31556
8.16147 8.05869 0.29915
8.16147 8.05869 0.29915
8.16147 8.05869 0.29915
8.16147 8.05869 0.29915
8.66555 8.0938 0.305344
8.66555 8.0938 0.305344
8.1896 8.09031 0.305946
8.37093 8.30101 0.323768
8.37093 8.30101 0.323768
8.37093 8.30101 0.323768
8.37093 8.30101 0.323768
8.37093 8.30101 0.323768
8.37093 8.30101 0.323768
8.37093 8.30101 0.323768
8.37093 8.30101 0.323768
8.37093 8.30101 0.323768
8.37093 8.30101 0.323768
8.37093 8.30101 0.323768
8.37093 8.30101 0.323768
8.37093 8.30101 0.323768
8.41492 8.2203 0.309044
8.36415 8.01276 0.313449
8.36415 8.01276 0.313449
8.36415 8.01276 0.313449
8.03384 7.94093 0.316265
8.03384 7.94093 0.316265
8.03384 7.94093 0.316265
8.03384 7.94093 0.316265
8.03384 7.94093 0.316265
8.03384 7.94093 0.316265
8.03384 7.94093 0.316265
8.03384 7.94093 0.316265
8.03384 7.94093 0.316265
8.03384 7.94093 0.316265
8.03384 7.94093 0.316265
8.03384 7.94093 0.316265
8.03384 7.94093 0.316265
8.03384 7.94093 0.316265
8.03384 7.94093 0.316265
8.49774 7.83682 0.320647
8.49774 7.83682 0.320647
8.49774 7.83682 0.320647
8.49774 7.83682 0.320647
8.49774 7.83682 0.320647
7.55824 8.22834 0.324472
7.55824 8.22834 0.324472
7.55824 8.22834 0.324472
7.8694 8.08275 0.307634
7.8694 8.08275 0.307634
7.8694 8.08275 0.307634
7.8694 8.08275 0.307634
7.8694 8.08275 0.307634
7.8694 8.08275 0.307634
7.8694 8.08275 0.307634
7.8694 8.08275 0.307634
8.46054 8.16472 0.308227
8.57344 8.16754 0.301609
8.57344 8.16754 0.301609
8.34228 8.26376 0.319331
8.34228 8.26376 0.319331
8.34228 8.26376 0.319331
8.34228 8.26376 0.319331
8.34228 8.26376 0.319331
8.34228 8.26376 0.319331
8.34228 8.26376 0.319331
8.34228 8.26376 0.319331
8.34228 8.26376 0.319331
8.34228 8.26376 0.319331
8.05618 8.10506 0.309302
10.7249 9.56336 0.30243
8.94621 9.90024 0.322124
8.94621 9.90024 0.322124
9.38881 9.17213 0.295933
9.38881 9.17213 0.295933
9.38881 9.17213 0.295933
9.38881 9.17213 0.295933
9.38881 9.17213 0.295933
9.38881 9.17213 0.295933
9.0105 9.64747 0.317239
9.84941 9.64694 0.324721
9.84941 9.64694 0.324721
9.84941 9.64694 0.324721
9.86222 9.4489 0.311661
9.86222 9.4489 0.311661
9.86222 9.4489 0.311661
9.86222 9.4489 0.311661
9.50681 9.85878 0.310414
9.50681 9.85878 0.310414
9.50681 9.85878 0.310414
9.50681 9.85878 0.310414
6.53646 6.57196 0.302897
6.61976 7.03175 0.312289
6.61976 7.03175 0.312289
6.61976 7.03175 0.312289
6.61976 7.03175 0.312289
6.51969 6.76272 0.314942
6.85376 6.77443 0.285785
6.85376 6.77443 0.285785
6.91969 6.87094 0.317074
6.91969 6.87094 0.317074
6.91969 6.87094 0.317074
7.0405 6.51761 0.307078
7.0405 6.51761 0.307078
7.0405 6.51761 0.307078
7.0405 6.51761 0.307078
7.0405 6.51761 0.307078
7.0405 6.51761 0.307078
7.0405 6.51761 0.307078
7.77893 7.62532 0.32284
7.4027 7.61176 0.297244
7.74524 7.6447 0.321816
7.74524 7.6447 0.321816
7.75706 8.00077 0.319578
7.75706 8.00077 0.319578
7.46506 7.21528 0.318494
7.46506 7.21528 0.318494
7.46506 7.21528 0.318494
7.46506 7.21528 0.318494
7.46506 7.21528 0.318494
7.46506 7.21528 0.318494
7.46506 7.21528 0.318494
7.46506 7.21528 0.318494
7.81021 7.47883 0.319952
7.81021 7.47883 0.319952
7.81021 7.47883 0.319952
8.08333 7.28252 0.328331
8.08333 7.28252 0.328331
8.08333 7.28252 0.328331
7.75139 7.56064 0.315086
7.75139 7.56064 0.315086
8.02452 8.09609 0.32379
8.02452 8.09609 0.32379
8.02452 8.09609 0.32379
8.02452 8.09609 0.32379
8.02452 8.09609 0.32379
8.02452 8.09609 0.32379
8.02452 8.09609 0.32379
8.02452 8.09609 0.32379
8.02452 8.09609 0.32379
8.02452 8.09609 0.32379
8.03094 7.49939 0.329751
8.03094 7.49939 0.329751
8.03094 7.49939 0.329751
7.94065 7.79975 0.316346
7.94065 7.79975 0.316346
7.44022 7.746 0.294314
7.60679 7.84639 0.306453
7.60679 7.84639 0.306453
7.60679 7.84639 0.306453
7.54668 7.55998 0.313255
7.54668 7.55998 0.313255
7.54668 7.55998 0.313255
7.81748 8.27776 0.318209
7.81748 8.27776 0.318209
7.81748 8.27776 0.318209
7.81748 8.27776 0.318209
7.8736 7.17217 0.326935
7.8736 7.17217 0.326935
7.8736 7.17217 0.326935
7.8736 7.17217 0.326935
7.45027 7.99062 0.303477
7.45027 7.99062 0.303477
7.45027 7.99062 0.303477
7.45027 7.99062 0.303477
7.67803 7.93511 0.324606
7.67803 7.93511 0.324606
7.67803 7.93511 0.324606
7.67803 7.93511 0.324606
7.67803 7.93511 0.324606
10.1506 10.315 0.297157
10.1506 10.315 0.297157
10.1278 10.0854 0.307903
10.1278 10.0854 0.307903
10.1278 10.0854 0.307903
10.1278 10.0854 0.307903
10.1278 10.0854 0.307903
10.4849 11.1556 0.282015
10.6526 10.2551 0.309148
10.6526 10.2551 0.309148
10.3472 10.5134 0.286051
10.7396 10.9664 0.302289
11.1422 10.8455 0.301831
11.1422 10.8455 0.301831
11.1422 10.8455 0.301831
11.1422 10.8455 0.301831
11.1422 10.8455 0.301831
11.1422 10.8455 0.301831
11.3238 10.7283 0.289929
11.3238 10.7283 0.289929
11.3238 10.7283 0.289929
10.3345 10.4727 0.30445
10.3345 10.4727 0.30445
11.0183 10.6411 0.298814
11.0183 10.6411 0.298814
11.0183 10.6411 0.298814
11.0183 10.6411 0.298814
11.0183 10.6411 0.298814
10.2227 10.5161 0.307702
10.2227 10.5161 0.307702
11.0675 10.459 0.309198
11.2898 10.0969 0.312493
11.2898 10.0969 0.312493
10.5136 10.8026 0.292835
10.5136 10.8026 0.292835
10.4246 10.4015 0.320515
10.0644 10.708 0.302189
10.3619 10.4888 0.304172
10.3619 10.4888 0.304172
10.3619 10.4888 0.304172
10.3619 10.4888 0.304172
10.3619 10.4888 0.304172
10.7755 11.0035 0.296355
11.0111 10.108 0.304014
6.24282 6.11591 8.88965e-05
6.24282 6.11591 8.88965e-05
6.24282 6.11591 8.88965e-05
6.24282 6.11591 8.88965e-05
6.27663 6.0176 0.00364776
6.27663 6.0176 0.00364776
9.70441 9.14256 0.327712
11.3387 10.7606 0.296188
11.3387 10.7606 0.296188
11.3387 10.7606 0.296188
11.3387 10.7606 0.296188
11.3387 10.7606 0.296188
10.846 10.3866 0.303414
10.846 10.3866 0.303414
11.8643 11.8685 0.314692
11.8643 11.8685 0.314692
11.8643 11.8685 0.314692
11.8643 11.8685 0.314692
11.8643 11.8685 0.314692
11.8643 11.8685 0.314692
11.6943 11.7388 0.329143
11.5173 11.9487 0.318941
11.5173 11.9487 0.318941
11.2285 11.5641 0.290765
11.7161 12.0186 0.313371
11.7161 12.0186 0.313371
11.7161 12.0186 0.313371
11.7161 12.0186 0.313371
11.7161 12.0186 0.313371
11.7161 12.0186 0.313371
12.19 11.6726 0.325953
12.19 11.6726 0.325953
12.2622 11.9132 0.328003
12.2622 11.9132 0.328003
11.6268 11.7406 0.325176
11.6268 11.7406 0.325176
11.6265 11.903 0.324631
11.2843 12.0615 0.32653
11.4781 11.901 0.316965
11.4781 11.901 0.316965
11.4781 11.901 0.316965
11.8294 12.154 0.321966
11.9395 11.5388 0.329196
12.0349 11.8811 0.331071
11.4838 11.8887 0.331409
12.2674 11.325 0.325566
12.2674 11.325 0.325566
12.0201 11.5214 0.320991
12.0201 11.5214 0.320991
12.0201 11.5214 0.320991
12.0201 11.5214 0.320991
12.0201 11.5214 0.320991
12.0201 11.5214 0.320991
12.0201 11.5214 0.320991
11.1142 11.513 0.330196
11.1142 11.513 0.330196
12.0323 12.3582 0.334659
12.0323 12.3582 0.334659
11.9697 12.5222 0.315795
11.9697 12.5222 0.315795
11.9697 12.5222 0.315795
12.2143 11.8396 0.317116
12.2143 11.8396 0.317116
12.2143 11.8396 0.317116
12.2143 11.8396 0.317116
12.2143 11.8396 0.317116
12.0233 12.1815 0.306303
12.3806 11.5431 0.333517
12.3806 11.5431 0.333517
12.3806 11.5431 0.333517
12.3806 11.5431 0.333517
12.3806 11.5431 0.333517
12.3806 11.5431 0.333517
12.3806 11.5431 0.333517
11.8813 11.7769 0.317693
11.3877 11.8491 0.31711
11.3877 11.8491 0.31711
11.3877 11.8491 0.31711
11.9422 11.0969 0.31802
11.9422 11.0969 0.31802
11.9422 11.0969 0.31802
12.3511 12.0062 0.308428
11.0123 11.7824 0.31875
11.0123 11.7824 0.31875
11.708 11.6221 0.321536
11.5606 12.3944 0.309118
11.8839 11.981 0.31851
11.8839 11.981 0.31851
11.8839 11.981 0.31851
11.3597 11.8577 0.311736
11.3597 11.8577 0.311736
11.3597 11.8577 0.311736
11.3597 11.8577 0.311736
11.3597 11.8577 0.311736
11.6668 11.6859 0.309371
11.6668 11.6859 0.309371
11.6668 11.6859 0.309371
11.1002 11.8565 0.31513
12.1656 11.4201 0.316924
11.4554 11.6988 0.314776
11.4554 11.6988 0.314776
11.4554 11.6988 0.314776
12.2675 12.2294 0.321123
12.147 12.1761 0.326686
12.147 12.1761 0.326686
11.7327 11.64 0.333648
11.7327 11.64 0.333648
11.8258 11.6165 0.299195
12.0131 12.3857 0.319949
12.3477 11.9349 0.318772
12.3477 11.9349 0.318772
11.9279 11.8302 0.318433
12.4382 11.6715 0.320438
12.4382 11.6715 0.320438
12.4382 11.6715 0.320438
12.4382 11.6715 0.320438
12.4382 11.6715 0.320438
12.4382 11.6715 0.320438
11.5158 11.7092 0.319384
11.5158 11.7092 0.319384
11.5158 11.7092 0.319384
11.629 12.0297 0.323366
11.16 11.4138 0.316632
11.16 11.4138 0.316632
11.16 11.4138 0.316632
11.16 11.4138 0.316632
11.3549 11.9278 0.338594
11.3549 11.9278 0.338594
11.3549 11.9278 0.338594
12.1249 12.4399 0.305836
12.1249 12.4399 0.305836
12.1249 12.4399 0.305836
12.1249 12.4399 0.305836
12.1249 12.4399 0.305836
11.7223 11.8878 0.316073
11.7223 11.8878 0.316073
11.7223 11.8878 0.316073
11.8554 11.5586 0.319719
11.8554 11.5586 0.319719
11.8554 11.5586 0.319719
11.8554 11.5586 0.319719
11.8554 11.5586 0.319719
11.8554 11.5586 0.319719
11.8554 11.5586 0.319719
11.8554 11.5586 0.319719
11.8554 11.5586 0.319719
11.7056 11.2547 0.315085
12.071 12.0713 0.326985
12.071 12.0713 0.326985
12.2373 12.3063 0.326822
11.8442 11.7461 0.32755
11.4892 12.6032 0.312931
11.4892 12.6032 0.312931
11.4892 12.6032 0.312931
11.4892 12.6032 0.312931
11.0126 12.5313 0.304468
