11.3528 11.3776 0.301853
12.5589 12.9879 0.298442
8.21252 8.69956 0.305264
13.3629 12.4514 0.310199
14.6695 15.0063 0.289435
7.61602 7.31827 0.33375
15.5423 14.4526 0.304441
6.36729 6.45741 -0.0145954
16.885 17.6768 0.27464
18.703 19.4653 0.266186
16.5589 16.1939 0.25512
8.21252 8.69956 0.305264
10.4471 10.2579 0.299328
20.1426 19.3809 0.268697
12.8991 13.2541 0.307206
8.23784 8.08172 0.290084
16.2703 15.1806 0.315475
18.1515 17.9624 0.279661
9.27978 8.51811 0.309053
10.5339 11.1495 0.291346
12.8415 12.6464 0.310326
10.0909 10.4673 0.30566
19.0045 19.2179 0.253847
7.94892 8.07917 0.327881
16.5589 16.1939 0.25512
10.4728 10.266 0.299113
6.93656 6.81633 0.301809
6.29217 6.34845 0.315809
10.5475 9.76646 0.300236
7.94892 8.07917 0.327881
6.63728 6.66439 0.29874
12.8415 12.6464 0.310326
9.5903 10.0193 0.311043
15.5643 15.9557 0.307769
10.6226 11.0535 0.309078
10.8235 10.8798 0.310114
6.41059 6.44927 0.336636
17.7906 17.441 0.271897
10.1126 10.2139 0.294161
17.4042 17.8942 0.284772
10.7197 10.6194 0.333591
6.41059 6.44927 0.336636
18.3531 18.197 0.256902
10.385 10.1523 0.301174
9.27978 8.51811 0.309053
15.8208 16.3301 0.271449
16.0316 15.5915 0.263236
13.3332 13.3111 0.296966
10.4961 11.0369 0.316036
6.4195 6.29928 0.00329886
11.6223 11.5449 0.301446
8.21252 8.69956 0.305264
10.1126 10.2139 0.294161
11.3271 11.9821 0.313649
14.941 14.8684 0.280453
9.27978 8.51811 0.309053
9.75382 8.97282 0.30782
8.47849 8.40586 0.311079
13.3629 12.4514 0.310199
8.73661 9.07348 0.303305
15.4307 15.3532 0.287936
6.26867 7.09974 0.304316
19.538 19.3789 0.300916
9.38817 9.19904 0.313763
19.8906 19.8473 0.273963
6.20232 6.25496 0.313444
9.75382 8.97282 0.30782
8.47849 8.40586 0.311079
9.38817 9.19904 0.313763
10.1126 10.2139 0.294161
15.8112 16.2818 0.307003
18.941 18.5253 0.25051
13.6886 13.6452 0.286268
8.04784 7.85237 0.332648
12.0146 11.8944 0.322536
6.29217 6.34845 0.315809
11.6549 11.3581 0.309689
11.479 11.7586 0.297703
14.8413 15.6037 0.296388
19.0193 18.8674 0.268902
7.7201 7.56812 0.329119
11.3528 11.3776 0.301853
16.9715 17.4586 0.260229
17.4042 17.8942 0.284772
11.6142 11.2764 0.318521
10.1126 10.2139 0.294161
18.37 17.6394 0.285092
14.702 14.4692 0.277212
14.5283 15.148 0.289585
10.6001 10.8645 0.309277
18.1977 17.8999 0.290784
7.76867 7.80736 0.344634
16.3396 16.1068 0.266451
6.41392 6.84292 0.31191
11.5746 11.6133 0.324316
11.4454 11.648 0.316461
11.3862 11.522 0.303288
8.04784 7.85237 0.332648
8.78117 8.44332 0.333806
18.1285 18.1533 0.279205
7.74255 7.65081 0.331998
7.74255 7.65081 0.331998
7.74255 7.65081 0.331998
7.74255 7.65081 0.331998
9.17053 9.76921 0.301489
9.17053 9.76921 0.301489
9.74014 9.39062 0.302006
9.74014 9.39062 0.302006
9.74014 9.39062 0.302006
9.74014 9.39062 0.302006
9.74014 9.39062 0.302006
9.74014 9.39062 0.302006
9.74014 9.39062 0.302006
9.74014 9.39062 0.302006
9.74014 9.39062 0.302006
9.74014 9.39062 0.302006
9.74014 9.39062 0.302006
9.19459 8.89778 0.294976
9.19459 8.89778 0.294976
9.19459 8.89778 0.294976
9.19459 8.89778 0.294976
9.19459 8.89778 0.294976
9.19459 8.89778 0.294976
9.19459 8.89778 0.294976
9.19459 8.89778 0.294976
9.19459 8.89778 0.294976
9.19459 8.89778 0.294976
9.54707 9.37244 0.310013
9.54707 9.37244 0.310013
9.54707 9.37244 0.310013
9.54707 9.37244 0.310013
9.54707 9.37244 0.310013
9.54707 9.37244 0.310013
9.54707 9.37244 0.310013
9.54707 9.37244 0.310013
9.41646 9.39438 0.306127
9.41646 9.39438 0.306127
9.41646 9.39438 0.306127
9.6557 9.67395 0.297438
9.6557 9.67395 0.297438
9.73601 9.5409 0.311832
9.73601 9.5409 0.311832
12.4921 12.7056 0.292599
12.4921 12.7056 0.292599
12.4921 12.7056 0.292599
12.2014 11.6805 0.295623
12.2014 11.6805 0.295623
12.2138 12.4782 0.301504
12.2138 12.4782 0.301504
12.2138 12.4782 0.301504
12.2138 12.4782 0.301504
12.2138 12.4782 0.301504
12.2138 12.4782 0.301504
12.2138 12.4782 0.301504
12.2138 12.4782 0.301504
12.2138 12.4782 0.301504
12.2138 12.4782 0.301504
12.2138 12.4782 0.301504
12.2138 12.4782 0.301504
12.2138 12.4782 0.301504
12.2138 12.4782 0.301504
12.1906 12.953 0.304938
12.8172 12.6494 0.291375
12.8172 12.6494 0.291375
12.8172 12.6494 0.291375
12.8172 12.6494 0.291375
12.0514 12.448 0.312761
12.0514 12.448 0.312761
12.0514 12.448 0.312761
12.4878 12.8247 0.301772
12.4878 12.8247 0.301772
12.4878 12.8247 0.301772
12.8128 12.6173 0.316628
12.8128 12.6173 0.316628
12.7612 12.7794 0.295932
12.7612 12.7794 0.295932
12.7612 12.7794 0.295932
12.7612 12.7794 0.295932
12.7612 12.7794 0.295932
12.7612 12.7794 0.295932
13.0836 12.4456 0.303777
13.0836 12.4456 0.303777
13.0836 12.4456 0.303777
13.0836 12.4456 0.303777
13.0836 12.4456 0.303777
13.0836 12.4456 0.303777
13.0836 12.4456 0.303777
12.3338 12.3586 0.300706
12.3338 12.3586 0.300706
12.3338 12.3586 0.300706
12.3338 12.3586 0.300706
12.3338 12.3586 0.300706
12.1098 12.6506 0.308262
12.1098 12.6506 0.308262
12.1098 12.6506 0.308262
12.2709 12.7575 0.293461
12.2709 12.7575 0.293461
12.2709 12.7575 0.293461
12.8415 12.6464 0.310326
12.8415 12.6464 0.310326
8.63951 8.82165 0.312297
8.63951 8.82165 0.312297
8.63951 8.82165 0.312297
8.63951 8.82165 0.312297
8.63951 8.82165 0.312297
8.63951 8.82165 0.312297
8.63951 8.82165 0.312297
8.53047 8.61274 0.345006
8.67788 8.896 0.331115
8.67788 8.896 0.331115
8.67788 8.896 0.331115
8.67788 8.896 0.331115
8.67788 8.896 0.331115
8.67788 8.896 0.331115
8.67788 8.896 0.331115
8.67788 8.896 0.331115
8.67788 8.896 0.331115
8.67788 8.896 0.331115
8.67788 8.896 0.331115
8.48871 8.27333 0.322815
9.0061 9.02384 0.311551
9.0061 9.02384 0.311551
9.0061 9.02384 0.311551
9.0061 9.02384 0.311551
9.0061 9.02384 0.311551
8.72728 8.95948 0.316439
8.72728 8.95948 0.316439
8.72728 8.95948 0.316439
8.72728 8.95948 0.316439
8.72728 8.95948 0.316439
9.11569 9.17644 0.330871
9.11569 9.17644 0.330871
9.11569 9.17644 0.330871
8.75933 9.02609 0.324867
8.75933 9.02609 0.324867
8.75933 9.02609 0.324867
8.75933 9.02609 0.324867
8.75933 9.02609 0.324867
8.75933 9.02609 0.324867
8.59129 8.40591 0.327063
8.59129 8.40591 0.327063
8.59129 8.40591 0.327063
8.59129 8.40591 0.327063
8.59129 8.40591 0.327063
8.59129 8.40591 0.327063
8.59129 8.40591 0.327063
8.59129 8.40591 0.327063
8.59129 8.40591 0.327063
8.59129 8.40591 0.327063
9.33999 8.13645 0.300943
9.33999 8.13645 0.300943
8.65263 8.64907 0.31035
8.65263 8.64907 0.31035
8.65263 8.64907 0.31035
8.65263 8.64907 0.31035
8.65263 8.64907 0.31035
8.65263 8.64907 0.31035
8.65263 8.64907 0.31035
9.18221 8.76517 0.31169
9.18221 8.76517 0.31169
9.18221 8.76517 0.31169
8.4235 8.70448 0.316291
8.4235 8.70448 0.316291
8.50374 8.85266 0.313415
8.50374 8.85266 0.313415
8.50374 8.85266 0.313415
8.50374 8.85266 0.313415
8.62694 8.82792 0.334723
8.62694 8.82792 0.334723
8.62694 8.82792 0.334723
8.62694 8.82792 0.334723
8.62694 8.82792 0.334723
8.47409 8.4462 0.311746
8.47409 8.4462 0.311746
8.47409 8.4462 0.311746
8.47409 8.4462 0.311746
8.47409 8.4462 0.311746
8.47409 8.4462 0.311746
8.47409 8.4462 0.311746
8.47409 8.4462 0.311746
8.84108 8.6536 0.320073
8.84108 8.6536 0.320073
8.84108 8.6536 0.320073
8.84108 8.6536 0.320073
8.84108 8.6536 0.320073
8.84108 8.6536 0.320073
8.84108 8.6536 0.320073
8.84108 8.6536 0.320073
8.84108 8.6536 0.320073
8.84108 8.6536 0.320073
8.84108 8.6536 0.320073
8.84108 8.6536 0.320073
8.84108 8.6536 0.320073
8.84108 8.6536 0.320073
8.84108 8.6536 0.320073
8.84108 8.6536 0.320073
8.42844 8.92003 0.335593
8.42844 8.92003 0.335593
8.42844 8.92003 0.335593
8.42844 8.92003 0.335593
8.42844 8.92003 0.335593
8.42844 8.92003 0.335593
8.42844 8.92003 0.335593
8.42844 8.92003 0.335593
8.42844 8.92003 0.335593
8.42844 8.92003 0.335593
8.63773 8.66236 0.325189
8.63773 8.66236 0.325189
8.63773 8.66236 0.325189
8.63773 8.66236 0.325189
8.63773 8.66236 0.325189
8.59619 8.74364 0.31138
9.04125 8.91165 0.308192
9.04125 8.91165 0.308192
9.04125 8.91165 0.308192
9.04125 8.91165 0.308192
8.48569 8.53516 0.305984
8.92636 9.33038 0.307976
8.92636 9.33038 0.307976
8.92636 9.33038 0.307976
8.92636 9.33038 0.307976
8.62597 8.82046 0.330321
8.62597 8.82046 0.330321
8.62597 8.82046 0.330321
8.62597 8.82046 0.330321
8.62597 8.82046 0.330321
8.62597 8.82046 0.330321
8.83216 8.44797 0.338294
8.83216 8.44797 0.338294
8.83216 8.44797 0.338294
8.83216 8.44797 0.338294
8.83216 8.44797 0.338294
8.83216 8.44797 0.338294
8.63102 8.32843 0.326818
8.63102 8.32843 0.326818
8.63102 8.32843 0.326818
8.63102 8.32843 0.326818
8.63102 8.32843 0.326818
8.63102 8.32843 0.326818
8.63102 8.32843 0.326818
8.95732 8.75546 0.338357
8.95732 8.75546 0.338357
8.95732 8.75546 0.338357
8.95732 8.75546 0.338357
8.8402 8.04068 0.315008
8.8402 8.04068 0.315008
8.8402 8.04068 0.315008
8.8402 8.04068 0.315008
8.8402 8.04068 0.315008
8.65373 8.81367 0.327886
8.37028 8.47864 0.32141
8.37028 8.47864 0.32141
8.37028 8.47864 0.32141
8.67535 8.15763 0.312374
8.67535 8.15763 0.312374
8.67535 8.15763 0.312374
8.67535 8.15763 0.312374
8.47839 8.34331 0.320678
8.47839 8.34331 0.320678
8.47839 8.34331 0.320678
8.47839 8.34331 0.320678
8.47839 8.34331 0.320678
8.47839 8.34331 0.320678
8.47839 8.34331 0.320678
8.47839 8.34331 0.320678
8.71659 8.73902 0.312744
8.71659 8.73902 0.312744
8.71659 8.73902 0.312744
8.71659 8.73902 0.312744
8.71659 8.73902 0.312744
7.45978 7.91198 0.31819
8.15872 7.56851 0.307496
8.15872 7.56851 0.307496
8.15872 7.56851 0.307496
8.15872 7.56851 0.307496
8.15872 7.56851 0.307496
8.15872 7.56851 0.307496
8.15872 7.56851 0.307496
8.15872 7.56851 0.307496
8.15872 7.56851 0.307496
8.15872 7.56851 0.307496
8.15872 7.56851 0.307496
8.15872 7.56851 0.307496
8.15872 7.56851 0.307496
8.15872 7.56851 0.307496
8.15872 7.56851 0.307496
7.68565 7.31001 0.344736
7.68565 7.31001 0.344736
7.68565 7.31001 0.344736
7.68565 7.31001 0.344736
7.68565 7.31001 0.344736
7.68565 7.31001 0.344736
7.80937 7.90145 0.325898
7.80937 7.90145 0.325898
7.80937 7.90145 0.325898
7.80937 7.90145 0.325898
7.80937 7.90145 0.325898
7.80937 7.90145 0.325898
7.48277 7.75609 0.318136
7.48277 7.75609 0.318136
7.59676 8.16911 0.337345
7.59676 8.16911 0.337345
7.59676 8.16911 0.337345
7.59676 8.16911 0.337345
7.59676 8.16911 0.337345
8.10509 7.16549 0.31071
8.10509 7.16549 0.31071
8.10509 7.16549 0.31071
8.10509 7.16549 0.31071
8.10509 7.16549 0.31071
8.10509 7.16549 0.31071
7.64552 8.09755 0.326183
7.64552 8.09755 0.326183
7.64552 8.09755 0.326183
7.64552 8.09755 0.326183
7.64552 8.09755 0.326183
7.63435 7.07715 0.322706
7.63435 7.07715 0.322706
7.63435 7.07715 0.322706
7.63435 7.07715 0.322706
7.63435 7.07715 0.322706
7.63435 7.07715 0.322706
7.63435 7.07715 0.322706
7.63435 7.07715 0.322706
7.63435 7.07715 0.322706
7.63435 7.07715 0.322706
7.63435 7.07715 0.322706
7.63435 7.07715 0.322706
7.63435 7.07715 0.322706
7.63435 7.07715 0.322706
7.63435 7.07715 0.322706
7.63435 7.07715 0.322706
7.63435 7.07715 0.322706
7.63435 7.07715 0.322706
7.64212 7.36408 0.332993
7.64212 7.36408 0.332993
7.64212 7.36408 0.332993
7.64212 7.36408 0.332993
7.64212 7.36408 0.332993
7.64212 7.36408 0.332993
7.64212 7.36408 0.332993
7.3981 7.9123 0.331267
7.3981 7.9123 0.331267
7.32942 6.88363 0.336336
7.32942 6.88363 0.336336
7.32942 6.88363 0.336336
7.32942 6.88363 0.336336
7.28109 7.65686 0.322055
7.28109 7.65686 0.322055
7.28109 7.65686 0.322055
7.28109 7.65686 0.322055
7.28109 7.65686 0.322055
7.28109 7.65686 0.322055
7.28109 7.65686 0.322055
8.25009 8.11258 0.305481
8.25009 8.11258 0.305481
8.25009 8.11258 0.305481
8.25009 8.11258 0.305481
7.82355 7.14185 0.307498
7.82355 7.14185 0.307498
7.82355 7.14185 0.307498
7.82355 7.14185 0.307498
7.82355 7.14185 0.307498
7.82355 7.14185 0.307498
7.64795 7.74941 0.321507
7.67253 7.19371 0.325974
7.67253 7.19371 0.325974
7.98024 7.88602 0.335936
7.45588 7.86581 0.314798
7.45588 7.86581 0.314798
7.45588 7.86581 0.314798
7.45588 7.86581 0.314798
7.45588 7.86581 0.314798
7.45588 7.86581 0.314798
7.45588 7.86581 0.314798
7.45588 7.86581 0.314798
7.45588 7.86581 0.314798
7.45588 7.86581 0.314798
7.35712 7.63798 0.32805
7.35712 7.63798 0.32805
7.35712 7.63798 0.32805
7.35712 7.63798 0.32805
7.37596 7.69144 0.330357
7.46073 7.8971 0.315552
7.46073 7.8971 0.315552
7.46073 7.8971 0.315552
7.46073 7.8971 0.315552
7.46073 7.8971 0.315552
7.46073 7.8971 0.315552
7.46073 7.8971 0.315552
7.46073 7.8971 0.315552
7.46073 7.8971 0.315552
7.64252 7.60417 0.304291
7.64252 7.60417 0.304291
7.64252 7.60417 0.304291
7.64252 7.60417 0.304291
7.52644 7.65565 0.34968
7.52644 7.65565 0.34968
7.52644 7.65565 0.34968
7.52644 7.65565 0.34968
7.52644 7.65565 0.34968
7.52644 7.65565 0.34968
7.52644 7.65565 0.34968
7.28441 7.27709 0.32919
7.28441 7.27709 0.32919
7.28441 7.27709 0.32919
7.28441 7.27709 0.32919
7.28441 7.27709 0.32919
7.66515 7.27448 0.332185
7.66515 7.27448 0.332185
7.66515 7.27448 0.332185
7.66515 7.27448 0.332185
7.66515 7.27448 0.332185
7.66515 7.27448 0.332185
7.66515 7.27448 0.332185
7.66515 7.27448 0.332185
7.66515 7.27448 0.332185
7.66515 7.27448 0.332185
7.45621 7.98932 0.312827
7.45621 7.98932 0.312827
7.45621 7.98932 0.312827
7.45621 7.98932 0.312827
7.45621 7.98932 0.312827
7.45621 7.98932 0.312827
7.45621 7.98932 0.312827
7.62746 7.71132 0.312177
7.62746 7.71132 0.312177
7.62746 7.71132 0.312177
7.62746 7.71132 0.312177
7.49376 7.4105 0.328833
7.49376 7.4105 0.328833
7.49376 7.4105 0.328833
7.49376 7.4105 0.328833
7.7125 8.25368 0.320749
7.7125 8.25368 0.320749
7.7125 8.25368 0.320749
7.7125 8.25368 0.320749
8.0281 7.76628 0.32874
8.0281 7.76628 0.32874
8.0281 7.76628 0.32874
8.0281 7.76628 0.32874
8.0281 7.76628 0.32874
8.0281 7.76628 0.32874
8.0281 7.76628 0.32874
8.0281 7.76628 0.32874
8.0281 7.76628 0.32874
8.0281 7.76628 0.32874
8.0281 7.76628 0.32874
7.70994 8.10819 0.319228
7.70994 8.10819 0.319228
7.70994 8.10819 0.319228
7.5951 7.99623 0.316781
7.5951 7.99623 0.316781
7.5951 7.99623 0.316781
7.5951 7.99623 0.316781
7.5951 7.99623 0.316781
7.5951 7.99623 0.316781
7.5951 7.99623 0.316781
7.5951 7.99623 0.316781
7.5951 7.99623 0.316781
7.5951 7.99623 0.316781
7.5951 7.99623 0.316781
7.98629 7.57036 0.335574
7.98629 7.57036 0.335574
7.98629 7.57036 0.335574
7.98629 7.57036 0.335574
7.98629 7.57036 0.335574
7.98629 7.57036 0.335574
7.98629 7.57036 0.335574
7.98629 7.57036 0.335574
7.63684 7.82615 0.326189
7.63684 7.82615 0.326189
7.63684 7.82615 0.326189
7.63684 7.82615 0.326189
7.63684 7.82615 0.326189
7.67647 8.07271 0.313616
7.67647 8.07271 0.313616
7.51158 7.94734 0.323634
7.51158 7.94734 0.323634
7.51158 7.94734 0.323634
7.51158 7.94734 0.323634
7.51158 7.94734 0.323634
7.56859 7.82066 0.335623
7.56859 7.82066 0.335623
7.56859 7.82066 0.335623
7.56859 7.82066 0.335623
7.56859 7.82066 0.335623
7.56859 7.82066 0.335623
7.57104 7.65094 0.315304
7.57104 7.65094 0.315304
7.57104 7.65094 0.315304
7.57104 7.65094 0.315304
7.57104 7.65094 0.315304
8.30121 7.31043 0.333767
8.30121 7.31043 0.333767
8.30121 7.31043 0.333767
7.8706 7.95346 0.31491
7.8706 7.95346 0.31491
7.8706 7.95346 0.31491
7.8706 7.95346 0.31491
7.8706 7.95346 0.31491
7.8706 7.95346 0.31491
7.69992 7.95154 0.34798
7.69992 7.95154 0.34798
7.69992 7.95154 0.34798
7.69992 7.95154 0.34798
7.69992 7.95154 0.34798
7.69992 7.95154 0.34798
7.69992 7.95154 0.34798
7.69992 7.95154 0.34798
7.61688 7.77501 0.333913
7.61688 7.77501 0.333913
7.78025 7.55476 0.333367
7.78025 7.55476 0.333367
7.78025 7.55476 0.333367
7.78025 7.55476 0.333367
7.59235 7.7239 0.32149
7.59235 7.7239 0.32149
7.59235 7.7239 0.32149
7.59235 7.7239 0.32149
7.59235 7.7239 0.32149
7.68332 7.68805 0.344064
7.68332 7.68805 0.344064
7.68332 7.68805 0.344064
7.68332 7.68805 0.344064
7.68332 7.68805 0.344064
7.68332 7.68805 0.344064
7.68332 7.68805 0.344064
7.68332 7.68805 0.344064
7.68332 7.68805 0.344064
7.68332 7.68805 0.344064
7.68332 7.68805 0.344064
7.68332 7.68805 0.344064
7.68332 7.68805 0.344064
7.68332 7.68805 0.344064
7.68332 7.68805 0.344064
7.68332 7.68805 0.344064
7.68332 7.68805 0.344064
7.68332 7.68805 0.344064
7.68332 7.68805 0.344064
7.55705 7.33352 0.316043
7.55705 7.33352 0.316043
7.55705 7.33352 0.316043
7.35647 7.65427 0.339387
7.79994 7.75448 0.331759
7.79994 7.75448 0.331759
7.29535 7.85263 0.334367
7.29535 7.85263 0.334367
8.06533 7.41375 0.319281
8.06533 7.41375 0.319281
8.06533 7.41375 0.319281
8.06533 7.41375 0.319281
8.06533 7.41375 0.319281
8.06533 7.41375 0.319281
8.06533 7.41375 0.319281
8.06533 7.41375 0.319281
8.06533 7.41375 0.319281
8.06533 7.41375 0.319281
8.06533 7.41375 0.319281
8.06533 7.41375 0.319281
8.06533 7.41375 0.319281
8.06533 7.41375 0.319281
8.06533 7.41375 0.319281
8.06533 7.41375 0.319281
7.6194 7.86432 0.322739
7.6194 7.86432 0.322739
7.6194 7.86432 0.322739
7.6194 7.86432 0.322739
8.22007 7.23175 0.333329
8.22007 7.23175 0.333329
8.22007 7.23175 0.333329
8.22007 7.23175 0.333329
8.22007 7.23175 0.333329
8.22007 7.23175 0.333329
8.22007 7.23175 0.333329
8.22007 7.23175 0.333329
8.22007 7.23175 0.333329
7.40627 7.21728 0.331174
7.40627 7.21728 0.331174
7.40627 7.21728 0.331174
7.40627 7.21728 0.331174
7.40627 7.21728 0.331174
8.0553 7.28063 0.315426
8.0553 7.28063 0.315426
8.0553 7.28063 0.315426
8.0553 7.28063 0.315426
8.0553 7.28063 0.315426
8.0553 7.28063 0.315426
8.0553 7.28063 0.315426
8.0553 7.28063 0.315426
7.71075 8.05093 0.323053
7.71075 8.05093 0.323053
7.71075 8.05093 0.323053
7.71075 8.05093 0.323053
7.71075 8.05093 0.323053
7.34687 7.41345 0.324897
7.34687 7.41345 0.324897
7.34687 7.41345 0.324897
7.34687 7.41345 0.324897
7.5233 7.76856 0.314399
7.5233 7.76856 0.314399
7.5233 7.76856 0.314399
7.5233 7.76856 0.314399
7.5233 7.76856 0.314399
7.5233 7.76856 0.314399
7.5233 7.76856 0.314399
7.5233 7.76856 0.314399
7.5233 7.76856 0.314399
7.5233 7.76856 0.314399
7.5233 7.76856 0.314399
7.94607 7.95548 0.327622
7.94607 7.95548 0.327622
7.94607 7.95548 0.327622
7.94607 7.95548 0.327622
7.94607 7.95548 0.327622
7.84761 7.78056 0.322285
7.84761 7.78056 0.322285
7.84761 7.78056 0.322285
7.84761 7.78056 0.322285
7.62827 7.44646 0.316363
7.62827 7.44646 0.316363
7.62827 7.44646 0.316363
7.62827 7.44646 0.316363
7.62827 7.44646 0.316363
7.62827 7.44646 0.316363
7.74844 7.55877 0.317435
7.74844 7.55877 0.317435
7.74844 7.55877 0.317435
7.74844 7.55877 0.317435
7.74844 7.55877 0.317435
7.74844 7.55877 0.317435
7.74844 7.55877 0.317435
7.74844 7.55877 0.317435
7.74844 7.55877 0.317435
7.74844 7.55877 0.317435
7.74844 7.55877 0.317435
7.74844 7.55877 0.317435
7.74844 7.55877 0.317435
7.74844 7.55877 0.317435
7.74844 7.55877 0.317435
7.74844 7.55877 0.317435
7.13367 8.06974 0.314357
7.13367 8.06974 0.314357
7.13367 8.06974 0.314357
7.13367 8.06974 0.314357
7.13367 8.06974 0.314357
7.13367 8.06974 0.314357
7.13367 8.06974 0.314357
7.13367 8.06974 0.314357
7.13367 8.06974 0.314357
7.13367 8.06974 0.314357
7.13367 8.06974 0.314357
7.9211 7.93015 0.328467
7.9211 7.93015 0.328467
13.9951 13.9315 0.286058
13.9951 13.9315 0.286058
13.9951 13.9315 0.286058
13.9951 13.9315 0.286058
13.0105 13.8575 0.274078
13.9059 13.9353 0.284384
13.9059 13.9353 0.284384
14.0352 14.5 0.297754
14.0648 13.6393 0.292431
14.0707 14.64 0.295295
14.0707 14.64 0.295295
14.0869 14.1717 0.27308
14.0869 14.1717 0.27308
14.0869 14.1717 0.27308
14.0869 14.1717 0.27308
14.0869 14.1717 0.27308
14.0869 14.1717 0.27308
13.9855 13.9011 0.26299
13.9855 13.9011 0.26299
13.9855 13.9011 0.26299
13.9855 13.9011 0.26299
13.9855 13.9011 0.26299
13.9855 13.9011 0.26299
14.03 14.0596 0.268737
14.03 14.0596 0.268737
14.03 14.0596 0.268737
14.03 14.0596 0.268737
14.1058 13.6363 0.285142
14.1058 13.6363 0.285142
14.1058 13.6363 0.285142
13.5566 14.4234 0.281475
13.5566 14.4234 0.281475
13.5566 14.4234 0.281475
14.1245 14.12 0.270208
14.1245 14.12 0.270208
14.1245 14.12 0.270208
14.1245 14.12 0.270208
14.1245 14.12 0.270208
14.1245 14.12 0.270208
14.1245 14.12 0.270208
14.1918 13.6829 0.291975
14.1918 13.6829 0.291975
14.1918 13.6829 0.291975
14.0978 13.9166 0.277687
14.0978 13.9166 0.277687
14.0978 13.9166 0.277687
14.0978 13.9166 0.277687
14.1111 14.1786 0.299318
14.1111 14.1786 0.299318
14.1111 14.1786 0.299318
14.1111 14.1786 0.299318
14.1111 14.1786 0.299318
14.1111 14.1786 0.299318
14.1096 14.3485 0.290962
14.1096 14.3485 0.290962
14.1096 14.3485 0.290962
14.053 13.4696 0.300894
14.053 13.4696 0.300894
14.053 13.4696 0.300894
14.053 13.4696 0.300894
14.053 13.4696 0.300894
14.053 13.4696 0.300894
14.1276 14.1598 0.283724
14.1276 14.1598 0.283724
14.1761 14.2111 0.272971
14.1761 14.2111 0.272971
14.1761 14.2111 0.272971
13.9537 13.9675 0.298635
13.9537 13.9675 0.298635
13.9537 13.9675 0.298635
13.9537 13.9675 0.298635
13.9537 13.9675 0.298635
13.9537 13.9675 0.298635
13.9537 13.9675 0.298635
13.9537 13.9675 0.298635
13.9537 13.9675 0.298635
13.7771 14.2234 0.286507
13.7771 14.2234 0.286507
13.7771 14.2234 0.286507
13.703 14.4779 0.28353
14.0455 14.2009 0.288984
14.0455 14.2009 0.288984
14.0455 14.2009 0.288984
14.2921 14.2559 0.27688
14.2921 14.2559 0.27688
14.2921 14.2559 0.27688
13.8528 13.446 0.263732
13.8528 13.446 0.263732
13.8908 14.2615 0.305746
13.8908 14.2615 0.305746
13.8908 14.2615 0.305746
13.8908 14.2615 0.305746
13.8908 14.2615 0.305746
13.8908 14.2615 0.305746
13.8908 14.2615 0.305746
13.9096 13.5339 0.26252
13.9096 13.5339 0.26252
14.5032 14.1356 0.277131
13.656 13.8825 0.282152
13.656 13.8825 0.282152
13.656 13.8825 0.282152
13.656 13.8825 0.282152
13.9255 13.7087 0.287419
13.9255 13.7087 0.287419
13.9255 13.7087 0.287419
13.9255 13.7087 0.287419
14.0093 13.7717 0.293014
14.0093 13.7717 0.293014
14.0093 13.7717 0.293014
14.0093 13.7717 0.293014
14.0093 13.7717 0.293014
13.6834 13.5855 0.271251
13.6834 13.5855 0.271251
13.6834 13.5855 0.271251
13.6834 13.5855 0.271251
13.6834 13.5855 0.271251
13.6834 13.5855 0.271251
13.6834 13.5855 0.271251
13.6834 13.5855 0.271251
13.6834 13.5855 0.271251
13.6834 13.5855 0.271251
13.6834 13.5855 0.271251
13.6834 13.5855 0.271251
13.6834 13.5855 0.271251
13.6834 13.5855 0.271251
13.9141 14.0445 0.286617
13.9141 14.0445 0.286617
13.9141 14.0445 0.286617
14.6378 13.6413 0.286962
14.6378 13.6413 0.286962
14.6378 13.6413 0.286962
14.6378 13.6413 0.286962
14.6378 13.6413 0.286962
14.6378 13.6413 0.286962
14.6378 13.6413 0.286962
14.6378 13.6413 0.286962
14.6378 13.6413 0.286962
14.6378 13.6413 0.286962
14.6378 13.6413 0.286962
14.6378 13.6413 0.286962
14.6378 13.6413 0.286962
14.6378 13.6413 0.286962
14.248 14.4039 0.281827
14.248 14.4039 0.281827
14.248 14.4039 0.281827
13.3193 13.9242 0.277733
13.7521 13.7799 0.274404
13.7521 13.7799 0.274404
13.871 14.3671 0.299157
13.871 14.3671 0.299157
13.871 14.3671 0.299157
13.871 14.3671 0.299157
14.0522 13.4639 0.287213
14.0522 13.4639 0.287213
14.0522 13.4639 0.287213
14.0522 13.4639 0.287213
14.0522 13.4639 0.287213
13.9363 13.8975 0.275431
13.9363 13.8975 0.275431
13.9363 13.8975 0.275431
13.9363 13.8975 0.275431
13.6436 14.014 0.284162
14.5031 14.1645 0.295183
13.8681 14.1748 0.279726
13.8681 14.1748 0.279726
13.8623 14.2796 0.288152
13.8623 14.2796 0.288152
13.8623 14.2796 0.288152
13.8623 14.2796 0.288152
13.8623 14.2796 0.288152
13.8623 14.2796 0.288152
13.8623 14.2796 0.288152
13.8623 14.2796 0.288152
13.8623 14.2796 0.288152
13.8623 14.2796 0.288152
13.8623 14.2796 0.288152
14.2321 14.3761 0.284493
14.2321 14.3761 0.284493
14.2321 14.3761 0.284493
14.2321 14.3761 0.284493
14.2321 14.3761 0.284493
14.2321 14.3761 0.284493
14.2321 14.3761 0.284493
14.2321 14.3761 0.284493
14.2321 14.3761 0.284493
14.2321 14.3761 0.284493
14.2321 14.3761 0.284493
13.6118 14.0468 0.292925
13.6118 14.0468 0.292925
13.6118 14.0468 0.292925
14.3328 13.8631 0.308992
13.9598 13.4958 0.282886
13.9598 13.4958 0.282886
13.9598 13.4958 0.282886
13.9598 13.4958 0.282886
13.9598 13.4958 0.282886
13.9598 13.4958 0.282886
13.9598 13.4958 0.282886
13.9598 13.4958 0.282886
13.7972 13.8051 0.281205
13.7972 13.8051 0.281205
13.7972 13.8051 0.281205
13.7972 13.8051 0.281205
13.7972 13.8051 0.281205
14.1485 14.1214 0.285175
14.0709 13.744 0.268395
14.0709 13.744 0.268395
14.0709 13.744 0.268395
14.0709 13.744 0.268395
14.0709 13.744 0.268395
13.7536 14.5146 0.275869
13.7536 14.5146 0.275869
13.7589 14.0056 0.289896
13.7589 14.0056 0.289896
13.6305 14.4612 0.299169
13.6305 14.4612 0.299169
13.6305 14.4612 0.299169
13.6305 14.4612 0.299169
13.6305 14.4612 0.299169
14.186 13.5633 0.266481
14.186 13.5633 0.266481
14.186 13.5633 0.266481
14.186 13.5633 0.266481
14.186 13.5633 0.266481
14.186 13.5633 0.266481
14.186 13.5633 0.266481
14.186 13.5633 0.266481
14.186 13.5633 0.266481
14.186 13.5633 0.266481
14.186 13.5633 0.266481
14.186 13.5633 0.266481
14.186 13.5633 0.266481
14.186 13.5633 0.266481
14.186 13.5633 0.266481
14.186 13.5633 0.266481
14.186 13.5633 0.266481
14.186 13.5633 0.266481
14.186 13.5633 0.266481
14.186 13.5633 0.266481
13.7682 13.9477 0.296287
13.7682 13.9477 0.296287
13.7682 13.9477 0.296287
13.7682 13.9477 0.296287
13.7682 13.9477 0.296287
13.7682 13.9477 0.296287
13.7682 13.9477 0.296287
14.0339 13.3968 0.286813
13.4229 13.7389 0.266387
13.4229 13.7389 0.266387
13.4229 13.7389 0.266387
14.209 14.274 0.27916
13.4055 13.8151 0.2775
13.4055 13.8151 0.2775
13.4055 13.8151 0.2775
14.3674 13.6143 0.28169
13.9652 13.7755 0.283301
13.9652 13.7755 0.283301
14.5367 13.9979 0.295452
14.5367 13.9979 0.295452
13.9109 14.2525 0.29111
13.9109 14.2525 0.29111
13.9109 14.2525 0.29111
13.9109 14.2525 0.29111
13.9109 14.2525 0.29111
13.9109 14.2525 0.29111
13.9109 14.2525 0.29111
13.9109 14.2525 0.29111
13.9109 14.2525 0.29111
13.9109 14.2525 0.29111
13.9109 14.2525 0.29111
13.9109 14.2525 0.29111
14.2732 13.744 0.277281
14.2732 13.744 0.277281
14.2732 13.744 0.277281
14.2732 13.744 0.277281
14.2732 13.744 0.277281
14.2732 13.744 0.277281
14.2732 13.744 0.277281
13.6791 14.1121 0.285315
13.6791 14.1121 0.285315
13.6791 14.1121 0.285315
13.6791 14.1121 0.285315
13.6791 14.1121 0.285315
13.6791 14.1121 0.285315
13.6791 14.1121 0.285315
13.9396 13.819 0.285765
13.9396 13.819 0.285765
13.7392 14.3987 0.283589
13.9392 14.3907 0.281553
13.9392 14.3907 0.281553
13.9392 14.3907 0.281553
13.9392 14.3907 0.281553
13.9392 14.3907 0.281553
14.1495 14.2596 0.300324
14.1495 14.2596 0.300324
14.2338 13.9071 0.296256
14.2338 13.9071 0.296256
14.2338 13.9071 0.296256
14.2338 13.9071 0.296256
13.6302 14.0856 0.289878
13.6302 14.0856 0.289878
14.2123 14.1392 0.290605
14.2123 14.1392 0.290605
14.2123 14.1392 0.290605
14.2123 14.1392 0.290605
14.2123 14.1392 0.290605
14.2123 14.1392 0.290605
14.2123 14.1392 0.290605
14.2123 14.1392 0.290605
13.9555 13.5253 0.282982
13.9555 13.5253 0.282982
14.3023 14.2814 0.280684
14.3023 14.2814 0.280684
14.3023 14.2814 0.280684
14.3023 14.2814 0.280684
14.3023 14.2814 0.280684
13.9143 14.4377 0.297878
14.7258 14.4849 0.289471
14.7258 14.4849 0.289471
14.7258 14.4849 0.289471
14.7258 14.4849 0.289471
14.7258 14.4849 0.289471
14.7258 14.4849 0.289471
13.9373 13.4225 0.280967
13.9373 13.4225 0.280967
13.9373 13.4225 0.280967
13.9373 13.4225 0.280967
13.9373 13.4225 0.280967
13.9373 13.4225 0.280967
14.0776 13.7736 0.290647
14.0776 13.7736 0.290647
14.0776 13.7736 0.290647
13.9819 14.2254 0.288242
13.9819 14.2254 0.288242
13.9819 14.2254 0.288242
13.9235 14.2992 0.297126
13.8319 13.8677 0.271494
13.8319 13.8677 0.271494
13.8319 13.8677 0.271494
13.8319 13.8677 0.271494
13.8319 13.8677 0.271494
13.8319 13.8677 0.271494
13.8319 13.8677 0.271494
13.8319 13.8677 0.271494
13.8319 13.8677 0.271494
13.8319 13.8677 0.271494
13.8319 13.8677 0.271494
13.8319 13.8677 0.271494
13.8741 13.9525 0.285952
13.8741 13.9525 0.285952
14.3609 14.1351 0.282268
14.3609 14.1351 0.282268
14.3609 14.1351 0.282268
13.8214 13.8858 0.285413
13.8214 13.8858 0.285413
13.7213 13.8723 0.286147
13.7213 13.8723 0.286147
13.9829 13.6808 0.282625
13.5901 14.0648 0.265403
14.0381 14.0385 0.276176
13.3454 14.282 0.264999
13.481 14.4506 0.305615
13.481 14.4506 0.305615
13.481 14.4506 0.305615
13.481 14.4506 0.305615
13.481 14.4506 0.305615
13.481 14.4506 0.305615
13.481 14.4506 0.305615
13.731 13.9982 0.270433
13.731 13.9982 0.270433
13.731 13.9982 0.270433
13.731 13.9982 0.270433
13.7652 14.1334 0.296865
13.7652 14.1334 0.296865
13.7652 14.1334 0.296865
13.7652 14.1334 0.296865
13.7652 14.1334 0.296865
13.7652 14.1334 0.296865
13.7652 14.1334 0.296865
14.0987 14.1046 0.287362
14.0987 14.1046 0.287362
13.5743 14.3548 0.293362
13.5743 14.3548 0.293362
13.7375 13.84 0.280172
13.7375 13.84 0.280172
13.7375 13.84 0.280172
13.7375 13.84 0.280172
13.906 14.1394 0.290068
13.906 14.1394 0.290068
13.906 14.1394 0.290068
13.906 14.1394 0.290068
14.7273 14.0759 0.273475
14.7273 14.0759 0.273475
14.7273 14.0759 0.273475
14.7273 14.0759 0.273475
14.7273 14.0759 0.273475
14.7273 14.0759 0.273475
14.7273 14.0759 0.273475
14.7273 14.0759 0.273475
14.2535 13.9935 0.289924
14.2535 13.9935 0.289924
14.0205 13.9199 0.290118
14.0205 13.9199 0.290118
14.0205 13.9199 0.290118
14.0549 13.8614 0.281681
14.0549 13.8614 0.281681
14.0549 13.8614 0.281681
14.3763 13.8814 0.291881
14.3763 13.8814 0.291881
14.3763 13.8814 0.291881
14.3763 13.8814 0.291881
14.3763 13.8814 0.291881
14.3763 13.8814 0.291881
14.3763 13.8814 0.291881
14.0099 13.687 0.284991
14.0099 13.687 0.284991
14.0099 13.687 0.284991
14.0099 13.687 0.284991
14.0099 13.687 0.284991
14.0099 13.687 0.284991
14.0099 13.687 0.284991
14.0099 13.687 0.284991
14.0191 14.2118 0.282131
14.4711 14.1615 0.299402
14.4711 14.1615 0.299402
14.4711 14.1615 0.299402
14.4711 14.1615 0.299402
14.1553 14.0355 0.283453
14.1553 14.0355 0.283453
14.0843 13.9702 0.280162
14.0843 13.9702 0.280162
14.0843 13.9702 0.280162
14.0843 13.9702 0.280162
14.0843 13.9702 0.280162
13.6238 14.2584 0.284615
13.6238 14.2584 0.284615
14.2752 14.1432 0.277991
13.9604 14.1767 0.294341
14.0577 14.1052 0.281429
14.0577 14.1052 0.281429
13.6003 13.6594 0.275311
13.6003 13.6594 0.275311
14.1978 13.9253 0.290511
14.1978 13.9253 0.290511
14.1978 13.9253 0.290511
14.1978 13.9253 0.290511
15.6379 16.2502 0.304248
15.7285 15.8817 0.30534
6.45396 7.14931 0.296997
6.45396 7.14931 0.296997
6.45396 7.14931 0.296997
6.45396 7.14931 0.296997
6.45396 7.14931 0.296997
6.45396 7.14931 0.296997
6.45396 7.14931 0.296997
6.45396 7.14931 0.296997
6.82638 6.48565 0.291357
6.82638 6.48565 0.291357
6.82638 6.48565 0.291357
6.82638 6.48565 0.291357
6.82638 6.48565 0.291357
6.82638 6.48565 0.291357
6.82638 6.48565 0.291357
6.82638 6.48565 0.291357
6.82638 6.48565 0.291357
6.82638 6.48565 0.291357
6.82638 6.48565 0.291357
6.82638 6.48565 0.291357
6.82638 6.48565 0.291357
6.82638 6.48565 0.291357
6.82638 6.48565 0.291357
6.36209 6.79032 -0.00729213
6.36209 6.79032 -0.00729213
6.36209 6.79032 -0.00729213
6.36209 6.79032 -0.00729213
6.36209 6.79032 -0.00729213
6.36209 6.79032 -0.00729213
6.20989 6.32536 0.00849406
7.57436 7.57148 0.328674
7.57436 7.57148 0.328674
7.57436 7.57148 0.328674
7.65224 7.3204 0.319981
7.65224 7.3204 0.319981
7.63651 7.70904 0.32293
7.27363 7.58436 0.331507
7.27363 7.58436 0.331507
7.27363 7.58436 0.331507
7.27363 7.58436 0.331507
7.27363 7.58436 0.331507
8.18984 7.65382 0.32297
8.18984 7.65382 0.32297
8.18984 7.65382 0.32297
8.18984 7.65382 0.32297
8.18984 7.65382 0.32297
7.70825 7.86852 0.343429
7.70825 7.86852 0.343429
7.70825 7.86852 0.343429
7.70825 7.86852 0.343429
7.70825 7.86852 0.343429
7.70825 7.86852 0.343429
7.83621 7.76513 0.334044
7.83621 7.76513 0.334044
7.83621 7.76513 0.334044
7.83621 7.76513 0.334044
7.83621 7.76513 0.334044
7.83621 7.76513 0.334044
7.83621 7.76513 0.334044
7.83621 7.76513 0.334044
7.83621 7.76513 0.334044
7.69324 7.92125 0.318447
7.69324 7.92125 0.318447
7.69324 7.92125 0.318447
7.8982 7.05716 0.317347
7.8982 7.05716 0.317347
7.8982 7.05716 0.317347
7.8982 7.05716 0.317347
7.8982 7.05716 0.317347
7.8982 7.05716 0.317347
7.0895 7.61143 0.318308
7.0895 7.61143 0.318308
7.0895 7.61143 0.318308
7.0895 7.61143 0.318308
7.0895 7.61143 0.318308
7.0895 7.61143 0.318308
8.1693 8.23448 0.311313
8.1693 8.23448 0.311313
8.1693 8.23448 0.311313
8.1693 8.23448 0.311313
8.1693 8.23448 0.311313
8.1693 8.23448 0.311313
8.1693 8.23448 0.311313
8.1693 8.23448 0.311313
8.1693 8.23448 0.311313
8.1693 8.23448 0.311313
7.51786 7.62799 0.321425
7.51786 7.62799 0.321425
7.51786 7.62799 0.321425
7.51786 7.62799 0.321425
7.51786 7.62799 0.321425
7.51786 7.62799 0.321425
7.51786 7.62799 0.321425
7.51786 7.62799 0.321425
7.51786 7.62799 0.321425
7.51786 7.62799 0.321425
7.51786 7.62799 0.321425
7.51786 7.62799 0.321425
8.29265 8.36911 0.310468
8.29265 8.36911 0.310468
8.29265 8.36911 0.310468
8.29265 8.36911 0.310468
8.29265 8.36911 0.310468
8.29265 8.36911 0.310468
8.29265 8.36911 0.310468
8.29265 8.36911 0.310468
8.29265 8.36911 0.310468
8.29265 8.36911 0.310468
8.29265 8.36911 0.310468
8.29265 8.36911 0.310468
8.29265 8.36911 0.310468
8.29265 8.36911 0.310468
8.35208 7.99052 0.319232
8.35208 7.99052 0.319232
8.35208 7.99052 0.319232
8.35208 7.99052 0.319232
8.35208 7.99052 0.319232
8.35208 7.99052 0.319232
8.35208 7.99052 0.319232
8.35208 7.99052 0.319232
8.35208 7.99052 0.319232
8.35208 7.99052 0.319232
8.35208 7.99052 0.319232
8.35208 7.99052 0.319232
8.35208 7.99052 0.319232
8.35208 7.99052 0.319232
8.35208 7.99052 0.319232
8.35208 7.99052 0.319232
8.18908 7.89604 0.314688
8.67296 8.16803 0.30998
7.90373 8.59657 0.335763
7.90373 8.59657 0.335763
7.90373 8.59657 0.335763
7.90373 8.59657 0.335763
8.49479 8.08888 0.330636
8.49479 8.08888 0.330636
8.49479 8.08888 0.330636
8.1726 8.17298 0.328303
8.1726 8.17298 0.328303
8.1726 8.17298 0.328303
8.1726 8.17298 0.328303
8.1726 8.17298 0.328303
8.1726 8.17298 0.328303
8.1726 8.17298 0.328303
8.1726 8.17298 0.328303
8.1726 8.17298 0.328303
8.1726 8.17298 0.328303
8.1726 8.17298 0.328303
8.1726 8.17298 0.328303
8.1726 8.17298 0.328303
7.54428 8.53664 0.297268
7.54428 8.53664 0.297268
7.54428 8.53664 0.297268
7.54428 8.53664 0.297268
7.54428 8.53664 0.297268
9.82286 9.38233 0.315405
9.82286 9.38233 0.315405
9.86619 9.45872 0.310176
9.86619 9.45872 0.310176
9.86619 9.45872 0.310176
9.86619 9.45872 0.310176
9.86619 9.45872 0.310176
9.86619 9.45872 0.310176
9.86619 9.45872 0.310176
9.86619 9.45872 0.310176
9.86619 9.45872 0.310176
9.86619 9.45872 0.310176
9.86619 9.45872 0.310176
9.2122 9.26764 0.320644
9.2122 9.26764 0.320644
9.2122 9.26764 0.320644
9.2122 9.26764 0.320644
9.2122 9.26764 0.320644
9.2122 9.26764 0.320644
9.2122 9.26764 0.320644
9.2122 9.26764 0.320644
9.2122 9.26764 0.320644
9.17467 9.50446 0.314306
9.17467 9.50446 0.314306
9.17467 9.50446 0.314306
9.17467 9.50446 0.314306
9.17467 9.50446 0.314306
9.17467 9.50446 0.314306
9.17467 9.50446 0.314306
9.17467 9.50446 0.314306
9.17467 9.50446 0.314306
9.17467 9.50446 0.314306
9.13793 9.82512 0.334763
9.13793 9.82512 0.334763
9.13793 9.82512 0.334763
9.13793 9.82512 0.334763
9.13793 9.82512 0.334763
9.13793 9.82512 0.334763
9.56372 9.46973 0.308057
9.56372 9.46973 0.308057
9.56372 9.46973 0.308057
9.56372 9.46973 0.308057
9.56372 9.46973 0.308057
