18.0533 18.2868 0.282351
16.9861 17.4954 0.272553
10.3778 10.4792 0.28731
9.5903 10.0193 0.311043
17.3716 17.3599 0.265266
10.3778 10.4792 0.28731
17.4372 17.2691 0.279373
9.16539 9.652 0.294968
13.3332 13.3111 0.296966
8.47849 8.40586 0.311079
15.625 16.0558 0.291698
11.6142 11.2764 0.318521
15.5423 14.4526 0.304441
15.3196 15.1515 0.295613
11.3271 11.9821 0.313649
8.04784 7.85237 0.332648
10.4961 11.0369 0.316036
6.41392 6.84292 0.31191
11.4454 11.648 0.316461
15.8208 16.3301 0.271449
11.6135 11.8469 0.320072
8.04784 7.85237 0.332648
16.6872 15.6637 0.272025
11.8142 12.3041 0.329594
13.1717 13.1988 0.295595
12.8201 13.2115 0.301444
12.0146 11.8944 0.322536
18.0948 17.798 0.271968
6.63728 6.66439 0.29874
10.5016 9.95256 0.308835
8.21252 8.69956 0.305264
11.6142 11.2764 0.318521
6.93656 6.81633 0.301809
13.6443 14.0752 0.292443
14.0085 13.8404 0.28942
12.5109 12.4621 0.302526
15.5423 14.4526 0.304441
10.8235 10.8798 0.310114
7.77147 7.61535 0.299868
7.7201 7.56812 0.329119
8.29573 8.83653 0.324694
5.95039 6.71278 0.00192008
9.98836 9.22669 0.294127
13.2072 13.2343 0.29163
7.7201 7.56812 0.329119
7.86086 7.6541 0.315561
12.7976 13.2285 0.304061
10.7993 10.8174 0.300323
10.7536 10.8893 0.309914
12.0074 11.8328 0.324726
12.7091 12.7272 0.302158
6.63728 6.66439 0.29874
14.9555 14.2265 0.292377
6.29217 6.34845 0.315809
9.39852 9.87457 0.312378
15.8208 16.3301 0.271449
14.0457 13.954 0.291977
11.6223 11.5449 0.301446
6.41059 6.44927 0.336636
8.04784 7.85237 0.332648
6.26297 5.93353 0.0169025
10.5475 9.76646 0.300236
18.1284 17.8039 0.284742
13.4051 13.249 0.266785
15.625 16.0558 0.291698
9.39852 9.87457 0.312378
8.04784 7.85237 0.332648
17.0547 17.5955 0.279659
7.7201 7.56812 0.329119
12.5589 12.9879 0.298442
17.2158 17.7024 0.264858
14.9555 14.2265 0.292377
13.4146 13.3371 0.292645
11.2283 11.1849 0.30566
13.306 13.7959 0.301756
11.2885 11.4187 0.317347
9.00312 8.8353 0.307807
13.0605 13.3249 0.289885
19.0723 18.8396 0.257405
17.7803 18.546 0.295072
18.4345 19.1675 0.289304
7.76867 7.80736 0.344634
11.8814 11.5121 0.315714
9.50206 9.59218 0.289929
11.6207 11.9972 0.316863
15.3838 14.774 0.30057
9.96784 10.5875 0.2963
8.08239 7.78463 0.323966
9.39852 9.87457 0.312378
12.6888 13.0256 0.29018
6.29217 6.34845 0.315809
19.3259 18.5968 0.27257
6.26867 7.09974 0.304316
13.2568 12.9673 0.30254
17.4042 17.8942 0.284772
10.5358 10.2464 0.308359
18.1284 17.8039 0.284742
12.7868 13.5786 0.291624
10.72 10.3954 0.314017
15.8888 15.7885 0.324489
6.56435 6.66572 0.284637
6.21688 7.0087 0.298735
6.21688 7.0087 0.298735
6.21688 7.0087 0.298735
6.21688 7.0087 0.298735
6.95342 6.40435 0.29931
6.95342 6.40435 0.29931
6.95342 6.40435 0.29931
6.95342 6.40435 0.29931
6.95342 6.40435 0.29931
6.95342 6.40435 0.29931
6.95342 6.40435 0.29931
6.71398 6.77026 0.297833
6.71398 6.77026 0.297833
6.71398 6.77026 0.297833
6.71398 6.77026 0.297833
6.71398 6.77026 0.297833
6.71398 6.77026 0.297833
6.71398 6.77026 0.297833
6.5288 6.08867 0.288434
6.93656 6.81633 0.301809
7.65865 7.3692 0.331659
7.65865 7.3692 0.331659
7.65865 7.3692 0.331659
7.65865 7.3692 0.331659
7.65865 7.3692 0.331659
7.65865 7.3692 0.331659
8.00153 7.93026 0.323537
8.00153 7.93026 0.323537
7.30096 7.65592 0.336324
7.30096 7.65592 0.336324
7.30096 7.65592 0.336324
7.57356 7.60066 0.324713
7.57356 7.60066 0.324713
8.02665 7.29757 0.332787
8.02665 7.29757 0.332787
8.02665 7.29757 0.332787
8.02665 7.29757 0.332787
8.02665 7.29757 0.332787
8.02665 7.29757 0.332787
8.02665 7.29757 0.332787
8.02665 7.29757 0.332787
8.02665 7.29757 0.332787
8.02665 7.29757 0.332787
8.12069 7.09715 0.323197
8.12069 7.09715 0.323197
8.12069 7.09715 0.323197
8.12069 7.09715 0.323197
8.12069 7.09715 0.323197
8.12069 7.09715 0.323197
8.12069 7.09715 0.323197
8.12069 7.09715 0.323197
8.12069 7.09715 0.323197
8.12069 7.09715 0.323197
8.12069 7.09715 0.323197
8.12069 7.09715 0.323197
8.12069 7.09715 0.323197
8.12069 7.09715 0.323197
8.12069 7.09715 0.323197
8.12069 7.09715 0.323197
8.12069 7.09715 0.323197
8.12069 7.09715 0.323197
8.29668 7.65871 0.325242
8.29668 7.65871 0.325242
8.29668 7.65871 0.325242
8.29668 7.65871 0.325242
8.29668 7.65871 0.325242
8.29668 7.65871 0.325242
8.29668 7.65871 0.325242
7.86086 7.6541 0.315561
7.86086 7.6541 0.315561
7.86086 7.6541 0.315561
8.05457 7.85946 0.331791
8.05457 7.85946 0.331791
8.05457 7.85946 0.331791
7.74255 7.65081 0.331998
7.74255 7.65081 0.331998
7.05517 7.39204 0.323263
9.17053 9.76921 0.301489
9.17053 9.76921 0.301489
9.17053 9.76921 0.301489
9.74014 9.39062 0.302006
9.74014 9.39062 0.302006
9.74014 9.39062 0.302006
9.74014 9.39062 0.302006
9.74014 9.39062 0.302006
9.74014 9.39062 0.302006
9.74014 9.39062 0.302006
9.74014 9.39062 0.302006
9.74014 9.39062 0.302006
9.19459 8.89778 0.294976
9.19459 8.89778 0.294976
9.19459 8.89778 0.294976
9.19459 8.89778 0.294976
9.19459 8.89778 0.294976
9.19459 8.89778 0.294976
9.19459 8.89778 0.294976
9.19459 8.89778 0.294976
9.19459 8.89778 0.294976
9.54707 9.37244 0.310013
8.9784 9.79784 0.304715
8.9784 9.79784 0.304715
9.15804 8.99119 0.315246
9.15804 8.99119 0.315246
9.15804 8.99119 0.315246
9.15804 8.99119 0.315246
9.27987 9.03478 0.294662
9.27987 9.03478 0.294662
9.27987 9.03478 0.294662
9.27987 9.03478 0.294662
9.27987 9.03478 0.294662
9.27987 9.03478 0.294662
9.3611 9.10141 0.302167
9.3611 9.10141 0.302167
9.3611 9.10141 0.302167
9.3611 9.10141 0.302167
9.26596 8.90143 0.308949
9.5994 9.12451 0.316137
9.5994 9.12451 0.316137
9.5994 9.12451 0.316137
9.5994 9.12451 0.316137
9.5994 9.12451 0.316137
9.55935 10.1731 0.311528
9.55935 10.1731 0.311528
9.55935 10.1731 0.311528
9.4197 8.95776 0.283578
9.4197 8.95776 0.283578
9.4197 8.95776 0.283578
9.54424 9.16939 0.298145
9.54424 9.16939 0.298145
9.29995 9.38657 0.306792
9.29995 9.38657 0.306792
9.28226 9.32592 0.313907
9.28226 9.32592 0.313907
9.28226 9.32592 0.313907
8.9728 9.42315 0.320596
8.9728 9.42315 0.320596
8.9728 9.42315 0.320596
8.9728 9.42315 0.320596
8.9728 9.42315 0.320596
8.9728 9.42315 0.320596
8.9728 9.42315 0.320596
8.96308 9.47331 0.303031
8.96308 9.47331 0.303031
8.96308 9.47331 0.303031
9.8347 9.29698 0.325879
9.8347 9.29698 0.325879
9.21232 9.57647 0.29687
9.21232 9.57647 0.29687
9.21232 9.57647 0.29687
9.21232 9.57647 0.29687
9.21232 9.57647 0.29687
9.21232 9.57647 0.29687
9.5909 8.92769 0.312429
9.5909 8.92769 0.312429
9.5909 8.92769 0.312429
9.5909 8.92769 0.312429
9.5909 8.92769 0.312429
9.62325 9.5279 0.316164
9.62325 9.5279 0.316164
9.62325 9.5279 0.316164
9.62325 9.5279 0.316164
9.38845 9.27547 0.287684
9.38845 9.27547 0.287684
9.38845 9.27547 0.287684
9.55791 8.77844 0.318285
9.55791 8.77844 0.318285
9.55791 8.77844 0.318285
8.85602 9.31657 0.308695
8.85602 9.31657 0.308695
8.85602 9.31657 0.308695
8.85602 9.31657 0.308695
8.85602 9.31657 0.308695
8.85602 9.31657 0.308695
8.85602 9.31657 0.308695
8.85602 9.31657 0.308695
9.24701 9.6024 0.299596
9.24701 9.6024 0.299596
9.24701 9.6024 0.299596
9.24701 9.6024 0.299596
9.2203 9.41496 0.307254
9.2203 9.41496 0.307254
9.2203 9.41496 0.307254
9.2203 9.41496 0.307254
9.2203 9.41496 0.307254
9.2203 9.41496 0.307254
9.2203 9.41496 0.307254
9.2203 9.41496 0.307254
9.2203 9.41496 0.307254
9.2203 9.41496 0.307254
9.2203 9.41496 0.307254
9.2203 9.41496 0.307254
9.2203 9.41496 0.307254
9.34615 8.97733 0.313309
9.34615 8.97733 0.313309
9.34615 8.97733 0.313309
9.34615 8.97733 0.313309
9.34615 8.97733 0.313309
9.34615 8.97733 0.313309
9.31883 9.17047 0.317308
9.31883 9.17047 0.317308
9.31883 9.17047 0.317308
9.31883 9.17047 0.317308
9.31883 9.17047 0.317308
9.42723 9.47377 0.313272
9.42723 9.47377 0.313272
9.42723 9.47377 0.313272
9.42723 9.47377 0.313272
9.42723 9.47377 0.313272
9.42723 9.47377 0.313272
9.42723 9.47377 0.313272
9.42723 9.47377 0.313272
9.42723 9.47377 0.313272
9.50626 9.51909 0.304737
9.50626 9.51909 0.304737
9.50626 9.51909 0.304737
9.50626 9.51909 0.304737
9.50626 9.51909 0.304737
9.47828 9.58897 0.305331
9.47828 9.58897 0.305331
9.47828 9.58897 0.305331
9.77514 9.85543 0.311884
9.77514 9.85543 0.311884
9.77514 9.85543 0.311884
9.43143 9.42008 0.325806
9.43143 9.42008 0.325806
9.43143 9.42008 0.325806
9.43143 9.42008 0.325806
9.61666 9.62258 0.312366
9.61666 9.62258 0.312366
9.61666 9.62258 0.312366
9.61666 9.62258 0.312366
9.63127 8.90815 0.305414
9.63127 8.90815 0.305414
9.63127 8.90815 0.305414
9.63127 8.90815 0.305414
9.63127 8.90815 0.305414
9.63127 8.90815 0.305414
9.20618 9.58755 0.292189
9.20618 9.58755 0.292189
9.20618 9.58755 0.292189
9.20618 9.58755 0.292189
9.20618 9.58755 0.292189
9.20618 9.58755 0.292189
9.95654 9.17754 0.309191
9.95654 9.17754 0.309191
9.95654 9.17754 0.309191
9.95654 9.17754 0.309191
9.95654 9.17754 0.309191
9.95654 9.17754 0.309191
9.95654 9.17754 0.309191
9.39906 9.37072 0.298767
9.39906 9.37072 0.298767
9.39906 9.37072 0.298767
9.39906 9.37072 0.298767
9.39906 9.37072 0.298767
9.39906 9.37072 0.298767
9.39906 9.37072 0.298767
9.39906 9.37072 0.298767
9.39906 9.37072 0.298767
9.39906 9.37072 0.298767
9.39906 9.37072 0.298767
9.39906 9.37072 0.298767
9.39906 9.37072 0.298767
9.39906 9.37072 0.298767
9.6122 9.07496 0.313296
9.6122 9.07496 0.313296
9.6122 9.07496 0.313296
9.6122 9.07496 0.313296
9.6122 9.07496 0.313296
9.6122 9.07496 0.313296
9.71281 9.19143 0.303217
9.71281 9.19143 0.303217
9.44827 9.20093 0.307296
9.57443 9.07323 0.305935
9.34173 8.96811 0.311555
9.34173 8.96811 0.311555
9.34173 8.96811 0.311555
9.0402 9.57244 0.311313
9.0402 9.57244 0.311313
9.0402 9.57244 0.311313
9.0402 9.57244 0.311313
9.30981 9.55712 0.311112
9.30981 9.55712 0.311112
9.30981 9.55712 0.311112
9.30981 9.55712 0.311112
9.59843 9.48071 0.315911
9.59843 9.48071 0.315911
9.59843 9.48071 0.315911
9.59843 9.48071 0.315911
9.42108 9.29687 0.302494
9.42108 9.29687 0.302494
9.42108 9.29687 0.302494
9.42108 9.29687 0.302494
9.42108 9.29687 0.302494
9.61439 9.10923 0.309366
9.61439 9.10923 0.309366
9.61439 9.10923 0.309366
9.61439 9.10923 0.309366
9.03342 8.81913 0.301339
9.03342 8.81913 0.301339
9.03342 8.81913 0.301339
9.03342 8.81913 0.301339
9.03342 8.81913 0.301339
9.03342 8.81913 0.301339
9.03342 8.81913 0.301339
9.20978 9.2427 0.303449
9.20978 9.2427 0.303449
9.20978 9.2427 0.303449
9.20978 9.2427 0.303449
9.20978 9.2427 0.303449
9.20978 9.2427 0.303449
9.20978 9.2427 0.303449
9.20978 9.2427 0.303449
9.20978 9.2427 0.303449
9.20978 9.2427 0.303449
9.20978 9.2427 0.303449
9.20978 9.2427 0.303449
9.31814 9.24719 0.307453
9.30891 9.74235 0.313882
9.30891 9.74235 0.313882
9.10837 9.01273 0.287231
9.10837 9.01273 0.287231
9.10837 9.01273 0.287231
9.27277 9.35411 0.303313
9.8962 9.41562 0.297656
9.8962 9.41562 0.297656
9.8962 9.41562 0.297656
9.4398 9.51039 0.299899
9.4398 9.51039 0.299899
9.4398 9.51039 0.299899
9.4398 9.51039 0.299899
9.47079 9.50694 0.307143
9.47079 9.50694 0.307143
9.47079 9.50694 0.307143
9.47079 9.50694 0.307143
9.47079 9.50694 0.307143
9.47079 9.50694 0.307143
10.0689 9.25913 0.288829
10.0689 9.25913 0.288829
10.0689 9.25913 0.288829
10.0689 9.25913 0.288829
10.0689 9.25913 0.288829
10.0689 9.25913 0.288829
10.0689 9.25913 0.288829
10.0689 9.25913 0.288829
9.4146 9.18957 0.299274
9.4146 9.18957 0.299274
9.4146 9.18957 0.299274
9.4146 9.18957 0.299274
9.7913 9.72558 0.281559
9.21246 9.49869 0.314858
9.21246 9.49869 0.314858
9.21246 9.49869 0.314858
9.21246 9.49869 0.314858
9.21246 9.49869 0.314858
9.21246 9.49869 0.314858
9.44621 9.54396 0.296849
9.44621 9.54396 0.296849
9.44621 9.54396 0.296849
9.44621 9.54396 0.296849
9.44621 9.54396 0.296849
8.9828 9.38773 0.330518
8.9828 9.38773 0.330518
8.9828 9.38773 0.330518
8.9828 9.38773 0.330518
8.9828 9.38773 0.330518
8.9828 9.38773 0.330518
8.9828 9.38773 0.330518
9.92985 8.79363 0.294223
9.92985 8.79363 0.294223
9.92985 8.79363 0.294223
9.92985 8.79363 0.294223
9.92985 8.79363 0.294223
9.92985 8.79363 0.294223
9.92985 8.79363 0.294223
9.92985 8.79363 0.294223
9.92985 8.79363 0.294223
9.92985 8.79363 0.294223
9.92985 8.79363 0.294223
9.92985 8.79363 0.294223
9.92985 8.79363 0.294223
9.92985 8.79363 0.294223
9.6407 9.29078 0.317638
9.2104 9.06414 0.299116
9.04928 8.86351 0.306906
9.04928 8.86351 0.306906
9.7529 9.61654 0.312726
9.7529 9.61654 0.312726
9.7529 9.61654 0.312726
9.7529 9.61654 0.312726
9.7529 9.61654 0.312726
9.6066 9.55483 0.309161
9.59708 9.20425 0.30552
9.59708 9.20425 0.30552
9.59708 9.20425 0.30552
9.59708 9.20425 0.30552
9.48916 9.72878 0.31047
9.48916 9.72878 0.31047
9.48916 9.72878 0.31047
9.48916 9.72878 0.31047
9.48916 9.72878 0.31047
9.48916 9.72878 0.31047
9.48916 9.72878 0.31047
9.48916 9.72878 0.31047
9.48916 9.72878 0.31047
9.68286 9.54217 0.290111
9.68286 9.54217 0.290111
9.68286 9.54217 0.290111
9.68286 9.54217 0.290111
8.68271 9.57651 0.315827
9.67878 9.39476 0.307111
9.34144 9.13242 0.287577
9.34144 9.13242 0.287577
9.34144 9.13242 0.287577
9.34144 9.13242 0.287577
9.34144 9.13242 0.287577
9.34144 9.13242 0.287577
9.16832 9.18691 0.319036
9.16832 9.18691 0.319036
9.6573 9.34312 0.302937
9.6573 9.34312 0.302937
9.6573 9.34312 0.302937
9.6573 9.34312 0.302937
9.6573 9.34312 0.302937
9.72406 9.3276 0.297454
9.20887 9.99106 0.31085
9.20887 9.99106 0.31085
9.20887 9.99106 0.31085
9.20887 9.99106 0.31085
9.20887 9.99106 0.31085
9.20887 9.99106 0.31085
9.20887 9.99106 0.31085
9.20887 9.99106 0.31085
9.3472 9.45222 0.305612
9.3472 9.45222 0.305612
9.3472 9.45222 0.305612
9.3472 9.45222 0.305612
9.3472 9.45222 0.305612
9.3472 9.45222 0.305612
9.3472 9.45222 0.305612
9.3472 9.45222 0.305612
9.3472 9.45222 0.305612
9.3472 9.45222 0.305612
9.3472 9.45222 0.305612
9.82708 9.10719 0.313621
9.82708 9.10719 0.313621
9.82708 9.10719 0.313621
9.82708 9.10719 0.313621
9.82708 9.10719 0.313621
9.82708 9.10719 0.313621
9.82708 9.10719 0.313621
9.82708 9.10719 0.313621
9.82708 9.10719 0.313621
9.82708 9.10719 0.313621
9.51004 9.4379 0.308183
9.51004 9.4379 0.308183
9.51004 9.4379 0.308183
9.51004 9.4379 0.308183
9.24874 9.26092 0.290458
9.24874 9.26092 0.290458
9.43045 9.46005 0.284595
9.43045 9.46005 0.284595
9.50083 9.34094 0.310691
9.50083 9.34094 0.310691
9.24792 9.02143 0.287009
9.24792 9.02143 0.287009
9.24792 9.02143 0.287009
9.26845 9.05336 0.287698
9.26845 9.05336 0.287698
9.26845 9.05336 0.287698
9.26845 9.05336 0.287698
9.26845 9.05336 0.287698
9.26845 9.05336 0.287698
8.96465 9.43399 0.309138
8.96465 9.43399 0.309138
8.96465 9.43399 0.309138
9.44593 8.4926 0.295225
9.44593 8.4926 0.295225
9.44593 8.4926 0.295225
9.44593 8.4926 0.295225
9.44593 8.4926 0.295225
9.44593 8.4926 0.295225
9.44593 8.4926 0.295225
9.44593 8.4926 0.295225
9.44593 8.4926 0.295225
9.44552 9.42918 0.311232
9.44552 9.42918 0.311232
9.44552 9.42918 0.311232
9.44552 9.42918 0.311232
9.44552 9.42918 0.311232
9.44552 9.42918 0.311232
9.44552 9.42918 0.311232
9.44552 9.42918 0.311232
9.44552 9.42918 0.311232
9.44552 9.42918 0.311232
9.44552 9.42918 0.311232
9.44552 9.42918 0.311232
9.44552 9.42918 0.311232
9.44552 9.42918 0.311232
9.44552 9.42918 0.311232
9.27866 9.196 0.302321
9.27866 9.196 0.302321
9.27866 9.196 0.302321
9.27866 9.196 0.302321
9.27866 9.196 0.302321
9.27866 9.196 0.302321
9.27866 9.196 0.302321
9.27866 9.196 0.302321
9.27866 9.196 0.302321
9.27866 9.196 0.302321
9.39823 9.3874 0.301958
9.39823 9.3874 0.301958
9.39823 9.3874 0.301958
9.39823 9.3874 0.301958
9.39823 9.3874 0.301958
9.39823 9.3874 0.301958
9.39823 9.3874 0.301958
9.63713 9.50892 0.30469
9.63713 9.50892 0.30469
9.63713 9.50892 0.30469
9.63713 9.50892 0.30469
9.63713 9.50892 0.30469
9.63713 9.50892 0.30469
9.48749 9.4032 0.301309
9.48749 9.4032 0.301309
9.48749 9.4032 0.301309
9.48749 9.4032 0.301309
9.34167 9.03126 0.290192
9.34167 9.03126 0.290192
9.34167 9.03126 0.290192
9.77711 9.44762 0.318699
8.75912 9.33507 0.312171
8.75912 9.33507 0.312171
8.75912 9.33507 0.312171
8.75912 9.33507 0.312171
8.75912 9.33507 0.312171
8.75912 9.33507 0.312171
8.75912 9.33507 0.312171
9.52604 9.36902 0.30772
9.52604 9.36902 0.30772
9.52604 9.36902 0.30772
9.52604 9.36902 0.30772
9.52604 9.36902 0.30772
9.52604 9.36902 0.30772
9.52604 9.36902 0.30772
9.52604 9.36902 0.30772
9.52604 9.36902 0.30772
9.52604 9.36902 0.30772
9.52604 9.36902 0.30772
9.52604 9.36902 0.30772
9.52604 9.36902 0.30772
9.52604 9.36902 0.30772
9.31049 8.70753 0.314696
9.31049 8.70753 0.314696
9.31049 8.70753 0.314696
9.31049 8.70753 0.314696
9.31049 8.70753 0.314696
9.20741 9.23408 0.306977
9.20741 9.23408 0.306977
9.07651 9.27769 0.309976
9.07651 9.27769 0.309976
9.07651 9.27769 0.309976
9.07651 9.27769 0.309976
8.95157 9.11343 0.299681
8.95157 9.11343 0.299681
9.44612 9.37256 0.320041
9.44612 9.37256 0.320041
8.68712 9.88234 0.302911
8.68712 9.88234 0.302911
9.21987 9.65044 0.312336
8.92669 9.01063 0.292683
8.92669 9.01063 0.292683
8.92669 9.01063 0.292683
9.73965 9.50583 0.307634
9.73965 9.50583 0.307634
9.84066 8.85638 0.298238
9.84066 8.85638 0.298238
9.84066 8.85638 0.298238
9.84066 8.85638 0.298238
9.84066 8.85638 0.298238
9.84066 8.85638 0.298238
9.84066 8.85638 0.298238
9.84066 8.85638 0.298238
9.84066 8.85638 0.298238
9.84066 8.85638 0.298238
9.84066 8.85638 0.298238
9.3454 9.23121 0.311873
9.3454 9.23121 0.311873
9.3454 9.23121 0.311873
9.3454 9.23121 0.311873
9.3454 9.23121 0.311873
9.49209 8.88676 0.304064
9.49209 8.88676 0.304064
9.49209 8.88676 0.304064
9.49209 8.88676 0.304064
9.49209 8.88676 0.304064
9.49209 8.88676 0.304064
9.49209 8.88676 0.304064
9.49209 8.88676 0.304064
9.49209 8.88676 0.304064
9.49209 8.88676 0.304064
9.49209 8.88676 0.304064
9.46252 9.54754 0.296906
9.46252 9.54754 0.296906
9.46252 9.54754 0.296906
9.46252 9.54754 0.296906
9.46252 9.54754 0.296906
9.46252 9.54754 0.296906
9.46252 9.54754 0.296906
9.92491 8.91564 0.301077
9.92491 8.91564 0.301077
9.92491 8.91564 0.301077
9.92491 8.91564 0.301077
9.92491 8.91564 0.301077
9.92491 8.91564 0.301077
9.62316 9.4152 0.311699
9.57102 9.10428 0.301765
9.13293 9.29104 0.305905
9.13293 9.29104 0.305905
9.13293 9.29104 0.305905
8.98397 9.39071 0.305114
9.57695 9.29432 0.307367
9.50255 9.12 0.316426
9.50255 9.12 0.316426
9.27392 9.34321 0.306546
9.27392 9.34321 0.306546
9.27392 9.34321 0.306546
9.60226 9.33091 0.311356
9.60226 9.33091 0.311356
9.60226 9.33091 0.311356
9.60226 9.33091 0.311356
9.60226 9.33091 0.311356
9.60226 9.33091 0.311356
9.60226 9.33091 0.311356
9.60226 9.33091 0.311356
9.60226 9.33091 0.311356
9.60226 9.33091 0.311356
9.60226 9.33091 0.311356
9.60226 9.33091 0.311356
9.66263 9.39789 0.299595
9.66263 9.39789 0.299595
9.27687 9.0662 0.290706
9.33914 9.50686 0.319764
9.33914 9.50686 0.319764
9.33914 9.50686 0.319764
9.33914 9.50686 0.319764
9.33914 9.50686 0.319764
9.33914 9.50686 0.319764
9.33914 9.50686 0.319764
9.33914 9.50686 0.319764
9.33914 9.50686 0.319764
9.33914 9.50686 0.319764
9.31008 9.50455 0.302582
9.31008 9.50455 0.302582
9.31008 9.50455 0.302582
9.31008 9.50455 0.302582
9.31008 9.50455 0.302582
9.31008 9.50455 0.302582
9.31008 9.50455 0.302582
9.31008 9.50455 0.302582
9.95462 9.5465 0.303225
9.11335 9.86606 0.312146
9.11335 9.86606 0.312146
9.11335 9.86606 0.312146
9.84848 9.42021 0.30094
9.84848 9.42021 0.30094
9.84848 9.42021 0.30094
9.84848 9.42021 0.30094
9.84848 9.42021 0.30094
9.84848 9.42021 0.30094
9.11503 9.19963 0.295189
9.11503 9.19963 0.295189
9.11503 9.19963 0.295189
9.11503 9.19963 0.295189
9.11503 9.19963 0.295189
9.766 9.51371 0.297536
9.766 9.51371 0.297536
9.766 9.51371 0.297536
9.766 9.51371 0.297536
9.66537 9.59125 0.300554
9.66537 9.59125 0.300554
9.66537 9.59125 0.300554
9.66537 9.59125 0.300554
9.09333 9.18477 0.30081
9.09333 9.18477 0.30081
9.57016 9.33558 0.296889
9.48125 9.35594 0.311281
9.48125 9.35594 0.311281
9.48125 9.35594 0.311281
9.48125 9.35594 0.311281
9.48125 9.35594 0.311281
9.35422 8.94631 0.311859
9.46402 9.49802 0.308576
9.46402 9.49802 0.308576
9.46402 9.49802 0.308576
9.46402 9.49802 0.308576
9.46402 9.49802 0.308576
9.64525 8.976 0.284144
9.64525 8.976 0.284144
9.56315 9.60849 0.28702
9.56315 9.60849 0.28702
9.56315 9.60849 0.28702
9.56315 9.60849 0.28702
9.56315 9.60849 0.28702
9.29921 9.32681 0.316766
9.14338 9.01348 0.308341
9.14338 9.01348 0.308341
9.37542 9.53939 0.302119
9.37542 9.53939 0.302119
8.93831 9.41286 0.303428
8.93831 9.41286 0.303428
8.93831 9.41286 0.303428
9.2318 9.23944 0.314821
9.2318 9.23944 0.314821
9.2318 9.23944 0.314821
9.2318 9.23944 0.314821
9.2318 9.23944 0.314821
9.2318 9.23944 0.314821
9.2318 9.23944 0.314821
8.98879 9.33743 0.310148
8.98879 9.33743 0.310148
8.98879 9.33743 0.310148
9.77177 9.48002 0.303647
9.77177 9.48002 0.303647
9.77177 9.48002 0.303647
9.77177 9.48002 0.303647
9.77177 9.48002 0.303647
9.77177 9.48002 0.303647
9.77177 9.48002 0.303647
9.77177 9.48002 0.303647
9.77177 9.48002 0.303647
9.4182 9.5377 0.298759
9.4182 9.5377 0.298759
9.4182 9.5377 0.298759
9.4182 9.5377 0.298759
9.4182 9.5377 0.298759
9.4182 9.5377 0.298759
9.34488 9.37525 0.294281
9.34488 9.37525 0.294281
9.39734 9.77824 0.294033
9.39734 9.77824 0.294033
9.57757 9.67001 0.2908
9.57757 9.67001 0.2908
9.57757 9.67001 0.2908
9.63767 9.53517 0.305405
9.63767 9.53517 0.305405
9.63767 9.53517 0.305405
9.63767 9.53517 0.305405
9.63767 9.53517 0.305405
9.39316 9.30437 0.31774
9.39316 9.30437 0.31774
9.39316 9.30437 0.31774
9.39316 9.30437 0.31774
9.39316 9.30437 0.31774
9.39316 9.30437 0.31774
9.39316 9.30437 0.31774
9.39316 9.30437 0.31774
8.98671 9.48021 0.310895
8.98671 9.48021 0.310895
8.98671 9.48021 0.310895
9.33196 10.1872 0.313004
9.33196 10.1872 0.313004
9.33196 10.1872 0.313004
9.33196 10.1872 0.313004
9.33196 10.1872 0.313004
9.33196 10.1872 0.313004
9.33196 10.1872 0.313004
9.33196 10.1872 0.313004
9.33196 10.1872 0.313004
9.33196 10.1872 0.313004
9.33196 10.1872 0.313004
9.33196 10.1872 0.313004
9.33196 10.1872 0.313004
9.33196 10.1872 0.313004
9.33196 10.1872 0.313004
10.1267 9.44551 0.32714
10.1267 9.44551 0.32714
9.29039 9.77391 0.296016
9.29039 9.77391 0.296016
9.29039 9.77391 0.296016
9.29039 9.77391 0.296016
9.29039 9.77391 0.296016
9.29039 9.77391 0.296016
9.29039 9.77391 0.296016
9.29039 9.77391 0.296016
9.29039 9.77391 0.296016
9.29039 9.77391 0.296016
9.28961 9.50934 0.293661
9.28961 9.50934 0.293661
9.28961 9.50934 0.293661
9.28961 9.50934 0.293661
9.28961 9.50934 0.293661
9.28961 9.50934 0.293661
9.28961 9.50934 0.293661
9.28961 9.50934 0.293661
9.28961 9.50934 0.293661
9.69587 9.68286 0.303782
9.85166 9.20024 0.334562
9.85166 9.20024 0.334562
9.85166 9.20024 0.334562
9.85166 9.20024 0.334562
9.85166 9.20024 0.334562
9.85166 9.20024 0.334562
9.85166 9.20024 0.334562
9.85166 9.20024 0.334562
9.85166 9.20024 0.334562
9.85166 9.20024 0.334562
9.85166 9.20024 0.334562
9.85166 9.20024 0.334562
9.85166 9.20024 0.334562
9.85166 9.20024 0.334562
9.85166 9.20024 0.334562
9.85166 9.20024 0.334562
9.85166 9.20024 0.334562
9.85166 9.20024 0.334562
9.85166 9.20024 0.334562
9.85166 9.20024 0.334562
9.85166 9.20024 0.334562
9.85166 9.20024 0.334562
9.85166 9.20024 0.334562
9.85166 9.20024 0.334562
9.85166 9.20024 0.334562
9.85166 9.20024 0.334562
9.85166 9.20024 0.334562
9.85166 9.20024 0.334562
8.61865 8.77552 0.305297
8.61865 8.77552 0.305297
9.95099 9.27684 0.294694
9.95099 9.27684 0.294694
9.695 9.31764 0.297576
9.695 9.31764 0.297576
9.695 9.31764 0.297576
9.695 9.31764 0.297576
9.695 9.31764 0.297576
9.695 9.31764 0.297576
9.695 9.31764 0.297576
9.695 9.31764 0.297576
9.1743 9.30691 0.307865
8.98549 9.47742 0.340909
9.31338 9.34267 0.30267
9.31338 9.34267 0.30267
9.31338 9.34267 0.30267
9.31338 9.34267 0.30267
9.77285 9.35891 0.309178
9.77285 9.35891 0.309178
9.16961 9.22503 0.319828
9.16961 9.22503 0.319828
9.16961 9.22503 0.319828
9.16961 9.22503 0.319828
9.16961 9.22503 0.319828
9.16961 9.22503 0.319828
9.16961 9.22503 0.319828
9.16961 9.22503 0.319828
9.16961 9.22503 0.319828
9.16961 9.22503 0.319828
9.16961 9.22503 0.319828
8.96033 9.075 0.289142
8.96033 9.075 0.289142
8.96033 9.075 0.289142
8.96033 9.075 0.289142
8.96033 9.075 0.289142
8.96033 9.075 0.289142
9.4408 8.97481 0.306163
9.5457 9.43257 0.318123
9.5457 9.43257 0.318123
9.77283 9.00126 0.304516
9.77283 9.00126 0.304516
9.43265 10.0647 0.316187
9.43265 10.0647 0.316187
9.43265 10.0647 0.316187
9.43265 10.0647 0.316187
9.43265 10.0647 0.316187
9.16611 9.13474 0.305734
9.16611 9.13474 0.305734
9.16611 9.13474 0.305734
9.02927 9.18046 0.301434
9.02927 9.18046 0.301434
9.02927 9.18046 0.301434
9.02927 9.18046 0.301434
9.02927 9.18046 0.301434
9.02927 9.18046 0.301434
9.02927 9.18046 0.301434
9.02927 9.18046 0.301434
9.02927 9.18046 0.301434
9.02927 9.18046 0.301434
9.37024 9.36336 0.295618
9.56273 9.97507 0.304924
9.56273 9.97507 0.304924
9.56273 9.97507 0.304924
9.56273 9.97507 0.304924
9.76164 9.0007 0.306187
9.76164 9.0007 0.306187
10.0211 9.21558 0.30693
10.0211 9.21558 0.30693
10.0211 9.21558 0.30693
9.41841 10.0994 0.294566
9.41841 10.0994 0.294566
9.41841 10.0994 0.294566
9.41841 10.0994 0.294566
9.36804 9.30233 0.306297
9.2831 9.25882 0.299416
9.36901 9.31836 0.287601
9.36901 9.31836 0.287601
9.36901 9.31836 0.287601
8.96891 9.08306 0.304687
9.29402 9.30114 0.316602
9.29402 9.30114 0.316602
9.29402 9.30114 0.316602
9.29402 9.30114 0.316602
9.29402 9.30114 0.316602
9.29402 9.30114 0.316602
9.29402 9.30114 0.316602
9.29402 9.30114 0.316602
9.29402 9.30114 0.316602
9.29402 9.30114 0.316602
9.29402 9.30114 0.316602
9.30331 9.61658 0.306978
9.30331 9.61658 0.306978
9.30331 9.61658 0.306978
9.30331 9.61658 0.306978
9.30331 9.61658 0.306978
9.30331 9.61658 0.306978
9.30331 9.61658 0.306978
9.30331 9.61658 0.306978
9.30331 9.61658 0.306978
9.30331 9.61658 0.306978
9.0559 9.44055 0.302363
9.0559 9.44055 0.302363
9.0559 9.44055 0.302363
9.0559 9.44055 0.302363
9.0559 9.44055 0.302363
9.0559 9.44055 0.302363
9.0559 9.44055 0.302363
9.0559 9.44055 0.302363
9.0559 9.44055 0.302363
9.0559 9.44055 0.302363
8.82359 9.98554 0.303522
8.82359 9.98554 0.303522
8.82359 9.98554 0.303522
8.78724 8.72352 0.313309
8.78724 8.72352 0.313309
8.78724 8.72352 0.313309
8.64735 8.80978 0.31194
8.64735 8.80978 0.31194
8.64735 8.80978 0.31194
8.61822 8.56488 0.313098
8.61822 8.56488 0.313098
8.61822 8.56488 0.313098
8.46309 8.34639 0.311967
8.46309 8.34639 0.311967
8.46309 8.34639 0.311967
8.46309 8.34639 0.311967
10.2082 9.87305 0.284238
10.2082 9.87305 0.284238
10.2082 9.87305 0.284238
10.8306 10.2777 0.288539
11.0259 10.7224 0.30005
11.0259 10.7224 0.30005
11.0259 10.7224 0.30005
11.0259 10.7224 0.30005
11.0259 10.7224 0.30005
11.0259 10.7224 0.30005
11.0259 10.7224 0.30005
11.0259 10.7224 0.30005
11.0259 10.7224 0.30005
11.0259 10.7224 0.30005
11.0259 10.7224 0.30005
11.0259 10.7224 0.30005
11.0259 10.7224 0.30005
11.0259 10.7224 0.30005
11.0259 10.7224 0.30005
11.0259 10.7224 0.30005
10.8176 10.0112 0.304734
10.8176 10.0112 0.304734
10.8176 10.0112 0.304734
10.9393 10.7773 0.305694
10.2608 10.567 0.312077
10.7958 10.6662 0.292617
10.7958 10.6662 0.292617
10.7958 10.6662 0.292617
10.7958 10.6662 0.292617
10.7958 10.6662 0.292617
10.7958 10.6662 0.292617
10.1123 11.0236 0.298808
10.1123 11.0236 0.298808
10.1123 11.0236 0.298808
10.5611 10.8742 0.292915
10.5611 10.8742 0.292915
10.5611 10.8742 0.292915
10.5611 10.8742 0.292915
10.5611 10.8742 0.292915
10.5611 10.8742 0.292915
10.5611 10.8742 0.292915
10.5611 10.8742 0.292915
10.5611 10.8742 0.292915
10.5611 10.8742 0.292915
10.2458 10.5343 0.300764
10.2458 10.5343 0.300764
10.2458 10.5343 0.300764
10.4873 10.5256 0.328534
10.4873 10.5256 0.328534
10.4873 10.5256 0.328534
10.4873 10.5256 0.328534
10.128 10.5739 0.299956
10.128 10.5739 0.299956
10.128 10.5739 0.299956
10.9801 10.3152 0.293168
10.9801 10.3152 0.293168
10.9801 10.3152 0.293168
10.9801 10.3152 0.293168
10.7942 10.6839 0.273765
10.7942 10.6839 0.273765
10.7942 10.6839 0.273765
10.7942 10.6839 0.273765
10.7942 10.6839 0.273765
10.7942 10.6839 0.273765
10.9015 10.2911 0.292887
10.9015 10.2911 0.292887
10.9015 10.2911 0.292887
10.9015 10.2911 0.292887
10.293 10.5584 0.31049
10.293 10.5584 0.31049
10.293 10.5584 0.31049
10.293 10.5584 0.31049
10.293 10.5584 0.31049
10.293 10.5584 0.31049
10.293 10.5584 0.31049
10.293 10.5584 0.31049
10.293 10.5584 0.31049
10.293 10.5584 0.31049
10.293 10.5584 0.31049
10.9293 10.3491 0.30831
10.5613 10.5232 0.304348
10.1969 10.5715 0.295434
10.6889 10.3394 0.297765
10.6889 10.3394 0.297765
10.6889 10.3394 0.297765
10.6889 10.3394 0.297765
10.6889 10.3394 0.297765
10.4792 10.3356 0.309156
10.4792 10.3356 0.309156
10.4792 10.3356 0.309156
10.9941 10.4994 0.307275
10.9941 10.4994 0.307275
10.9941 10.4994 0.307275
10.9941 10.4994 0.307275
10.9941 10.4994 0.307275
10.9941 10.4994 0.307275
10.9941 10.4994 0.307275
10.9941 10.4994 0.307275
10.9941 10.4994 0.307275
10.9941 10.4994 0.307275
10.3503 10.8614 0.283467
10.3503 10.8614 0.283467
10.3503 10.8614 0.283467
10.8541 10.618 0.293922
10.8541 10.618 0.293922
10.8541 10.618 0.293922
10.8541 10.618 0.293922
10.8541 10.618 0.293922
10.8541 10.618 0.293922
10.8541 10.618 0.293922
10.8541 10.618 0.293922
10.8541 10.618 0.293922
10.8541 10.618 0.293922
10.8541 10.618 0.293922
10.8541 10.618 0.293922
10.8541 10.618 0.293922
10.8541 10.618 0.293922
10.8541 10.618 0.293922
10.5523 10.4619 0.28658
10.5523 10.4619 0.28658
11.3634 10.9241 0.292977
11.3634 10.9241 0.292977
11.3634 10.9241 0.292977
11.3634 10.9241 0.292977
11.3634 10.9241 0.292977
10.9233 10.7122 0.2992
10.9233 10.7122 0.2992
10.9233 10.7122 0.2992
10.9233 10.7122 0.2992
10.9233 10.7122 0.2992
10.9233 10.7122 0.2992
10.9233 10.7122 0.2992
10.9233 10.7122 0.2992
10.9233 10.7122 0.2992
10.9233 10.7122 0.2992
10.9233 10.7122 0.2992
10.9233 10.7122 0.2992
10.9233 10.7122 0.2992
10.9233 10.7122 0.2992
10.9233 10.7122 0.2992
10.9233 10.7122 0.2992
10.9233 10.7122 0.2992
10.9233 10.7122 0.2992
10.9233 10.7122 0.2992
10.9233 10.7122 0.2992
10.9233 10.7122 0.2992
10.9233 10.7122 0.2992
10.7553 10.8715 0.322524
10.7553 10.8715 0.322524
10.7553 10.8715 0.322524
10.7553 10.8715 0.322524
10.7553 10.8715 0.322524
10.7553 10.8715 0.322524
10.7553 10.8715 0.322524
10.2417 10.4573 0.317493
10.2417 10.4573 0.317493
10.2417 10.4573 0.317493
10.2417 10.4573 0.317493
10.5959 10.7762 0.320478
10.5959 10.7762 0.320478
10.5959 10.7762 0.320478
10.8224 11.0465 0.308367
10.8224 11.0465 0.308367
10.8813 10.7037 0.308374
10.8813 10.7037 0.308374
10.8813 10.7037 0.308374
10.8813 10.7037 0.308374
10.8813 10.7037 0.308374
10.8813 10.7037 0.308374
10.8813 10.7037 0.308374
11.523 11.1876 0.317588
10.8266 10.5468 0.287312
10.8266 10.5468 0.287312
10.8266 10.5468 0.287312
10.8266 10.5468 0.287312
10.8266 10.5468 0.287312
10.8266 10.5468 0.287312
10.8266 10.5468 0.287312
11.4157 11.4717 0.309504
11.4157 11.4717 0.309504
11.4157 11.4717 0.309504
11.4157 11.4717 0.309504
11.4157 11.4717 0.309504
11.4304 11.7374 0.309498
11.4304 11.7374 0.309498
11.4014 11.4116 0.294097
11.5122 11.4293 0.281559
11.5122 11.4293 0.281559
11.5122 11.4293 0.281559
10.9415 11.1461 0.309034
11.5002 11.0457 0.307449
11.5002 11.0457 0.307449
11.5002 11.0457 0.307449
11.5002 11.0457 0.307449
11.5002 11.0457 0.307449
11.9558 11.1886 0.284706
11.5831 11.4279 0.307848
11.5831 11.4279 0.307848
11.5831 11.4279 0.307848
11.5831 11.4279 0.307848
12.0207 11.454 0.315854
12.0207 11.454 0.315854
12.0207 11.454 0.315854
12.0207 11.454 0.315854
12.0207 11.454 0.315854
12.0207 11.454 0.315854
11.4188 11.3089 0.317674
11.4188 11.3089 0.317674
11.4188 11.3089 0.317674
11.4188 11.3089 0.317674
11.0989 11.9026 0.308561
11.2314 11.0118 0.31314
11.2314 11.0118 0.31314
11.2314 11.0118 0.31314
11.2314 11.0118 0.31314
11.2314 11.0118 0.31314
11.2314 11.0118 0.31314
11.8074 11.5003 0.302908
11.8074 11.5003 0.302908
11.8074 11.5003 0.302908
11.9234 11.3559 0.27805
11.9234 11.3559 0.27805
11.9234 11.3559 0.27805
11.9234 11.3559 0.27805
10.9579 11.8803 0.319068
10.9579 11.8803 0.319068
10.9579 11.8803 0.319068
10.9579 11.8803 0.319068
10.9579 11.8803 0.319068
10.9579 11.8803 0.319068
10.9579 11.8803 0.319068
10.9579 11.8803 0.319068
10.9579 11.8803 0.319068
11.7417 11.1379 0.302313
11.7417 11.1379 0.302313
11.7417 11.1379 0.302313
11.7417 11.1379 0.302313
11.7417 11.1379 0.302313
11.7417 11.1379 0.302313
11.7397 11.4632 0.318212
6.04087 6.28655 0.0126829
6.04087 6.28655 0.0126829
6.04087 6.28655 0.0126829
6.04087 6.28655 0.0126829
6.04087 6.28655 0.0126829
6.04087 6.28655 0.0126829
6.04087 6.28655 0.0126829
16.3693 16.6337 0.272684
16.3389 16.2436 0.267343
16.3389 16.2436 0.267343
16.3389 16.2436 0.267343
16.3389 16.2436 0.267343
16.3389 16.2436 0.267343
16.3389 16.2436 0.267343
16.5658 16.1268 0.269423
16.5658 16.1268 0.269423
16.5658 16.1268 0.269423
15.8762 16.3309 0.273887
16.467 15.6171 0.28137
16.467 15.6171 0.28137
16.2652 15.731 0.283403
16.2652 15.731 0.283403
16.2652 15.731 0.283403
16.8374 15.9995 0.264546
16.8374 15.9995 0.264546
16.8374 15.9995 0.264546
16.4864 16.3976 0.269877
15.9703 16.451 0.273839
15.9703 16.451 0.273839
16.2745 16.5113 0.274334
16.2745 16.5113 0.274334
16.2745 16.5113 0.274334
16.1965 16.2843 0.271956
16.4636 16.1713 0.278283
16.4636 16.1713 0.278283
16.2439 15.9472 0.28508
16.2439 15.9472 0.28508
15.9102 15.7857 0.284693
16.3914 16.2431 0.289287
16.5685 16.2728 0.291203
16.5685 16.2728 0.291203
16.2204 16.5611 0.275037
16.2204 16.5611 0.275037
15.9527 16.0949 0.266117
15.9527 16.0949 0.266117
15.9527 16.0949 0.266117
16.5554 15.9782 0.25572
16.602 16.6566 0.274538
15.9994 16.363 0.28333
15.9994 16.363 0.28333
15.9621 16.2505 0.304504
15.9621 16.2505 0.304504
15.9621 16.2505 0.304504
15.9621 16.2505 0.304504
15.9621 16.2505 0.304504
15.589 15.5923 0.263885
15.589 15.5923 0.263885
15.589 15.5923 0.263885
15.589 15.5923 0.263885
15.589 15.5923 0.263885
15.589 15.5923 0.263885
15.589 15.5923 0.263885
16.2519 16.5242 0.273691
16.2519 16.5242 0.273691
16.2519 16.5242 0.273691
16.2519 16.5242 0.273691
17.3006 17.0945 0.260782
17.3006 17.0945 0.260782
17.4345 17.8017 0.29133
17.4345 17.8017 0.29133
17.4345 17.8017 0.29133
17.4345 17.8017 0.29133
16.9032 17.3422 0.268136
17.2409 17.2053 0.262943
17.6084 17.4138 0.27854
17.282 17.5401 0.280744
17.3502 17.4571 0.2662
17.7148 17.1314 0.27023
18.1391 17.6607 0.272404
17.4566 17.0304 0.286521
17.6717 17.4969 0.275421
17.6717 17.4969 0.275421
17.5279 17.5666 0.280298
17.5279 17.5666 0.280298
17.669 17.8928 0.269298
17.669 17.8928 0.269298
17.669 17.8928 0.269298
17.669 17.8928 0.269298
17.5177 17.4559 0.269805
17.4052 17.3988 0.270609
17.4052 17.3988 0.270609
17.4835 17.6369 0.287551
17.4835 17.6369 0.287551
17.2038 17.406 0.282123
17.2038 17.406 0.282123
17.982 17.6224 0.276864
17.982 17.6224 0.276864
17.9967 17.806 0.301353
17.9967 17.806 0.301353
17.3853 17.466 0.265647
17.3853 17.466 0.265647
17.2262 17.6747 0.263037
17.076 17.3193 0.274707
17.076 17.3193 0.274707
17.076 17.3193 0.274707
17.076 17.3193 0.274707
17.4354 17.8531 0.272518
