16.3974 16.354 0.296558
28.0268 28.0831 0.232086
22.3479 22.4181 0.262509
10.7197 10.6194 0.333591
11.3528 11.3776 0.301853
11.2885 11.4187 0.317347
23.631 23.794 0.277553
34.1136 34.4505 0.191015
17.4042 17.8942 0.284772
19.2348 18.4538 0.256467
14.6529 14.6041 0.283581
10.3561 10.7326 0.298809
16.4344 16.8535 0.281515
10.3423 9.90214 0.291107
26.1582 26.495 0.24146
9.58977 9.43365 0.291005
19.2348 18.4538 0.256467
33.2078 33.0011 0.194467
26.9537 27.1871 0.222854
24.6296 25.1389 0.246413
9.5903 10.0193 0.311043
15.5643 15.9557 0.307769
20.9975 20.802 0.281958
11.9624 12.0525 0.304642
19.7705 19.8407 0.277606
16.4344 16.8535 0.281515
10.347 10.3249 0.309636
32.4712 32.1817 0.219636
10.1126 10.2139 0.294161
30.8504 29.939 0.236766
26.5862 26.4153 0.234756
27.5366 27.3415 0.229327
10.3423 9.90214 0.291107
26.5128 26.1478 0.20467
31.7298 31.7546 0.187552
34.6387 35.1147 0.188994
19.5649 18.6535 0.297894
20.743 20.5869 0.243734
9.39852 9.87457 0.312378
20.8937 20.9118 0.267489
33.2078 33.0011 0.194467
14.7453 14.6678 0.281354
24.0401 24.6951 0.256724
10.7409 10.57 0.300085
11.3271 11.9821 0.313649
26.4694 26.3968 0.239085
32.8937 32.5692 0.206614
27.8416 27.4015 0.222687
30.0577 29.3271 0.216039
9.75382 8.97282 0.30782
29.5055 28.8675 0.231992
26.9537 27.1871 0.222854
9.39852 9.87457 0.312378
16.1507 15.8128 0.316045
22.8236 22.4544 0.277171
20.1103 19.5612 0.283409
30.8504 29.939 0.236766
16.2032 15.9965 0.292768
27.4744 27.1094 0.203827
22.4205 22.9105 0.275979
23.0448 22.4068 0.266382
34.7133 34.4234 0.200029
22.4534 22.2854 0.27058
20.8324 20.6257 0.259427
11.6142 11.2764 0.318521
35.1135 35.0701 0.187104
14.6529 14.6041 0.283581
16.0716 15.1602 0.320489
9.22828 9.25309 0.302213
33.5602 34.0472 0.196834
26.4588 26.3875 0.24176
26.5128 26.1478 0.20467
11.2885 11.4187 0.317347
28.1848 27.847 0.247119
11.2885 11.4187 0.317347
12.3333 12.2331 0.325817
10.1509 9.62505 0.317959
22.4409 23.2066 0.273534
27.641 28.0375 0.242506
9.39852 9.87457 0.312378
27.7889 27.0273 0.211622
13.8834 14.3594 0.28122
19.2348 18.4538 0.256467
14.0762 13.8435 0.277601
27.641 28.0375 0.242506
18.298 17.9685 0.298419
25.9349 25.4139 0.215467
10.3561 10.7326 0.298809
27.9464 27.7573 0.230907
11.6142 11.2764 0.318521
6.12699 6.26278 -0.00087697
10.7197 10.6194 0.333591
30.822 31.1589 0.21672
13.8834 14.3594 0.28122
11.2885 11.4187 0.317347
32.0035 32.0937 0.175268
10.4728 10.266 0.299113
26.1813 26.1325 0.242214
10.1126 10.2139 0.294161
22.9475 22.7795 0.264937
22.8068 22.4573 0.263104
22.8068 22.4573 0.263104
22.1518 22.9142 0.267543
22.1518 22.9142 0.267543
22.1518 22.9142 0.267543
22.1518 22.9142 0.267543
22.1518 22.9142 0.267543
22.4029 22.1131 0.273416
22.4029 22.1131 0.273416
22.4029 22.1131 0.273416
22.4029 22.1131 0.273416
22.4029 22.1131 0.273416
22.774 22.5785 0.279232
22.774 22.5785 0.279232
22.774 22.5785 0.279232
22.774 22.5785 0.279232
22.774 22.5785 0.279232
22.774 22.5785 0.279232
22.6761 21.5864 0.279408
22.6761 21.5864 0.279408
22.6761 21.5864 0.279408
22.6761 21.5864 0.279408
22.6761 21.5864 0.279408
22.6761 21.5864 0.279408
22.6761 21.5864 0.279408
22.6761 21.5864 0.279408
22.6761 21.5864 0.279408
22.8027 22.6076 0.27293
22.8027 22.6076 0.27293
22.8027 22.6076 0.27293
22.8027 22.6076 0.27293
22.8027 22.6076 0.27293
21.8834 22.6163 0.29066
21.8834 22.6163 0.29066
23.055 22.2934 0.255225
23.055 22.2934 0.255225
22.5365 21.8059 0.269197
22.5365 21.8059 0.269197
22.5365 21.8059 0.269197
22.0024 22.5117 0.26376
22.0024 22.5117 0.26376
22.0024 22.5117 0.26376
22.0024 22.5117 0.26376
22.0024 22.5117 0.26376
22.877 22.7062 0.257673
22.877 22.7062 0.257673
22.877 22.7062 0.257673
22.877 22.7062 0.257673
22.877 22.7062 0.257673
22.877 22.7062 0.257673
22.877 22.7062 0.257673
22.877 22.7062 0.257673
22.877 22.7062 0.257673
22.877 22.7062 0.257673
22.5201 22.9491 0.261047
22.5201 22.9491 0.261047
22.5201 22.9491 0.261047
22.5201 22.9491 0.261047
22.5201 22.9491 0.261047
22.3879 22.3762 0.256474
22.3879 22.3762 0.256474
22.3879 22.3762 0.256474
22.3641 22.0664 0.27489
22.3641 22.0664 0.27489
22.6378 22.0887 0.266422
22.6378 22.0887 0.266422
22.6378 22.0887 0.266422
22.6378 22.0887 0.266422
22.6378 22.0887 0.266422
22.0518 22.2544 0.262847
22.0518 22.2544 0.262847
22.0518 22.2544 0.262847
22.0518 22.2544 0.262847
22.6836 21.9026 0.257823
22.6836 21.9026 0.257823
22.683 22.7532 0.264134
22.683 22.7532 0.264134
22.683 22.7532 0.264134
22.683 22.7532 0.264134
22.683 22.7532 0.264134
22.683 22.7532 0.264134
22.8236 22.4544 0.277171
22.8236 22.4544 0.277171
22.8236 22.4544 0.277171
22.8236 22.4544 0.277171
22.2307 22.3609 0.278805
22.2307 22.3609 0.278805
9.6557 9.67395 0.297438
9.6557 9.67395 0.297438
9.6557 9.67395 0.297438
9.6557 9.67395 0.297438
9.6557 9.67395 0.297438
9.6557 9.67395 0.297438
9.6557 9.67395 0.297438
9.6557 9.67395 0.297438
12.4921 12.7056 0.292599
12.4921 12.7056 0.292599
12.4921 12.7056 0.292599
12.4921 12.7056 0.292599
12.4921 12.7056 0.292599
24.0932 23.5099 0.241706
24.0844 23.8846 0.274106
24.0844 23.8846 0.274106
24.4644 24.3406 0.228472
24.4644 24.3406 0.228472
24.4644 24.3406 0.228472
24.3283 24.3557 0.248103
24.3283 24.3557 0.248103
24.3283 24.3557 0.248103
24.3283 24.3557 0.248103
24.3283 24.3557 0.248103
24.4408 23.6347 0.263048
24.4408 23.6347 0.263048
23.9551 23.8863 0.243143
23.9551 23.8863 0.243143
23.9551 23.8863 0.243143
23.9551 23.8863 0.243143
23.9551 23.8863 0.243143
24.0202 24.3549 0.252867
24.0202 24.3549 0.252867
24.0202 24.3549 0.252867
24.3627 24.059 0.228003
24.3627 24.059 0.228003
24.3627 24.059 0.228003
24.3627 24.059 0.228003
24.3627 24.059 0.228003
24.3627 24.059 0.228003
24.3627 24.059 0.228003
24.3627 24.059 0.228003
24.3627 24.059 0.228003
24.479 24.4108 0.244974
24.479 24.4108 0.244974
24.479 24.4108 0.244974
24.1185 24.5785 0.256633
24.1185 24.5785 0.256633
24.1185 24.5785 0.256633
24.1185 24.5785 0.256633
24.1185 24.5785 0.256633
24.1185 24.5785 0.256633
24.1185 24.5785 0.256633
24.4266 24.2045 0.243351
24.4266 24.2045 0.243351
23.9973 23.4543 0.216502
23.9973 23.4543 0.216502
23.9973 23.4543 0.216502
24.3252 24.3845 0.254303
24.3765 24.1983 0.254979
24.3765 24.1983 0.254979
24.5256 23.8674 0.2294
24.5256 23.8674 0.2294
24.5256 23.8674 0.2294
24.5256 23.8674 0.2294
24.5256 23.8674 0.2294
24.5256 23.8674 0.2294
24.6227 23.7508 0.239401
24.6227 23.7508 0.239401
24.6227 23.7508 0.239401
24.6227 23.7508 0.239401
24.6227 23.7508 0.239401
24.6227 23.7508 0.239401
24.6227 23.7508 0.239401
24.6227 23.7508 0.239401
24.6227 23.7508 0.239401
24.6227 23.7508 0.239401
24.6227 23.7508 0.239401
24.6227 23.7508 0.239401
24.6227 23.7508 0.239401
24.6227 23.7508 0.239401
24.6227 23.7508 0.239401
24.6227 23.7508 0.239401
24.6227 23.7508 0.239401
24.6227 23.7508 0.239401
24.6227 23.7508 0.239401
24.6227 23.7508 0.239401
24.6227 23.7508 0.239401
24.6227 23.7508 0.239401
24.6227 23.7508 0.239401
24.6227 23.7508 0.239401
24.6227 23.7508 0.239401
24.6227 23.7508 0.239401
17.5056 18.0727 0.275273
17.8294 17.9291 0.28891
17.8294 17.9291 0.28891
17.8294 17.9291 0.28891
17.8294 17.9291 0.28891
17.8294 17.9291 0.28891
17.8294 17.9291 0.28891
17.8294 17.9291 0.28891
17.8294 17.9291 0.28891
17.8294 17.9291 0.28891
17.8294 17.9291 0.28891
17.8294 17.9291 0.28891
17.499 17.4118 0.294243
17.499 17.4118 0.294243
17.499 17.4118 0.294243
17.499 17.4118 0.294243
17.499 17.4118 0.294243
17.499 17.4118 0.294243
17.499 17.4118 0.294243
17.499 17.4118 0.294243
19.5283 19.4648 0.283662
19.5283 19.4648 0.283662
19.5283 19.4648 0.283662
19.5283 19.4648 0.283662
19.5283 19.4648 0.283662
19.5283 19.4648 0.283662
19.5283 19.4648 0.283662
19.5283 19.4648 0.283662
19.5283 19.4648 0.283662
19.5283 19.4648 0.283662
19.5283 19.4648 0.283662
19.5283 19.4648 0.283662
19.5283 19.4648 0.283662
19.5283 19.4648 0.283662
20.091 19.9436 0.285984
20.091 19.9436 0.285984
20.091 19.9436 0.285984
20.091 19.9436 0.285984
19.9067 19.5669 0.277935
20.0085 19.9804 0.292874
20.0085 19.9804 0.292874
20.0085 19.9804 0.292874
20.0085 19.9804 0.292874
19.7472 19.7897 0.278623
19.8308 19.6155 0.269176
19.8308 19.6155 0.269176
8.29265 8.36911 0.310468
8.29265 8.36911 0.310468
8.29265 8.36911 0.310468
8.29265 8.36911 0.310468
8.29265 8.36911 0.310468
8.29265 8.36911 0.310468
8.29265 8.36911 0.310468
8.29265 8.36911 0.310468
8.29265 8.36911 0.310468
8.29265 8.36911 0.310468
8.29265 8.36911 0.310468
8.29265 8.36911 0.310468
8.29265 8.36911 0.310468
8.29265 8.36911 0.310468
8.29265 8.36911 0.310468
8.29265 8.36911 0.310468
8.29265 8.36911 0.310468
8.29265 8.36911 0.310468
8.29265 8.36911 0.310468
8.35208 7.99052 0.319232
8.35208 7.99052 0.319232
8.35208 7.99052 0.319232
8.35208 7.99052 0.319232
8.35208 7.99052 0.319232
8.35208 7.99052 0.319232
8.35208 7.99052 0.319232
8.35208 7.99052 0.319232
7.90373 8.59657 0.335763
7.90373 8.59657 0.335763
7.90373 8.59657 0.335763
7.90373 8.59657 0.335763
7.90373 8.59657 0.335763
7.90373 8.59657 0.335763
7.90373 8.59657 0.335763
7.90373 8.59657 0.335763
7.90373 8.59657 0.335763
7.90373 8.59657 0.335763
7.90373 8.59657 0.335763
7.90373 8.59657 0.335763
7.90373 8.59657 0.335763
7.90373 8.59657 0.335763
7.90373 8.59657 0.335763
7.90373 8.59657 0.335763
7.90373 8.59657 0.335763
7.90373 8.59657 0.335763
7.90373 8.59657 0.335763
8.49479 8.08888 0.330636
8.49479 8.08888 0.330636
8.1726 8.17298 0.328303
8.1726 8.17298 0.328303
7.54428 8.53664 0.297268
7.54428 8.53664 0.297268
9.82286 9.38233 0.315405
9.82286 9.38233 0.315405
9.82286 9.38233 0.315405
9.82286 9.38233 0.315405
9.82286 9.38233 0.315405
9.82286 9.38233 0.315405
9.86619 9.45872 0.310176
9.86619 9.45872 0.310176
9.86619 9.45872 0.310176
9.86619 9.45872 0.310176
9.86619 9.45872 0.310176
9.86619 9.45872 0.310176
9.86619 9.45872 0.310176
9.86619 9.45872 0.310176
9.86619 9.45872 0.310176
9.86619 9.45872 0.310176
9.86619 9.45872 0.310176
9.86619 9.45872 0.310176
9.86619 9.45872 0.310176
9.86619 9.45872 0.310176
9.86619 9.45872 0.310176
9.86619 9.45872 0.310176
