9.877 9.52748 0.313101
9.98836 9.22669 0.294127
26.4694 26.3968 0.239085
10.5339 11.1495 0.291346
18.8795 19.3555 0.261025
28.9438 28.9218 0.232835
6.41059 6.44927 0.336636
23.3313 23.8406 0.258625
39.0225 39.5091 0.159494
19.4282 19.2573 0.256317
15.2874 15.567 0.284193
34.8305 35.2595 0.187659
27.4563 27.4745 0.214933
14.9555 14.2265 0.292377
41.6085 42.0375 0.183734
46.012 46.7777 0.186294
42.8397 42.5429 0.155039
49.9633 50.583 0.164493
41.5678 41.0187 0.178869
26.1601 26.1484 0.213712
43.374 43.2933 0.162259
27.7889 27.0273 0.211622
47.4455 47.5757 0.190521
28.9251 28.5957 0.248136
37.5511 37.3556 0.223147
26.1582 26.495 0.24146
25.4012 25.2057 0.261885
31.8416 31.5521 0.197039
9.5903 10.0193 0.311043
23.3807 23.5833 0.257712
26.4694 26.3968 0.239085
38.3017 38.1497 0.195111
44.417 44.2609 0.149061
10.6001 10.8645 0.309277
39.7704 40.3691 0.170289
29.8161 29.4916 0.21569
34.5716 34.2748 0.182687
31.9523 31.9993 0.190278
14.7496 15.4825 0.315693
10.7197 10.6194 0.333591
39.9361 39.6463 0.181119
39.0853 38.7607 0.172277
11.2885 11.4187 0.317347
46.5864 46.3536 0.165878
20.8937 20.9118 0.267489
26.1582 26.495 0.24146
16.8225 17.4422 0.269532
39.9361 39.6463 0.181119
24.292 24.0593 0.240379
13.3332 13.3111 0.296966
6.41059 6.44927 0.336636
16.111 16.1497 0.32184
18.298 17.9685 0.298419
26.704 27.0953 0.228099
25.4012 25.2057 0.261885
6.26867 7.09974 0.304316
36.9289 37.6913 0.211457
46.2495 46.3508 0.15311
39.7704 40.3691 0.170289
13.2839 13.3401 0.290723
15.4497 15.3771 0.290848
43.0915 43.3938 0.189887
10.6001 10.8645 0.309277
19.2348 18.4538 0.256467
10.1126 10.2139 0.294161
12.8201 13.2115 0.301444
33.9152 34.2175 0.219411
26.1813 26.1325 0.242214
26.1813 26.1325 0.242214
26.704 27.0953 0.228099
14.9555 14.2265 0.292377
49.8615 49.7096 0.16294
20.8937 20.9118 0.267489
6.26297 5.93353 0.0169025
42.436 42.7096 0.172924
16.0587 15.7292 0.318592
6.41392 6.84292 0.31191
46.3978 46.804 0.18302
31.8416 31.5521 0.197039
11.2885 11.4187 0.317347
10.1126 10.2139 0.294161
46.934 45.9104 0.171453
45.2028 45.1594 0.163126
15.831 16.2275 0.283055
36.701 36.6893 0.183929
9.22828 9.25309 0.302213
10.6001 10.8645 0.309277
6.29217 6.34845 0.315809
6.63728 6.66439 0.29874
9.22828 9.25309 0.302213
43.0915 43.3938 0.189887
32.9867 32.975 0.19424
10.1126 10.2139 0.294161
8.04784 7.85237 0.332648
36.8631 37.1039 0.180969
15.8208 16.3301 0.271449
47.5446 47.5116 0.166752
36.701 36.6893 0.183929
12.7976 13.2285 0.304061
13.3332 13.3111 0.296966
27.332 27.8082 0.219765
27.4131 27.8526 0.256512
27.4131 27.8526 0.256512
27.4131 27.8526 0.256512
27.4131 27.8526 0.256512
27.4131 27.8526 0.256512
27.4131 27.8526 0.256512
27.4131 27.8526 0.256512
27.4131 27.8526 0.256512
27.4131 27.8526 0.256512
27.9776 28.251 0.224966
27.9776 28.251 0.224966
27.9776 28.251 0.224966
27.9776 28.251 0.224966
27.9776 28.251 0.224966
27.9776 28.251 0.224966
27.9776 28.251 0.224966
27.9776 28.251 0.224966
27.9333 28.3719 0.227012
27.9333 28.3719 0.227012
6.82638 6.48565 0.291357
6.82638 6.48565 0.291357
6.82638 6.48565 0.291357
7.63651 7.70904 0.32293
7.63651 7.70904 0.32293
7.63651 7.70904 0.32293
7.63651 7.70904 0.32293
7.63651 7.70904 0.32293
20.0081 20.0803 0.301063
20.0081 20.0803 0.301063
20.0081 20.0803 0.301063
20.2817 20.0541 0.284347
20.2817 20.0541 0.284347
20.2817 20.0541 0.284347
20.2817 20.0541 0.284347
20.2817 20.0541 0.284347
20.2817 20.0541 0.284347
20.2817 20.0541 0.284347
20.2817 20.0541 0.284347
20.2817 20.0541 0.284347
20.2817 20.0541 0.284347
20.2817 20.0541 0.284347
20.2817 20.0541 0.284347
20.2817 20.0541 0.284347
20.2817 20.0541 0.284347
20.2817 20.0541 0.284347
20.2817 20.0541 0.284347
20.2817 20.0541 0.284347
20.2817 20.0541 0.284347
20.2817 20.0541 0.284347
20.2817 20.0541 0.284347
20.2817 20.0541 0.284347
20.2817 20.0541 0.284347
20.2817 20.0541 0.284347
20.2817 20.0541 0.284347
20.2817 20.0541 0.284347
20.2817 20.0541 0.284347
20.2817 20.0541 0.284347
20.2817 20.0541 0.284347
20.1568 19.6222 0.293283
20.1568 19.6222 0.293283
20.1568 19.6222 0.293283
20.1568 19.6222 0.293283
20.1568 19.6222 0.293283
20.1568 19.6222 0.293283
20.1568 19.6222 0.293283
20.1568 19.6222 0.293283
20.1568 19.6222 0.293283
20.1568 19.6222 0.293283
20.1568 19.6222 0.293283
20.1568 19.6222 0.293283
20.1568 19.6222 0.293283
19.7653 19.9897 0.296553
19.7653 19.9897 0.296553
19.7653 19.9897 0.296553
19.7653 19.9897 0.296553
19.7653 19.9897 0.296553
19.7653 19.9897 0.296553
19.7653 19.9897 0.296553
19.7653 19.9897 0.296553
19.7653 19.9897 0.296553
19.9684 19.6005 0.282507
19.9684 19.6005 0.282507
19.9684 19.6005 0.282507
19.9684 19.6005 0.282507
19.9684 19.6005 0.282507
19.7255 20.2365 0.279739
19.7255 20.2365 0.279739
19.7255 20.2365 0.279739
19.7255 20.2365 0.279739
19.7255 20.2365 0.279739
19.7255 20.2365 0.279739
19.7255 20.2365 0.279739
19.7255 20.2365 0.279739
19.9386 20.4667 0.273712
19.9386 20.4667 0.273712
19.9386 20.4667 0.273712
19.9386 20.4667 0.273712
19.9386 20.4667 0.273712
19.9386 20.4667 0.273712
31.65 31.3381 0.19162
31.65 31.3381 0.19162
31.65 31.3381 0.19162
31.65 31.3381 0.19162
31.65 31.3381 0.19162
31.9418 31.8894 0.187084
31.9418 31.8894 0.187084
31.9418 31.8894 0.187084
31.9418 31.8894 0.187084
31.9418 31.8894 0.187084
31.9565 32.1909 0.179567
31.9565 32.1909 0.179567
31.9565 32.1909 0.179567
31.9565 32.1909 0.179567
31.9565 32.1909 0.179567
20.9773 21.3497 0.255858
20.9773 21.3497 0.255858
20.9773 21.3497 0.255858
20.3254 20.5404 0.279594
20.3254 20.5404 0.279594
20.3254 20.5404 0.279594
20.3254 20.5404 0.279594
20.3254 20.5404 0.279594
20.3254 20.5404 0.279594
20.3254 20.5404 0.279594
20.3254 20.5404 0.279594
20.3254 20.5404 0.279594
20.3254 20.5404 0.279594
20.3254 20.5404 0.279594
20.3254 20.5404 0.279594
20.3254 20.5404 0.279594
20.3254 20.5404 0.279594
20.3254 20.5404 0.279594
20.5336 20.6709 0.263882
20.5336 20.6709 0.263882
20.5336 20.6709 0.263882
20.5336 20.6709 0.263882
20.5336 20.6709 0.263882
20.5336 20.6709 0.263882
20.5336 20.6709 0.263882
20.5336 20.6709 0.263882
20.4294 20.6719 0.268283
20.4294 20.6719 0.268283
20.4294 20.6719 0.268283
20.4294 20.6719 0.268283
20.4294 20.6719 0.268283
20.4294 20.6719 0.268283
20.4294 20.6719 0.268283
20.4294 20.6719 0.268283
20.4294 20.6719 0.268283
20.4294 20.6719 0.268283
20.4294 20.6719 0.268283
20.4294 20.6719 0.268283
20.4294 20.6719 0.268283
20.4294 20.6719 0.268283
20.4294 20.6719 0.268283
20.4294 20.6719 0.268283
21.3643 20.0159 0.256196
21.3643 20.0159 0.256196
21.3643 20.0159 0.256196
21.3643 20.0159 0.256196
21.3643 20.0159 0.256196
21.3643 20.0159 0.256196
21.3643 20.0159 0.256196
21.3643 20.0159 0.256196
21.3643 20.0159 0.256196
21.3643 20.0159 0.256196
21.3643 20.0159 0.256196
21.3643 20.0159 0.256196
21.3643 20.0159 0.256196
21.3643 20.0159 0.256196
21.3643 20.0159 0.256196
21.3643 20.0159 0.256196
20.8717 20.532 0.260208
20.2502 20.2234 0.273593
20.2502 20.2234 0.273593
20.2502 20.2234 0.273593
20.2502 20.2234 0.273593
20.2502 20.2234 0.273593
20.2502 20.2234 0.273593
20.2502 20.2234 0.273593
20.3321 20.3891 0.273558
20.3321 20.3891 0.273558
20.3321 20.3891 0.273558
20.3321 20.3891 0.273558
20.3321 20.3891 0.273558
20.2544 20.8016 0.265906
20.2544 20.8016 0.265906
20.2544 20.8016 0.265906
20.2544 20.8016 0.265906
20.2544 20.8016 0.265906
20.2544 20.8016 0.265906
20.2544 20.8016 0.265906
20.2544 20.8016 0.265906
20.2544 20.8016 0.265906
19.2076 19.6367 0.296728
16.3389 16.2436 0.267343
16.3389 16.2436 0.267343
16.3389 16.2436 0.267343
16.3389 16.2436 0.267343
