18.8795 19.3555 0.261025
26.4694 26.3968 0.239085
27.4563 27.4745 0.214933
37.1069 37.0739 0.19895
9.38676 9.21869 0.309483
38.0605 38.437 0.188101
29.9934 29.9446 0.211972
7.28648 7.68299 0.328781
9.38676 9.21869 0.309483
31.3749 31.6904 0.19164
13.2839 13.3401 0.290723
20.2725 20.6275 0.28019
24.0654 23.9651 0.270039
10.8235 10.8798 0.310114
16.2032 15.9965 0.292768
29.8238 29.9252 0.209669
9.39852 9.87457 0.312378
9.39852 9.87457 0.312378
35.0644 35.8562 0.201364
14.3047 14.2334 0.283516
12.7243 13.344 0.286517
26.4588 26.3875 0.24176
14.7496 15.4825 0.315693
12.7243 13.344 0.286517
26.4694 26.3968 0.239085
26.1813 26.1325 0.242214
37.6911 37.9647 0.198812
38.1285 38.1533 0.188163
9.75382 8.97282 0.30782
11.8814 11.5121 0.315714
11.3271 11.9821 0.313649
6.63728 6.66439 0.29874
11.3271 11.9821 0.313649
38.0707 38.6694 0.18744
33.0762 32.1648 0.222188
27.41 26.3203 0.235805
16.0716 15.1602 0.320489
10.1126 10.2139 0.294161
6.41059 6.44927 0.336636
17.6598 16.5701 0.288201
36.9834 37.0015 0.192218
36.718 37.3336 0.18324
13.3332 13.3111 0.296966
13.3332 13.3111 0.296966
6.41059 6.44927 0.336636
31.4178 30.7799 0.218725
20.1103 19.5612 0.283409
26.5862 26.4153 0.234756
26.7539 26.116 0.243464
26.7539 26.116 0.243464
9.98836 9.22669 0.294127
32.4564 32.7301 0.211725
27.4563 27.4745 0.214933
31.8416 31.5521 0.197039
29.8238 29.9252 0.209669
37.0734 37.0008 0.189457
20.8324 20.6257 0.259427
34.2634 35.0945 0.198042
36.8631 37.1039 0.180969
28.6233 28.1023 0.223838
33.0479 33.3848 0.202143
14.7453 14.6678 0.281354
18.0388 17.2771 0.264018
22.2132 21.7731 0.255546
19.0045 19.2179 0.253847
37.5519 36.8228 0.217841
37.398 37.2778 0.212836
15.4497 15.3771 0.290848
18.298 17.9685 0.298419
26.1582 26.495 0.24146
15.8888 15.7885 0.324489
40.0896 39.7518 0.187681
25.9579 26.0593 0.228832
12.3333 12.2331 0.325817
15.831 16.2275 0.283055
25.9579 26.0593 0.228832
37.1069 37.0739 0.19895
16.2032 15.9965 0.292768
6.41392 6.84292 0.31191
39.3908 39.6644 0.181661
40.402 39.3785 0.172038
18.8795 19.3555 0.261025
10.4728 10.266 0.299113
15.831 16.2275 0.283055
22.2132 21.7731 0.255546
11.2885 11.4187 0.317347
30.0577 29.3271 0.216039
20.5414 20.3523 0.266493
20.0178 20.4241 0.266637
9.5903 10.0193 0.311043
6.93656 6.81633 0.301809
26.1582 26.495 0.24146
32.7507 33.5131 0.205309
19.2348 18.4538 0.256467
25.1179 25.0261 0.255791
34.7074 35.1136 0.208272
14.0762 13.8435 0.277601
26.4694 26.3968 0.239085
33.6796 33.1537 0.205728
20.6769 20.5088 0.273307
13.6457 13.5731 0.287779
13.6457 13.5731 0.287779
13.6457 13.5731 0.287779
13.6457 13.5731 0.287779
13.6457 13.5731 0.287779
13.6457 13.5731 0.287779
13.6457 13.5731 0.287779
13.6457 13.5731 0.287779
13.1803 12.8558 0.294625
13.1803 12.8558 0.294625
13.1803 12.8558 0.294625
13.1803 12.8558 0.294625
13.1803 12.8558 0.294625
13.1803 12.8558 0.294625
13.1803 12.8558 0.294625
13.1803 12.8558 0.294625
13.1803 12.8558 0.294625
13.457 13.3024 0.271657
13.457 13.3024 0.271657
13.457 13.3024 0.271657
13.457 13.3024 0.271657
13.457 13.3024 0.271657
13.457 13.3024 0.271657
13.457 13.3024 0.271657
13.457 13.3024 0.271657
13.457 13.3024 0.271657
13.457 13.3024 0.271657
13.457 13.3024 0.271657
13.2903 13.9059 0.281562
13.2903 13.9059 0.281562
13.2903 13.9059 0.281562
13.2903 13.9059 0.281562
13.2903 13.9059 0.281562
13.2903 13.9059 0.281562
13.2903 13.9059 0.281562
13.2903 13.9059 0.281562
13.2903 13.9059 0.281562
13.2903 13.9059 0.281562
13.2903 13.9059 0.281562
10.346 10.8166 0.306496
10.346 10.8166 0.306496
10.346 10.8166 0.306496
10.0692 10.3847 0.30296
10.0692 10.3847 0.30296
10.0692 10.3847 0.30296
10.0692 10.3847 0.30296
10.0692 10.3847 0.30296
10.0692 10.3847 0.30296
10.0692 10.3847 0.30296
10.0692 10.3847 0.30296
10.0692 10.3847 0.30296
10.0692 10.3847 0.30296
10.0692 10.3847 0.30296
10.3597 10.49 0.314366
10.3597 10.49 0.314366
10.3597 10.49 0.314366
10.3597 10.49 0.314366
10.3597 10.49 0.314366
10.3597 10.49 0.314366
10.3597 10.49 0.314366
10.4589 10.4259 0.290596
10.4589 10.4259 0.290596
10.4589 10.4259 0.290596
10.4589 10.4259 0.290596
10.4589 10.4259 0.290596
10.4589 10.4259 0.290596
10.4589 10.4259 0.290596
10.4589 10.4259 0.290596
10.4589 10.4259 0.290596
10.4589 10.4259 0.290596
10.4589 10.4259 0.290596
10.4589 10.4259 0.290596
10.4589 10.4259 0.290596
10.4589 10.4259 0.290596
10.4589 10.4259 0.290596
10.4589 10.4259 0.290596
10.4589 10.4259 0.290596
10.4589 10.4259 0.290596
10.4589 10.4259 0.290596
10.4589 10.4259 0.290596
10.4589 10.4259 0.290596
10.4589 10.4259 0.290596
10.4589 10.4259 0.290596
10.4589 10.4259 0.290596
10.4589 10.4259 0.290596
10.4589 10.4259 0.290596
10.4589 10.4259 0.290596
10.4589 10.4259 0.290596
10.4589 10.4259 0.290596
10.4589 10.4259 0.290596
10.4589 10.4259 0.290596
10.4589 10.4259 0.290596
10.4589 10.4259 0.290596
10.4589 10.4259 0.290596
10.4589 10.4259 0.290596
10.4589 10.4259 0.290596
9.47308 9.18326 0.323413
9.47308 9.18326 0.323413
9.47308 9.18326 0.323413
9.47308 9.18326 0.323413
17.6987 18.4205 0.289159
18.7022 18.5087 0.278945
18.7022 18.5087 0.278945
18.7022 18.5087 0.278945
18.7022 18.5087 0.278945
18.7022 18.5087 0.278945
17.51 18.4978 0.290498
17.51 18.4978 0.290498
17.51 18.4978 0.290498
17.51 18.4978 0.290498
17.51 18.4978 0.290498
17.51 18.4978 0.290498
17.51 18.4978 0.290498
17.51 18.4978 0.290498
17.51 18.4978 0.290498
17.51 18.4978 0.290498
17.51 18.4978 0.290498
18.3903 18.0274 0.277534
18.3903 18.0274 0.277534
18.3903 18.0274 0.277534
18.3903 18.0274 0.277534
18.3903 18.0274 0.277534
18.3903 18.0274 0.277534
18.3903 18.0274 0.277534
18.3903 18.0274 0.277534
18.3903 18.0274 0.277534
18.3903 18.0274 0.277534
18.3903 18.0274 0.277534
18.3903 18.0274 0.277534
18.3903 18.0274 0.277534
18.3903 18.0274 0.277534
18.3903 18.0274 0.277534
18.3903 18.0274 0.277534
18.3903 18.0274 0.277534
18.3903 18.0274 0.277534
18.5942 17.8672 0.294167
18.5942 17.8672 0.294167
18.5942 17.8672 0.294167
18.5942 17.8672 0.294167
18.4705 18.3523 0.286602
18.4705 18.3523 0.286602
18.4705 18.3523 0.286602
18.4705 18.3523 0.286602
18.4705 18.3523 0.286602
18.4705 18.3523 0.286602
18.4705 18.3523 0.286602
18.4705 18.3523 0.286602
18.4705 18.3523 0.286602
18.4705 18.3523 0.286602
12.8887 11.8061 0.309142
12.8887 11.8061 0.309142
12.8887 11.8061 0.309142
12.1643 12.6748 0.299171
12.1643 12.6748 0.299171
12.1643 12.6748 0.299171
19.8816 20.1773 0.248729
19.8816 20.1773 0.248729
19.8816 20.1773 0.248729
19.8816 20.1773 0.248729
19.8816 20.1773 0.248729
19.8816 20.1773 0.248729
19.8816 20.1773 0.248729
19.8816 20.1773 0.248729
19.8816 20.1773 0.248729
19.8816 20.1773 0.248729
19.8816 20.1773 0.248729
19.8816 20.1773 0.248729
20.2612 20.2334 0.245865
20.2612 20.2334 0.245865
20.2612 20.2334 0.245865
20.2612 20.2334 0.245865
20.2612 20.2334 0.245865
20.2612 20.2334 0.245865
20.2612 20.2334 0.245865
20.2612 20.2334 0.245865
20.2612 20.2334 0.245865
20.2612 20.2334 0.245865
20.2612 20.2334 0.245865
20.2612 20.2334 0.245865
20.2612 20.2334 0.245865
20.2612 20.2334 0.245865
20.2612 20.2334 0.245865
20.2612 20.2334 0.245865
20.2612 20.2334 0.245865
19.6188 19.8364 0.242388
19.6188 19.8364 0.242388
19.6188 19.8364 0.242388
19.6188 19.8364 0.242388
19.6188 19.8364 0.242388
19.6188 19.8364 0.242388
19.6188 19.8364 0.242388
19.6188 19.8364 0.242388
19.6188 19.8364 0.242388
19.6188 19.8364 0.242388
19.6188 19.8364 0.242388
19.6188 19.8364 0.242388
19.6188 19.8364 0.242388
19.6188 19.8364 0.242388
19.6188 19.8364 0.242388
19.6188 19.8364 0.242388
34.1338 35.0071 0.202054
34.1338 35.0071 0.202054
34.1338 35.0071 0.202054
34.1338 35.0071 0.202054
35.0881 35.1382 0.174001
35.0881 35.1382 0.174001
35.0881 35.1382 0.174001
33.865 35.1747 0.197546
33.865 35.1747 0.197546
33.865 35.1747 0.197546
34.5815 34.8338 0.177965
34.9656 34.7958 0.195746
34.9656 34.7958 0.195746
34.9656 34.7958 0.195746
34.9656 34.7958 0.195746
34.7989 35.3521 0.197399
34.7989 35.3521 0.197399
34.7989 35.3521 0.197399
34.7989 35.3521 0.197399
34.7989 35.3521 0.197399
34.381 34.6664 0.203128
34.381 34.6664 0.203128
34.381 34.6664 0.203128
34.381 34.6664 0.203128
34.381 34.6664 0.203128
34.8147 34.2128 0.189479
34.8147 34.2128 0.189479
34.8147 34.2128 0.189479
34.8147 34.2128 0.189479
34.8147 34.2128 0.189479
34.8147 34.2128 0.189479
34.8147 34.2128 0.189479
34.3457 35.1109 0.195056
34.9924 34.626 0.20852
34.9924 34.626 0.20852
34.9924 34.626 0.20852
34.9167 34.6915 0.174793
34.9167 34.6915 0.174793
34.9167 34.6915 0.174793
34.9167 34.6915 0.174793
34.9167 34.6915 0.174793
34.9167 34.6915 0.174793
34.9167 34.6915 0.174793
34.312 34.7007 0.194035
34.312 34.7007 0.194035
34.312 34.7007 0.194035
34.312 34.7007 0.194035
34.3128 34.4865 0.205861
34.3128 34.4865 0.205861
35.0164 34.7646 0.182715
35.0164 34.7646 0.182715
34.6335 34.4408 0.195699
34.6335 34.4408 0.195699
34.6335 34.4408 0.195699
34.6335 34.4408 0.195699
34.6993 34.9039 0.195587
34.6993 34.9039 0.195587
34.6993 34.9039 0.195587
34.6993 34.9039 0.195587
34.6993 34.9039 0.195587
34.6993 34.9039 0.195587
34.6993 34.9039 0.195587
34.6993 34.9039 0.195587
34.6993 34.9039 0.195587
34.642 34.6311 0.193804
34.642 34.6311 0.193804
34.9936 34.8277 0.186339
34.9936 34.8277 0.186339
14.034 14.3577 0.271486
14.034 14.3577 0.271486
14.034 14.3577 0.271486
14.034 14.3577 0.271486
14.034 14.3577 0.271486
14.034 14.3577 0.271486
14.034 14.3577 0.271486
14.034 14.3577 0.271486
14.034 14.3577 0.271486
14.034 14.3577 0.271486
14.034 14.3577 0.271486
14.034 14.3577 0.271486
14.034 14.3577 0.271486
14.034 14.3577 0.271486
14.034 14.3577 0.271486
14.034 14.3577 0.271486
14.034 14.3577 0.271486
14.034 14.3577 0.271486
14.034 14.3577 0.271486
14.034 14.3577 0.271486
14.034 14.3577 0.271486
15.0823 14.9707 0.300518
15.0823 14.9707 0.300518
15.0823 14.9707 0.300518
15.0823 14.9707 0.300518
15.0823 14.9707 0.300518
15.0823 14.9707 0.300518
15.0823 14.9707 0.300518
15.0823 14.9707 0.300518
15.0823 14.9707 0.300518
15.0823 14.9707 0.300518
15.0823 14.9707 0.300518
