11.9624 12.0525 0.304642
49.4451 49.6477 0.155529
33.1092 32.4712 0.21322
26.4694 26.3968 0.239085
66.4238 66.375 0.116346
27.4563 27.4745 0.214933
56.1618 55.8239 0.146047
37.1199 37.4222 0.217929
22.4534 22.2854 0.27058
49.7832 49.3675 0.144549
19.2348 18.4538 0.256467
38.4472 38.2726 0.195964
69.2396 69.5192 0.0846978
34.8305 35.2595 0.187659
36.701 36.6893 0.183929
32.9867 32.975 0.19424
55.6311 55.4565 0.155512
14.854 15.341 0.276469
24.0654 23.9651 0.270039
76.9149 77.0451 0.116585
11.3271 11.9821 0.313649
67.5 67.6013 0.110415
52.346 52.0492 0.138486
74.6822 74.8848 0.105447
37.1199 37.4222 0.217929
32.584 32.4279 0.187846
15.8888 15.7885 0.324489
58.8384 58.6706 0.139991
73.235 73.664 0.0937733
77.2018 76.5921 0.113318
36.8631 37.1039 0.180969
65.4607 65.3087 0.113987
67.7156 67.3862 0.141191
11.9624 12.0525 0.304642
45.1737 44.9782 0.181866
61.4567 61.2976 0.144794
74.6022 75.0331 0.108486
11.9919 12.8229 0.308825
49.7982 50.4138 0.148467
16.4344 16.8535 0.281515
47.9736 48.4045 0.178382
24.0514 24.0696 0.253401
17.4042 17.8942 0.284772
55.4707 55.6842 0.139604
44.5134 44.9326 0.181878
41.6085 42.0375 0.183734
12.8201 13.2115 0.301444
43.374 43.2933 0.162259
18.8795 19.3555 0.261025
13.3332 13.3111 0.296966
23.3807 23.5833 0.257712
77.0484 76.7506 0.11267
34.5716 34.2748 0.182687
17.4042 17.8942 0.284772
18.298 17.9685 0.298419
55.6311 55.4565 0.155512
55.1923 55.4568 0.148509
65.3895 65.7958 0.125388
48.5995 48.4434 0.136444
20.5414 20.3523 0.266493
49.7962 49.5064 0.166098
14.6298 14.9667 0.282827
65.4607 65.3087 0.113987
41.3205 41.8071 0.178753
75.202 75.0473 0.0884799
24.0654 23.9651 0.270039
62.6989 63.1279 0.112001
15.8208 16.3301 0.271449
63.7462 62.9652 0.119249
11.3271 11.9821 0.313649
26.4694 26.3968 0.239085
72.3228 71.9536 0.127446
24.0514 24.0696 0.253401
23.631 23.794 0.277553
72.0123 71.5112 0.110465
67.4138 66.8929 0.116894
18.298 17.9685 0.298419
39.585 39.7876 0.170549
48.4769 48.8832 0.177095
11.9624 12.0525 0.304642
22.8236 22.4544 0.277171
15.2874 15.567 0.284193
11.9624 12.0525 0.304642
24.9557 25.0914 0.247399
30.6947 30.7218 0.218197
14.6298 14.9667 0.282827
6.63728 6.66439 0.29874
15.8888 15.7885 0.324489
10.347 10.3249 0.309636
71.0246 70.9328 0.123433
62.08 62.8719 0.116802
77.5079 77.1386 0.114952
16.8992 16.3733 0.275651
73.9144 74.4552 0.112688
18.7999 18.9012 0.250393
36.8631 37.1039 0.180969
22.2132 21.7731 0.255546
8.04784 7.85237 0.332648
34.8305 35.2595 0.187659
16.0716 15.1602 0.320489
41.2733 41.4349 0.188707
41.2733 41.4349 0.188707
41.2733 41.4349 0.188707
41.2733 41.4349 0.188707
41.2733 41.4349 0.188707
41.2733 41.4349 0.188707
41.2733 41.4349 0.188707
41.2733 41.4349 0.188707
41.2733 41.4349 0.188707
41.2733 41.4349 0.188707
41.2733 41.4349 0.188707
41.2733 41.4349 0.188707
41.2733 41.4349 0.188707
41.2733 41.4349 0.188707
41.2733 41.4349 0.188707
41.2733 41.4349 0.188707
41.2733 41.4349 0.188707
41.2733 41.4349 0.188707
41.2733 41.4349 0.188707
41.2733 41.4349 0.188707
41.2733 41.4349 0.188707
41.2733 41.4349 0.188707
41.2733 41.4349 0.188707
41.2733 41.4349 0.188707
41.2733 41.4349 0.188707
41.2733 41.4349 0.188707
46.588 46.217 0.169554
46.588 46.217 0.169554
46.588 46.217 0.169554
46.588 46.217 0.169554
46.588 46.217 0.169554
46.2231 46.8257 0.171979
46.2231 46.8257 0.171979
45.9764 46.2054 0.159721
45.9764 46.2054 0.159721
45.9832 46.4358 0.182921
45.9832 46.4358 0.182921
45.9832 46.4358 0.182921
45.9832 46.4358 0.182921
45.9832 46.4358 0.182921
45.9832 46.4358 0.182921
45.9832 46.4358 0.182921
45.9832 46.4358 0.182921
45.9832 46.4358 0.182921
45.9832 46.4358 0.182921
45.9832 46.4358 0.182921
45.9832 46.4358 0.182921
45.9832 46.4358 0.182921
45.9832 46.4358 0.182921
45.9832 46.4358 0.182921
45.9832 46.4358 0.182921
46.3829 46.893 0.169067
46.3829 46.893 0.169067
46.3829 46.893 0.169067
46.3829 46.893 0.169067
46.3829 46.893 0.169067
46.3829 46.893 0.169067
46.3829 46.893 0.169067
46.3829 46.893 0.169067
46.3829 46.893 0.169067
46.3829 46.893 0.169067
46.3829 46.893 0.169067
46.3829 46.893 0.169067
46.3829 46.893 0.169067
46.2904 46.061 0.167889
46.2904 46.061 0.167889
46.2904 46.061 0.167889
46.2904 46.061 0.167889
46.2904 46.061 0.167889
46.2904 46.061 0.167889
46.2904 46.061 0.167889
46.2904 46.061 0.167889
46.2904 46.061 0.167889
46.2904 46.061 0.167889
46.2904 46.061 0.167889
46.6869 46.5301 0.17356
46.6869 46.5301 0.17356
46.6869 46.5301 0.17356
46.6869 46.5301 0.17356
46.6869 46.5301 0.17356
46.6869 46.5301 0.17356
46.6869 46.5301 0.17356
46.6869 46.5301 0.17356
46.6869 46.5301 0.17356
46.6869 46.5301 0.17356
46.6869 46.5301 0.17356
46.6869 46.5301 0.17356
46.6869 46.5301 0.17356
46.6869 46.5301 0.17356
46.6869 46.5301 0.17356
46.6869 46.5301 0.17356
46.6869 46.5301 0.17356
46.6869 46.5301 0.17356
46.6869 46.5301 0.17356
46.6869 46.5301 0.17356
46.6869 46.5301 0.17356
46.6869 46.5301 0.17356
46.6869 46.5301 0.17356
46.6869 46.5301 0.17356
46.6869 46.5301 0.17356
10.4933 10.971 0.307805
10.4933 10.971 0.307805
10.4933 10.971 0.307805
10.4933 10.971 0.307805
10.4933 10.971 0.307805
10.4933 10.971 0.307805
72.3896 72.4391 0.115907
72.3896 72.4391 0.115907
72.3896 72.4391 0.115907
72.3896 72.4391 0.115907
72.3896 72.4391 0.115907
71.7861 71.9163 0.110308
71.6911 71.9535 0.1096
71.6911 71.9535 0.1096
71.6911 71.9535 0.1096
71.6911 71.9535 0.1096
71.6911 71.9535 0.1096
71.6911 71.9535 0.1096
72.1687 71.8887 0.118874
72.0481 72.1339 0.11271
71.4676 72.0438 0.117541
71.4676 72.0438 0.117541
71.4676 72.0438 0.117541
71.4676 72.0438 0.117541
71.4457 72.1565 0.121556
71.4457 72.1565 0.121556
71.4457 72.1565 0.121556
71.4457 72.1565 0.121556
71.4457 72.1565 0.121556
71.4457 72.1565 0.121556
72.0907 71.8199 0.128565
72.0907 71.8199 0.128565
72.0907 71.8199 0.128565
72.0907 71.8199 0.128565
72.232 71.9871 0.116251
71.5008 72.3893 0.104151
71.5008 72.3893 0.104151
71.5008 72.3893 0.104151
71.5008 72.3893 0.104151
71.7275 71.8086 0.112528
72.1153 72.2688 0.118132
72.1153 72.2688 0.118132
72.1153 72.2688 0.118132
72.2214 71.8837 0.128714
72.2214 71.8837 0.128714
72.2214 71.8837 0.128714
72.2214 71.8837 0.128714
72.2214 71.8837 0.128714
72.2214 71.8837 0.128714
72.2232 71.6876 0.111703
72.2232 71.6876 0.111703
72.2232 71.6876 0.111703
72.3812 72.1186 0.129454
72.3812 72.1186 0.129454
72.3445 72.4906 0.107311
71.7277 71.7782 0.100172
72.1439 72.2776 0.102485
72.1439 72.2776 0.102485
72.1439 72.2776 0.102485
72.1439 72.2776 0.102485
72.1439 72.2776 0.102485
72.1439 72.2776 0.102485
72.1439 72.2776 0.102485
72.1439 72.2776 0.102485
72.1439 72.2776 0.102485
71.8831 71.9791 0.0975168
72.0949 72.0278 0.111487
72.0949 72.0278 0.111487
72.4367 71.6651 0.120978
72.4367 71.6651 0.120978
72.1609 72.1138 0.0929559
72.1609 72.1138 0.0929559
72.1609 72.1138 0.0929559
72.1609 72.1138 0.0929559
72.1609 72.1138 0.0929559
72.1609 72.1138 0.0929559
72.1609 72.1138 0.0929559
72.1157 72.0692 0.118777
72.1157 72.0692 0.118777
72.4932 71.9681 0.112889
72.4932 71.9681 0.112889
72.4932 71.9681 0.112889
71.7004 71.6367 0.125268
71.7004 71.6367 0.125268
71.7004 71.6367 0.125268
71.7004 71.6367 0.125268
71.7004 71.6367 0.125268
71.7004 71.6367 0.125268
71.7004 71.6367 0.125268
71.7004 71.6367 0.125268
71.7004 71.6367 0.125268
71.7004 71.6367 0.125268
71.2947 71.6404 0.110428
71.9043 71.94 0.134847
71.9043 71.94 0.134847
71.9043 71.94 0.134847
71.9043 71.94 0.134847
72.0918 72.2308 0.118597
71.8427 72.0362 0.0960301
71.8427 72.0362 0.0960301
