10.1509 9.62505 0.317959
15.4963 15.1468 0.29195
12.7243 13.344 0.286517
22.0717 21.7822 0.271173
30.6301 29.8684 0.213145
22.1817 22.2204 0.284148
29.8363 29.5395 0.213994
11.3271 11.9821 0.313649
7.7201 7.56812 0.329119
27.254 27.683 0.217443
10.5339 11.1495 0.291346
11.6142 11.2764 0.318521
11.3271 11.9821 0.313649
10.3423 9.90214 0.291107
9.22828 9.25309 0.302213
9.75382 8.97282 0.30782
10.7409 10.57 0.300085
21.7359 22.2767 0.269242
6.29217 6.34845 0.315809
26.4694 26.3968 0.239085
15.9241 15.8911 0.291103
9.39852 9.87457 0.312378
16.885 17.6768 0.27464
6.41059 6.44927 0.336636
20.743 20.5869 0.243734
11.6142 11.2764 0.318521
6.29217 6.34845 0.315809
20.5414 20.3523 0.266493
10.4728 10.266 0.299113
9.75382 8.97282 0.30782
25.1179 25.0261 0.255791
17.4558 17.4071 0.273923
13.8834 14.3594 0.28122
27.0556 27.0827 0.222249
6.26297 5.93353 0.0169025
6.26867 7.09974 0.304316
6.41059 6.44927 0.336636
6.26867 7.09974 0.304316
26.1752 25.8853 0.230655
20.743 20.5869 0.243734
9.75382 8.97282 0.30782
16.0587 15.7292 0.318592
10.4728 10.266 0.299113
9.22828 9.25309 0.302213
8.73661 9.07348 0.303305
20.6218 20.6781 0.267672
11.4454 11.648 0.316461
8.04784 7.85237 0.332648
23.8977 23.9878 0.245892
9.39852 9.87457 0.312378
6.41059 6.44927 0.336636
17.5553 17.4006 0.254672
23.0448 22.4068 0.266382
17.2158 17.7024 0.264858
13.5233 12.9742 0.2922
16.3348 15.9698 0.283498
9.39852 9.87457 0.312378
10.3778 10.4792 0.28731
16.8225 17.4422 0.269532
10.3423 9.90214 0.291107
10.7409 10.57 0.300085
10.347 10.3249 0.309636
11.8142 12.3041 0.329594
26.783 27.1379 0.23386
20.5275 19.7658 0.272212
23.6238 23.2993 0.263713
20.8937 20.9118 0.267489
18.0388 17.2771 0.264018
11.3271 11.9821 0.313649
19.3748 19.0055 0.275815
8.21252 8.69956 0.305264
11.2885 11.4187 0.317347
14.9372 15.478 0.295899
12.7243 13.344 0.286517
29.6268 29.8294 0.220767
19.4936 19.7588 0.280178
15.8888 15.7885 0.324489
29.3601 29.9798 0.207581
15.5643 15.9557 0.307769
19.9293 19.9819 0.247559
15.5643 15.9557 0.307769
10.4728 10.266 0.299113
11.4454 11.648 0.316461
26.4588 26.3875 0.24176
19.3748 19.0055 0.275815
16.5589 16.1939 0.25512
29.4584 30.1914 0.24858
22.2132 21.7731 0.255546
12.8201 13.2115 0.301444
10.4728 10.266 0.299113
20.7402 20.7789 0.2885
19.5649 18.6535 0.297894
17.2158 17.7024 0.264858
17.6598 16.5701 0.288201
23.1865 23.4602 0.268824
27.41 26.3203 0.235805
19.7705 19.8407 0.277606
26.386 26.2114 0.22835
11.3271 11.9821 0.313649
30.0425 29.8097 0.205603
21.8956 22.0258 0.27718
21.8956 22.0258 0.27718
22.071 22.3362 0.265081
22.071 22.3362 0.265081
22.071 22.3362 0.265081
22.1423 21.2309 0.282797
22.1423 21.2309 0.282797
22.1423 21.2309 0.282797
22.0854 22.5754 0.274354
22.0854 22.5754 0.274354
22.0697 22.6853 0.25416
13.0373 13.7997 0.29332
13.0373 13.7997 0.29332
13.0373 13.7997 0.29332
13.0373 13.7997 0.29332
13.2035 13.0144 0.289544
13.2035 13.0144 0.289544
13.2035 13.0144 0.289544
13.2035 13.0144 0.289544
13.2035 13.0144 0.289544
13.2035 13.0144 0.289544
13.6595 13.464 0.305009
13.6595 13.464 0.305009
13.6595 13.464 0.305009
13.9405 13.1789 0.281002
13.9405 13.1789 0.281002
13.9405 13.1789 0.281002
13.9405 13.1789 0.281002
13.9405 13.1789 0.281002
13.9405 13.1789 0.281002
13.9405 13.1789 0.281002
13.9405 13.1789 0.281002
13.9405 13.1789 0.281002
13.9405 13.1789 0.281002
13.9405 13.1789 0.281002
13.9405 13.1789 0.281002
13.4219 12.6913 0.294975
13.4219 12.6913 0.294975
13.6457 13.5731 0.287779
13.6457 13.5731 0.287779
13.6457 13.5731 0.287779
13.6457 13.5731 0.287779
13.6457 13.5731 0.287779
13.6457 13.5731 0.287779
13.6457 13.5731 0.287779
13.6457 13.5731 0.287779
13.6457 13.5731 0.287779
13.6457 13.5731 0.287779
13.6457 13.5731 0.287779
13.6457 13.5731 0.287779
13.6457 13.5731 0.287779
13.6457 13.5731 0.287779
13.6457 13.5731 0.287779
13.6457 13.5731 0.287779
13.6457 13.5731 0.287779
13.6457 13.5731 0.287779
13.6457 13.5731 0.287779
13.6457 13.5731 0.287779
13.6457 13.5731 0.287779
13.6457 13.5731 0.287779
12.8879 13.3972 0.289537
12.8879 13.3972 0.289537
13.1803 12.8558 0.294625
13.1803 12.8558 0.294625
13.1803 12.8558 0.294625
13.1125 13.489 0.289025
13.457 13.3024 0.271657
13.457 13.3024 0.271657
13.457 13.3024 0.271657
13.457 13.3024 0.271657
13.457 13.3024 0.271657
13.457 13.3024 0.271657
13.457 13.3024 0.271657
13.457 13.3024 0.271657
13.457 13.3024 0.271657
13.457 13.3024 0.271657
13.457 13.3024 0.271657
13.457 13.3024 0.271657
13.2903 13.9059 0.281562
13.2903 13.9059 0.281562
13.2903 13.9059 0.281562
13.2903 13.9059 0.281562
10.346 10.8166 0.306496
10.346 10.8166 0.306496
10.346 10.8166 0.306496
10.346 10.8166 0.306496
10.346 10.8166 0.306496
10.346 10.8166 0.306496
10.346 10.8166 0.306496
10.346 10.8166 0.306496
10.0692 10.3847 0.30296
10.0692 10.3847 0.30296
10.0692 10.3847 0.30296
10.0692 10.3847 0.30296
10.0692 10.3847 0.30296
10.0692 10.3847 0.30296
10.0692 10.3847 0.30296
10.0692 10.3847 0.30296
10.0692 10.3847 0.30296
10.0692 10.3847 0.30296
30.4986 29.9895 0.222701
29.6359 29.5441 0.216341
29.6359 29.5441 0.216341
29.6359 29.5441 0.216341
30.1995 30.0377 0.223673
30.0806 30.3558 0.195579
30.0806 30.3558 0.195579
30.0806 30.3558 0.195579
29.5902 29.5825 0.190324
29.5902 29.5825 0.190324
30.0903 30.1927 0.225098
29.4448 29.9322 0.19839
30.0174 29.9088 0.212822
30.0174 29.9088 0.212822
30.0174 29.9088 0.212822
30.6044 30.1721 0.224637
30.4776 29.6491 0.214258
29.6656 30.2479 0.19832
29.6656 30.2479 0.19832
29.7958 29.7393 0.206659
30.0736 29.9097 0.21147
30.2116 30.1795 0.18796
30.3793 30.2058 0.205083
29.2698 29.737 0.208829
29.2698 29.737 0.208829
29.5462 29.9017 0.217428
29.5462 29.9017 0.217428
29.9527 29.9973 0.210744
29.5047 29.9265 0.218956
29.59 29.7112 0.222773
29.9975 29.5976 0.218862
29.9975 29.5976 0.218862
29.9975 29.5976 0.218862
30.1783 29.5734 0.214294
30.2001 30.4648 0.220344
30.2001 30.4648 0.220344
30.2001 30.4648 0.220344
30.2001 30.4648 0.220344
30.1408 29.5204 0.206421
30.1408 29.5204 0.206421
29.8785 30.4574 0.225555
29.8761 29.6139 0.199573
29.9757 29.9844 0.198262
29.9757 29.9844 0.198262
29.9757 29.9844 0.198262
30.066 30.0755 0.21448
30.066 30.0755 0.21448
30.066 30.0755 0.21448
30.066 30.0755 0.21448
30.066 30.0755 0.21448
29.9239 30.5151 0.217066
29.9239 30.5151 0.217066
30.1013 29.8925 0.223609
30.1013 29.8925 0.223609
30.1013 29.8925 0.223609
29.7445 29.496 0.215253
30.6663 29.9298 0.226059
30.6663 29.9298 0.226059
30.6663 29.9298 0.226059
30.2473 30.0412 0.220834
29.9963 30.2626 0.220497
29.6529 30.0115 0.200505
30.1469 29.51 0.206501
29.9888 29.6498 0.205093
29.9888 29.6498 0.205093
29.9235 30.3412 0.215473
29.9235 30.3412 0.215473
29.6413 30.2532 0.216067
29.57 29.3666 0.219809
29.2738 30.2568 0.209811
29.2738 30.2568 0.209811
29.8684 30.1699 0.200172
29.8684 30.1699 0.200172
30.01 30.2933 0.207042
29.514 30.588 0.194066
29.7209 30.3322 0.217983
29.7209 30.3322 0.217983
29.9543 29.9204 0.202862
30.1029 30.002 0.220041
29.3777 29.6648 0.232481
6.29548 6.35448 0.308294
6.29548 6.35448 0.308294
6.29548 6.35448 0.308294
6.41839 6.21889 0.303863
8.19644 8.02411 0.320771
8.19644 8.02411 0.320771
8.19644 8.02411 0.320771
8.19644 8.02411 0.320771
8.19644 8.02411 0.320771
8.55605 7.92485 0.301099
8.55605 7.92485 0.301099
7.95312 8.13454 0.316918
7.95312 8.13454 0.316918
7.95312 8.13454 0.316918
7.95312 8.13454 0.316918
7.95312 8.13454 0.316918
7.95312 8.13454 0.316918
7.95312 8.13454 0.316918
7.95312 8.13454 0.316918
7.95312 8.13454 0.316918
14.2026 13.5869 0.281492
14.2026 13.5869 0.281492
14.2026 13.5869 0.281492
14.2026 13.5869 0.281492
14.0647 13.892 0.272436
14.0647 13.892 0.272436
14.0647 13.892 0.272436
14.0647 13.892 0.272436
14.0647 13.892 0.272436
13.6293 14.0992 0.2916
14.1238 13.9937 0.299985
13.864 13.3294 0.290261
13.864 13.3294 0.290261
13.864 13.3294 0.290261
13.864 13.3294 0.290261
13.9984 13.7448 0.289976
13.9984 13.7448 0.289976
13.9984 13.7448 0.289976
13.9984 13.7448 0.289976
14.0552 14.4129 0.275285
14.0552 14.4129 0.275285
14.0552 14.4129 0.275285
14.0552 14.4129 0.275285
14.0748 13.871 0.282214
14.0748 13.871 0.282214
14.0748 13.871 0.282214
14.0748 13.871 0.282214
14.0748 13.871 0.282214
14.0748 13.871 0.282214
14.0748 13.871 0.282214
13.7628 13.9356 0.298875
13.7628 13.9356 0.298875
13.7628 13.9356 0.298875
13.7628 13.9356 0.298875
11.4788 11.6684 0.298549
11.4788 11.6684 0.298549
11.1627 11.4607 0.304815
11.1627 11.4607 0.304815
11.1627 11.4607 0.304815
11.1627 11.4607 0.304815
11.1627 11.4607 0.304815
11.1627 11.4607 0.304815
11.1627 11.4607 0.304815
11.1627 11.4607 0.304815
11.4936 12.4336 0.313211
11.4936 12.4336 0.313211
11.4936 12.4336 0.313211
11.4936 12.4336 0.313211
11.4936 12.4336 0.313211
12.0145 10.8951 0.322491
12.0145 10.8951 0.322491
12.0145 10.8951 0.322491
12.0145 10.8951 0.322491
12.0145 10.8951 0.322491
12.0145 10.8951 0.322491
11.751 11.9067 0.311021
11.751 11.9067 0.311021
11.751 11.9067 0.311021
11.751 11.9067 0.311021
11.751 11.9067 0.311021
11.086 11.5883 0.294658
11.086 11.5883 0.294658
11.086 11.5883 0.294658
11.086 11.5883 0.294658
11.086 11.5883 0.294658
11.086 11.5883 0.294658
11.086 11.5883 0.294658
11.086 11.5883 0.294658
11.086 11.5883 0.294658
11.086 11.5883 0.294658
11.086 11.5883 0.294658
11.086 11.5883 0.294658
11.086 11.5883 0.294658
11.086 11.5883 0.294658
11.086 11.5883 0.294658
11.086 11.5883 0.294658
11.086 11.5883 0.294658
11.086 11.5883 0.294658
11.086 11.5883 0.294658
11.6948 11.1696 0.306673
11.6948 11.1696 0.306673
11.6948 11.1696 0.306673
11.6948 11.1696 0.306673
11.6948 11.1696 0.306673
11.6948 11.1696 0.306673
11.6948 11.1696 0.306673
11.6948 11.1696 0.306673
11.6948 11.1696 0.306673
11.6948 11.1696 0.306673
11.5332 11.0902 0.307227
11.5332 11.0902 0.307227
11.5332 11.0902 0.307227
11.5332 11.0902 0.307227
11.5332 11.0902 0.307227
11.5332 11.0902 0.307227
11.5332 11.0902 0.307227
11.5332 11.0902 0.307227
11.5332 11.0902 0.307227
8.15494 7.61623 0.313565
8.15494 7.61623 0.313565
