7.61663 7.91897 0.32743
6.26297 5.93353 0.0169025
8.08065 7.73114 0.31652
8.77468 9.01547 0.307342
7.66368 7.24802 0.305283
6.12699 6.26278 -0.00087697
7.76867 7.80736 0.344634
6.26677 6.11479 0.00463575
8.03261 8.46351 0.320082
8.63151 8.34205 0.326626
7.48255 7.6128 0.337665
9.27978 8.51811 0.309053
6.57683 6.64695 0.314997
7.92216 7.94024 0.323623
8.05501 8.01162 0.319352
6.29217 6.34845 0.315809
7.92216 7.94024 0.323623
7.26452 7.66103 0.334226
6.63728 6.66439 0.29874
5.79507 6.58689 0.31671
6.87931 6.35343 0.00233969
7.48255 7.6128 0.337665
6.99864 7.06876 0.297021
7.76934 7.81639 0.324898
7.76949 7.15972 0.334398
8.99875 8.80327 0.33306
6.20339 6.819 -0.00983748
6.64545 6.61244 0.287923
8.45879 8.09376 0.296507
8.16877 8.00963 0.336521
7.86086 7.6541 0.315561
5.83395 6.14945 0.318263
7.87008 8.63248 0.316619
6.41392 6.84292 0.31191
7.79129 7.83834 0.319453
6.26867 7.09974 0.304316
8.77468 9.01547 0.307342
7.83027 7.49241 0.333394
6.82873 6.32764 0.293077
6.46883 6.48691 -0.00085994
6.17317 6.44682 0.306846
8.62311 8.67939 0.318773
6.36468 6.71964 0.310351
6.10062 6.26359 0.0170654
7.61602 7.31827 0.33375
8.74592 8.51318 0.312589
7.32288 7.86367 0.329727
8.23943 8.00669 0.307838
8.49663 8.32881 0.303056
6.57693 6.40911 -0.0116427
7.92799 6.83827 0.338269
7.7512 6.83979 0.337838
7.72285 8.05972 0.317793
8.63151 8.34205 0.326626
7.22063 7.98632 0.332594
7.67674 7.38691 0.326832
8.49663 8.32881 0.303056
8.23571 8.28275 0.315114
6.31616 5.70639 0.00991534
7.64894 8.05518 0.34052
5.69709 6.03396 0.315266
6.57683 6.64695 0.314997
6.57256 6.37708 0.0136096
8.78927 8.7118 0.316731
6.5288 6.08867 0.288434
7.63976 7.62805 0.315334
6.3866 6.9274 0.303754
6.12699 6.26278 -0.00087697
8.45681 8.94342 0.309893
6.31616 5.70639 0.00991534
7.83837 7.7609 0.316319
8.48601 8.1892 0.309901
5.69709 6.03396 0.315266
8.02803 8.3649 0.31823
8.78117 8.44332 0.333806
6.61015 6.50989 0.321309
8.58706 7.56352 0.313413
6.55733 6.98822 0.00104322
8.02803 8.3649 0.31823
8.67375 9.01062 0.318204
8.23837 8.66738 0.310123
6.3866 6.9274 0.303754
6.87931 6.35343 0.00233969
6.62413 6.67677 0.295468
8.58706 7.56352 0.313413
7.59551 7.62262 0.319269
7.76949 7.15972 0.334398
6.31797 6.82728 0.296647
8.03408 7.96145 0.315418
6.12699 6.26278 -0.00087697
8.45178 8.82824 0.317076
6.34849 6.58928 -0.0121085
6.20232 6.25496 0.313444
7.67674 7.38691 0.326832
8.77329 8.01162 0.304302
7.09037 6.36129 0.306814
6.31814 6.16202 -0.0246146
5.88158 6.36862 0.302299
6.31814 6.16202 -0.0246146
6.82873 6.32764 0.293077
8.97439 8.90312 0.318504
8.46195 9.06062 0.316415
8.06351 8.68321 0.314567
8.39971 8.66415 0.317936
8.78117 8.44332 0.333806
8.78117 8.44332 0.333806
8.78117 8.44332 0.333806
8.56753 8.86987 0.327842
9.03156 8.68204 0.316932
9.03156 8.68204 0.316932
9.03156 8.68204 0.316932
9.03156 8.68204 0.316932
8.52681 8.68978 0.336515
8.54642 8.57352 0.31968
8.48601 8.1892 0.309901
8.99951 8.27043 0.327754
9.09355 8.07001 0.318164
8.83848 8.66385 0.324939
9.00312 8.8353 0.307807
8.23738 8.63389 0.329193
8.54273 8.3536 0.317594
8.69685 8.64807 0.318958
8.67375 9.01062 0.318204
8.67375 9.01062 0.318204
8.99875 8.80327 0.33306
8.99875 8.80327 0.33306
8.70788 8.6858 0.321052
8.94712 8.96537 0.312364
8.94712 8.96537 0.312364
8.94712 8.96537 0.312364
8.94712 8.96537 0.312364
8.90084 7.81113 0.333236
8.90084 7.81113 0.333236
8.49404 9.14903 0.328934
8.29573 8.83653 0.324694
8.83371 8.62696 0.310528
8.45681 8.94342 0.309893
8.53327 8.58591 0.316409
9.02743 8.83232 0.326758
8.17153 8.93722 0.333005
8.68916 8.35972 0.336352
8.71541 8.62367 0.326965
8.10812 8.84108 0.344488
8.08231 8.35595 0.327786
9.02031 8.93962 0.317122
8.7612 8.03058 0.323025
8.6218 9.02804 0.335487
8.6218 9.02804 0.335487
8.7422 8.78924 0.319865
8.7422 8.78924 0.319865
9.10177 8.93093 0.311501
9.10177 8.93093 0.311501
8.47349 8.57486 0.305577
8.74433 8.58821 0.294835
8.12601 8.91783 0.319675
8.74486 9.17387 0.314874
8.61261 8.60091 0.310301
8.51957 8.19505 0.322675
8.74153 8.78021 0.339601
8.74153 8.78021 0.339601
8.58888 8.29112 0.328717
8.44168 8.91227 0.324763
8.86255 8.31348 0.32025
8.27648 8.47908 0.316674
8.62311 8.67939 0.318773
8.44453 8.67796 0.320285
8.45178 8.82824 0.317076
8.90838 8.12738 0.311651
8.19481 8.58618 0.32553
8.79348 8.8836 0.304855
8.79348 8.8836 0.304855
8.43793 7.99781 0.309374
8.43793 7.99781 0.309374
8.43793 7.99781 0.309374
8.17781 9.00888 0.325256
9.04838 8.67908 0.330999
8.21252 8.69956 0.305264
8.61458 8.19892 0.305694
8.79629 8.64163 0.299707
8.84569 8.72547 0.322749
8.45541 8.58566 0.332632
9.02787 8.98448 0.314319
8.55459 8.52158 0.308863
8.55318 8.68897 0.318573
8.63084 8.89602 0.320533
8.63084 8.89602 0.320533
8.77468 9.01547 0.307342
8.84074 9.25985 0.327653
8.70211 7.7907 0.338249
8.67526 8.51612 0.341272
8.62957 9.24518 0.309612
8.74235 8.13258 0.329365
7.88281 7.67606 0.310117
7.88281 7.67606 0.310117
7.88281 7.67606 0.310117
7.50591 7.99252 0.309482
7.50591 7.99252 0.309482
7.60218 8.07823 0.315797
7.58236 7.63501 0.315997
8.07652 7.88142 0.326346
7.67973 7.6789 0.342639
7.67973 7.6789 0.342639
7.83489 6.55377 0.320072
7.83489 6.55377 0.320072
7.83489 6.55377 0.320072
7.2037 7.28261 0.327489
7.2037 7.28261 0.327489
7.2037 7.28261 0.327489
7.75672 7.97408 0.31295
7.75672 7.97408 0.31295
7.75672 7.97408 0.31295
7.92918 8.00931 0.320048
7.92918 8.00931 0.320048
7.92918 8.00931 0.320048
7.92918 8.00931 0.320048
7.63694 7.38097 0.333093
7.32529 7.54062 0.329865
7.32529 7.54062 0.329865
7.34442 7.75046 0.335935
7.34442 7.75046 0.335935
7.34442 7.75046 0.335935
7.92927 8.23992 0.331755
7.92927 8.23992 0.331755
7.92927 8.23992 0.331755
7.92927 8.23992 0.331755
7.92927 8.23992 0.331755
7.57469 8.59433 0.316921
7.83362 8.15945 0.314951
7.83362 8.15945 0.314951
7.83362 8.15945 0.314951
7.83362 8.15945 0.314951
7.83362 8.15945 0.314951
7.83362 8.15945 0.314951
7.74176 7.23585 0.326712
7.74176 7.23585 0.326712
7.96283 7.54113 0.330788
7.45766 8.02825 0.319193
7.45766 8.02825 0.319193
8.11162 7.32226 0.320901
7.69502 7.58867 0.326318
7.69502 7.58867 0.326318
7.69502 7.58867 0.326318
7.69502 7.58867 0.326318
7.58235 7.62819 0.329512
8.05999 8.06359 0.332888
7.74876 7.01619 0.328274
7.74876 7.01619 0.328274
7.74876 7.01619 0.328274
7.27628 7.48847 0.343163
7.27628 7.48847 0.343163
7.34357 7.48637 0.343469
8.15346 7.92206 0.341281
7.81802 7.50844 0.337291
7.81802 7.50844 0.337291
7.81802 7.50844 0.337291
7.81802 7.50844 0.337291
7.81802 7.50844 0.337291
7.81802 7.50844 0.337291
7.81802 7.50844 0.337291
7.81802 7.50844 0.337291
7.60624 7.42008 0.332197
7.60624 7.42008 0.332197
7.41123 7.52671 0.31811
7.48368 7.81336 0.326062
7.48368 7.81336 0.326062
7.58571 7.81175 0.310269
7.44527 8.43534 0.337363
7.83657 7.63049 0.317214
7.83657 7.63049 0.317214
7.83657 7.63049 0.317214
7.83657 7.63049 0.317214
7.83657 7.63049 0.317214
7.83657 7.63049 0.317214
7.83657 7.63049 0.317214
7.83491 7.71288 0.320863
7.83491 7.71288 0.320863
7.83491 7.71288 0.320863
7.83491 7.71288 0.320863
8.07709 6.80596 0.320678
8.07709 6.80596 0.320678
8.07709 6.80596 0.320678
8.07709 6.80596 0.320678
8.07709 6.80596 0.320678
8.07709 6.80596 0.320678
7.9369 7.58528 0.335133
7.59751 7.81627 0.329413
7.59751 7.81627 0.329413
7.59751 7.81627 0.329413
7.59751 7.81627 0.329413
7.66931 8.44195 0.343444
7.66931 8.44195 0.343444
7.23976 7.88549 0.323035
7.23976 7.88549 0.323035
7.23976 7.88549 0.323035
7.79632 7.662 0.344663
7.79632 7.662 0.344663
7.79632 7.662 0.344663
7.79632 7.662 0.344663
7.79632 7.662 0.344663
7.75233 7.42052 0.339409
7.84993 7.83601 0.319358
7.84993 7.83601 0.319358
7.84993 7.83601 0.319358
7.84993 7.83601 0.319358
7.84993 7.83601 0.319358
7.84993 7.83601 0.319358
7.96766 7.38869 0.314183
7.72478 7.99544 0.326642
7.72478 7.99544 0.326642
7.72478 7.99544 0.326642
7.70827 7.93261 0.325537
7.70827 7.93261 0.325537
7.70827 7.93261 0.325537
7.70827 7.93261 0.325537
7.70827 7.93261 0.325537
8.27678 7.7106 0.335729
7.63562 7.64959 0.320969
8.24713 7.65162 0.332726
7.87163 7.65091 0.315381
7.87163 7.65091 0.315381
7.87163 7.65091 0.315381
7.87163 7.65091 0.315381
7.87163 7.65091 0.315381
7.83331 7.64979 0.321504
7.83331 7.64979 0.321504
7.05601 7.39343 0.331658
7.05601 7.39343 0.331658
7.69371 7.61179 0.338601
7.70068 7.71223 0.336818
7.54126 7.47189 0.31854
7.95695 7.42004 0.338224
7.7062 7.51944 0.324711
7.86072 7.74566 0.316259
7.21577 7.78563 0.319501
7.98528 7.60213 0.326457
7.98528 7.60213 0.326457
7.98528 7.60213 0.326457
7.59808 8.14532 0.322645
8.28548 7.66293 0.325315
8.28548 7.66293 0.325315
8.28548 7.66293 0.325315
7.4091 7.33033 0.343397
7.15243 7.23389 0.334758
7.15243 7.23389 0.334758
7.91272 7.54053 0.331715
7.069 7.97581 0.333076
7.069 7.97581 0.333076
8.08293 7.52504 0.316516
7.41066 8.26277 0.330537
7.41066 8.26277 0.330537
7.41066 8.26277 0.330537
7.92732 7.49884 0.31096
6.7661 7.63664 0.311358
8.1752 7.68796 0.319866
8.1752 7.68796 0.319866
8.1752 7.68796 0.319866
7.80118 7.96546 0.324236
7.29855 7.63115 0.309275
7.29855 7.63115 0.309275
8.57934 8.75071 0.323953
8.57934 8.75071 0.323953
8.07662 9.2827 0.309643
8.80221 8.57391 0.30338
8.80221 8.57391 0.30338
8.47389 8.43837 0.321132
8.07498 8.64168 0.327545
8.52262 8.72641 0.316379
8.52262 8.72641 0.316379
8.7423 8.55387 0.32167
8.7423 8.55387 0.32167
8.7423 8.55387 0.32167
9.04199 8.75931 0.330714
8.94447 8.46342 0.313386
8.46683 9.00888 0.321701
8.09497 9.03605 0.323419
8.09497 9.03605 0.323419
8.43463 8.59122 0.30461
8.20276 8.74396 0.316758
8.89719 8.7712 0.324719
8.89719 8.7712 0.324719
8.8817 8.31357 0.325178
8.6414 8.59937 0.327137
8.90722 8.59359 0.314766
8.53688 8.37398 0.312602
8.53688 8.37398 0.312602
8.71144 8.755 0.326749
8.51914 8.76972 0.323055
8.65891 8.62244 0.328763
8.7956 9.01804 0.335379
8.7956 9.01804 0.335379
8.03433 8.7756 0.321527
8.03433 8.7756 0.321527
8.03433 8.7756 0.321527
8.95987 9.25631 0.32792
8.5403 8.97452 0.309608
8.60518 8.45798 0.318691
7.87584 8.76494 0.319296
7.87584 8.76494 0.319296
8.61659 9.07591 0.342487
8.61659 9.07591 0.342487
8.42729 8.86546 0.325967
8.38461 9.16243 0.301098
8.38461 9.16243 0.301098
8.23013 8.57068 0.303088
8.76307 8.7097 0.311834
8.76307 8.7097 0.311834
8.44788 8.29566 0.293986
8.44788 8.29566 0.293986
8.44788 8.29566 0.293986
8.99234 7.88366 0.292279
8.54085 9.30133 0.311245
8.36098 8.52836 0.319077
8.59733 8.54075 0.322172
8.79339 8.85936 0.31189
8.49096 8.58301 0.33698
8.49096 8.58301 0.33698
8.49096 8.58301 0.33698
8.85913 8.13214 0.329426
8.85913 8.13214 0.329426
8.68403 8.73061 0.31681
8.95542 8.58539 0.320379
8.95542 8.58539 0.320379
8.12615 8.2904 0.30572
8.87009 9.20605 0.314385
9.01249 9.16061 0.315777
9.19083 8.26245 0.319188
9.01602 8.83433 0.322638
8.6541 8.92093 0.337219
8.71189 8.25971 0.316056
8.26523 8.4327 0.327335
8.77528 8.78524 0.31224
8.55572 9.14196 0.327777
8.55572 9.14196 0.327777
8.76554 8.28408 0.326706
8.50983 8.95054 0.317285
9.30751 8.52818 0.314697
8.82795 8.29286 0.326643
8.99562 8.41963 0.320036
8.72216 8.49648 0.317675
8.72216 8.49648 0.317675
8.93838 9.02233 0.32758
8.89757 8.44278 0.306977
8.65431 8.26898 0.318525
8.65431 8.26898 0.318525
8.65431 8.26898 0.318525
8.94472 8.48255 0.333069
8.94472 8.48255 0.333069
8.57663 8.90369 0.319233
8.41206 8.14097 0.329603
9.16328 8.59832 0.323521
9.16328 8.59832 0.323521
8.55777 8.5267 0.337574
8.63887 8.80391 0.338316
8.62829 8.61363 0.321031
8.43076 8.65632 0.297548
8.31309 8.74648 0.33953
8.54808 8.51701 0.331048
8.54808 8.51701 0.331048
8.17467 8.40288 0.318944
8.67648 8.69518 0.31397
8.82443 8.84831 0.331856
9.05819 8.92688 0.317391
8.39804 8.79477 0.322172
8.6044 8.54602 0.318086
9.1172 9.01169 0.30846
8.94554 8.49195 0.320618
8.94554 8.49195 0.320618
8.7711 8.01892 0.313178
8.46747 9.16226 0.318993
8.9634 8.93277 0.320123
9.33311 8.2623 0.309336
9.5789 8.85484 0.323854
9.5789 8.85484 0.323854
9.48628 9.0211 0.341432
8.45806 8.58283 0.325471
8.80752 9.3175 0.334881
8.81859 9.04665 0.323122
9.10748 8.50286 0.325411
9.10748 8.50286 0.325411
8.60061 8.72869 0.326737
8.65632 8.85038 0.307825
8.77697 8.84576 0.318538
8.53591 8.83017 0.333321
8.54512 8.54352 0.32407
9.11138 8.73858 0.320508
8.74417 8.13021 0.320693
8.74417 8.13021 0.320693
8.53579 8.7955 0.320303
8.19486 8.64704 0.317667
9.36016 9.32609 0.315922
8.60605 8.1823 0.307544
8.73035 9.47349 0.337241
9.05679 8.71794 0.309385
9.05679 8.71794 0.309385
9.05679 8.71794 0.309385
8.892 8.43491 0.32885
8.892 8.43491 0.32885
8.3722 8.19049 0.311381
8.3722 8.19049 0.311381
9.05247 8.71064 0.316289
8.73108 8.78363 0.334263
8.62223 8.44033 0.307898
8.62223 8.44033 0.307898
8.62223 8.44033 0.307898
9.70552 8.81185 0.312524
9.17508 8.60505 0.322582
8.37049 8.82286 0.309478
8.37049 8.82286 0.309478
9.1959 8.59222 0.32297
9.02232 8.48222 0.306546
8.59266 9.37097 0.327279
8.03345 8.39342 0.320319
8.31735 8.72019 0.323951
8.40332 8.74509 0.31632
8.58543 8.48235 0.317731
8.49066 8.31417 0.329308
8.49066 8.31417 0.329308
9.01399 8.69542 0.333411
9.01399 8.69542 0.333411
8.76151 8.59287 0.314846
8.47688 8.85135 0.325105
8.45531 8.53072 0.322647
8.45531 8.53072 0.322647
8.84445 8.85394 0.317961
8.84445 8.85394 0.317961
8.63626 9.14617 0.318895
8.73983 8.87026 0.350695
8.67237 8.56859 0.312031
8.72264 8.51726 0.315405
8.69888 8.43662 0.358076
8.65502 8.65297 0.324631
8.65502 8.65297 0.324631
9.03969 8.68708 0.293549
8.67223 8.32978 0.317278
8.49694 8.47551 0.323996
8.44471 9.11948 0.337686
8.26505 9.12994 0.320656
8.79578 8.51507 0.304181
8.54447 8.95932 0.31719
8.54447 8.95932 0.31719
8.72263 8.10804 0.331064
8.71231 8.97391 0.309986
8.71231 8.97391 0.309986
9.02797 8.66096 0.333482
9.02797 8.66096 0.333482
8.94702 8.55611 0.325142
8.89827 8.40755 0.318831
9.0366 9.08672 0.321332
8.29041 9.00042 0.309402
8.76168 8.63802 0.331153
8.38147 8.5537 0.324842
8.38147 8.5537 0.324842
8.81659 8.40186 0.342298
8.81659 8.40186 0.342298
8.36988 9.09585 0.31834
8.96048 9.24082 0.319027
8.58489 8.28313 0.332954
8.76875 8.57181 0.303609
8.76875 8.57181 0.303609
8.69308 8.42784 0.317915
8.33957 8.37588 0.321085
8.57217 8.41079 0.325198
8.79462 9.21418 0.302429
9.22276 8.63945 0.32364
8.83326 8.99206 0.302347
8.83326 8.99206 0.302347
8.60369 8.97146 0.310992
8.60369 8.97146 0.310992
8.60369 8.97146 0.310992
8.90313 8.81663 0.318149
8.9997 8.37631 0.319516
8.72744 8.56988 0.307289
8.72744 8.56988 0.307289
8.72744 8.56988 0.307289
8.45326 8.7069 0.31711
9.23973 7.98304 0.321065
8.73402 7.92166 0.339138
9.1328 8.71894 0.321685
8.6022 8.66985 0.301837
8.62508 8.69174 0.303236
8.22151 8.61096 0.321612
8.22151 8.61096 0.321612
8.38899 8.64412 0.318586
8.53076 9.25178 0.325919
8.53076 9.25178 0.325919
8.53076 9.25178 0.325919
8.75804 8.62468 0.320099
8.75804 8.62468 0.320099
8.97645 8.40711 0.330587
8.97645 8.40711 0.330587
8.65283 9.52829 0.324558
8.7249 8.59556 0.312508
8.7249 8.59556 0.312508
8.7249 8.59556 0.312508
8.49106 8.89827 0.311929
8.34385 8.76647 0.319894
8.34385 8.76647 0.319894
8.85139 9.08347 0.324342
8.50204 8.35299 0.309696
8.39974 8.40232 0.326224
8.33106 9.50388 0.322214
9.03775 8.39482 0.304633
8.39414 8.27123 0.32508
8.39414 8.27123 0.32508
8.45262 8.80003 0.316772
8.45262 8.80003 0.316772
8.47544 8.79021 0.32716
8.64772 8.08107 0.328078
8.63045 8.99486 0.329579
8.77626 8.79034 0.327899
8.77626 8.79034 0.327899
8.75664 8.29859 0.338345
8.95488 8.71744 0.315306
8.81051 8.50091 0.325522
8.77225 8.28771 0.330324
8.82885 8.86372 0.314455
8.65464 8.13692 0.324922
8.86986 8.55276 0.317117
9.00007 8.22898 0.299574
8.51033 8.62004 0.307507
8.51033 8.62004 0.307507
9.47204 8.37907 0.330663
9.2094 8.12088 0.323331
9.06834 8.75298 0.339678
8.51243 8.84306 0.322825
8.51243 8.84306 0.322825
8.99177 8.60039 0.3139
8.41911 8.84235 0.33661
8.53441 8.12715 0.308863
8.89554 8.90079 0.316604
8.52744 8.3709 0.332401
8.64593 8.30694 0.318215
8.94151 8.55717 0.334732
8.35357 8.04506 0.314757
7.93138 8.83882 0.323642
7.93138 8.83882 0.323642
8.03479 8.82793 0.315274
8.57525 8.49302 0.32385
9.12922 8.73837 0.311316
8.24203 8.51693 0.33774
8.90398 8.93001 0.312119
8.90398 8.93001 0.312119
8.90398 8.93001 0.312119
8.78948 8.99166 0.307467
8.29908 9.05262 0.313025
8.29908 9.05262 0.313025
8.12623 8.33472 0.324996
8.12623 8.33472 0.324996
8.12623 8.33472 0.324996
9.01889 8.42478 0.316257
9.01889 8.42478 0.316257
8.77905 8.31074 0.324402
8.41054 8.27771 0.334296
8.41054 8.27771 0.334296
8.93974 8.59366 0.307194
8.47298 8.76542 0.315217
8.81506 8.76129 0.310956
8.28654 8.28448 0.324385
8.44709 8.81179 0.307931
8.84461 8.82357 0.320621
8.52034 8.13614 0.314345
8.34656 9.03574 0.312207
8.15812 8.45241 0.309665
9.04222 8.61217 0.306428
8.66094 8.67193 0.329871
8.66094 8.67193 0.329871
8.75289 8.83631 0.30454
8.26136 8.92339 0.333447
8.26136 8.92339 0.333447
8.26136 8.92339 0.333447
8.26136 8.92339 0.333447
8.4043 8.38269 0.321604
8.33829 8.40457 0.311553
8.36594 8.7203 0.310017
8.46247 8.91429 0.328125
8.75167 8.77765 0.330431
8.45852 8.71718 0.332677
8.45852 8.71718 0.332677
8.52878 8.34903 0.32262
8.52878 8.34903 0.32262
8.37802 8.5931 0.313675
8.37802 8.5931 0.313675
8.70869 7.91439 0.3189
9.05049 8.50931 0.330747
8.67743 8.52666 0.327104
8.3788 9.39517 0.323166
8.63369 8.30313 0.31664
8.63369 8.30313 0.31664
8.96887 8.64163 0.314755
8.96887 8.64163 0.314755
9.0172 8.55938 0.319561
8.24174 8.83134 0.323334
9.29637 8.57114 0.302226
9.00325 8.68039 0.320701
8.79332 8.72177 0.296925
8.79342 8.82895 0.310971
8.11134 8.86963 0.346129
8.69664 8.81247 0.309339
8.8228 8.45129 0.30323
8.51408 8.56644 0.319024
8.51408 8.56644 0.319024
9.10136 8.79469 0.326781
8.57996 8.46478 0.30196
8.31233 9.19892 0.31829
9.04848 8.52291 0.309719
9.04848 8.52291 0.309719
8.78877 9.3282 0.312679
8.52825 8.86064 0.327981
8.52825 8.86064 0.327981
9.18293 9.00847 0.315182
8.64411 8.3837 0.344455
8.52893 9.05087 0.318764
8.52893 9.05087 0.318764
8.67434 8.32138 0.326029
8.41516 8.61352 0.324905
8.6534 8.54518 0.314734
9.31996 8.87353 0.315011
8.50316 8.64356 0.323154
8.77118 8.71898 0.31892
8.77118 8.71898 0.31892
8.46871 8.59543 0.322911
8.80481 8.89867 0.331253
8.92282 9.0992 0.31099
8.92282 9.0992 0.31099
8.83209 8.40899 0.31675
8.60267 9.28559 0.324324
8.72629 9.09872 0.323884
7.98952 8.89306 0.311326
8.36795 8.43855 0.328171
8.73434 8.44052 0.323369
8.45075 8.82988 0.295556
9.02669 8.31437 0.321561
8.59924 9.36753 0.339964
8.30801 8.94048 0.323587
8.30801 8.94048 0.323587
8.95946 8.53462 0.322808
9.1245 8.39677 0.322716
8.85941 8.83515 0.316721
8.85941 8.83515 0.316721
8.23983 9.09923 0.322955
8.32321 8.5436 0.320291
8.32321 8.5436 0.320291
8.6683 8.28759 0.336447
9.01 8.61942 0.315513
8.88496 8.36589 0.311373
8.74244 8.47875 0.321223
8.62607 8.79456 0.32256
8.53714 8.9419 0.333699
8.61865 8.54955 0.333528
8.61865 8.54955 0.333528
8.17711 9.20414 0.321463
8.17711 9.20414 0.321463
8.5789 9.07636 0.314091
8.61768 8.84277 0.317474
8.59619 8.49347 0.315237
8.06699 8.27866 0.311126
8.06699 8.27866 0.311126
8.98076 8.90047 0.324067
8.98076 8.90047 0.324067
9.08831 8.18497 0.332432
8.32054 8.58692 0.320508
8.55314 8.90048 0.313146
9.16541 8.58576 0.325273
9.16541 8.58576 0.325273
9.16541 8.58576 0.325273
8.761 8.68096 0.331534
8.13975 8.80651 0.334032
8.13975 8.80651 0.334032
8.70467 8.65472 0.306002
8.53575 8.61182 0.321894
8.53575 8.61182 0.321894
8.37301 8.55985 0.313325
9.04837 8.35194 0.340036
8.99219 8.16592 0.314603
8.99219 8.16592 0.314603
8.99219 8.16592 0.314603
8.56001 8.57049 0.310028
9.01868 9.03291 0.311104
8.78061 8.34658 0.319952
8.58503 9.07173 0.327687
8.90493 8.6053 0.324107
8.90493 8.6053 0.324107
8.90493 8.6053 0.324107
8.79371 8.61448 0.333042
8.79371 8.61448 0.333042
8.61874 8.65639 0.305293
9.22581 8.07942 0.305138
9.22581 8.07942 0.305138
8.29211 8.6761 0.308446
8.82603 8.66023 0.327497
8.58923 8.54878 0.328478
8.73333 8.52295 0.317773
8.73333 8.52295 0.317773
8.89696 8.45004 0.326453
8.58792 9.08334 0.32654
8.58792 9.08334 0.32654
8.59144 8.96913 0.324908
8.59144 8.96913 0.324908
8.59144 8.96913 0.324908
8.59144 8.96913 0.324908
8.22799 9.14992 0.323744
8.77391 8.59515 0.314301
8.75136 8.81788 0.322846
8.75136 8.81788 0.322846
8.23566 8.83297 0.31288
8.23566 8.83297 0.31288
8.87807 8.26526 0.318318
8.89774 8.58967 0.310104
8.41212 8.75356 0.335505
8.46892 8.37344 0.324265
8.7133 8.79595 0.317603
8.22246 8.68405 0.31794
8.68201 8.76511 0.315176
8.68201 8.76511 0.315176
8.24321 9.00257 0.32186
8.24321 9.00257 0.32186
8.60717 8.49712 0.326185
8.60717 8.49712 0.326185
8.60717 8.49712 0.326185
8.94772 8.99751 0.323058
8.50829 9.15563 0.321324
8.45694 8.98955 0.306666
8.29383 9.04587 0.328099
8.58759 8.52377 0.302633
8.58759 8.52377 0.302633
8.01551 8.59969 0.330989
8.54444 8.55358 0.31949
8.54444 8.55358 0.31949
8.54444 8.55358 0.31949
9.21155 8.69045 0.319701
8.72176 9.01473 0.331395
8.12244 8.36406 0.319537
8.68156 8.41402 0.290849
8.68156 8.41402 0.290849
8.99336 8.70121 0.324886
8.80966 8.39734 0.311578
8.44819 8.88422 0.328775
8.50434 8.94066 0.339517
8.44199 8.01915 0.312241
8.63105 8.28673 0.32491
8.63105 8.28673 0.32491
8.89215 8.91132 0.325868
8.5788 8.62289 0.311632
8.21296 8.39826 0.31714
8.21296 8.39826 0.31714
8.48433 8.59539 0.327358
8.74657 8.58139 0.320985
8.43895 8.4436 0.316781
8.54942 8.66198 0.318565
8.80403 8.46339 0.302692
8.46806 8.69627 0.312082
8.46806 8.69627 0.312082
8.68978 8.92033 0.323559
8.77783 8.46119 0.310199
9.43677 8.30318 0.334649
8.67773 9.15297 0.31625
8.87156 8.71242 0.312299
8.80816 8.28773 0.325518
8.79248 8.19089 0.332953
8.79248 8.19089 0.332953
8.54216 8.66262 0.31133
8.95324 8.0582 0.316278
9.0447 8.28276 0.320464
8.4067 8.55494 0.333414
8.47831 8.37059 0.321964
8.47831 8.37059 0.321964
8.47831 8.37059 0.321964
8.47056 8.89076 0.31422
8.57904 8.25279 0.305803
8.32656 8.33528 0.318715
9.13718 9.22673 0.315593
8.20269 8.75008 0.320625
8.20269 8.75008 0.320625
8.20269 8.75008 0.320625
8.03397 9.02691 0.327481
8.51961 8.73859 0.34332
8.76057 9.05001 0.300916
8.55327 8.42944 0.322822
9.09177 8.78736 0.31715
8.60812 8.83995 0.332644
8.26556 8.93613 0.320196
8.26556 8.93613 0.320196
8.60299 8.81826 0.316418
8.60299 8.81826 0.316418
8.58268 8.08714 0.311016
8.66777 9.35654 0.329698
7.96953 8.91035 0.307039
8.44431 8.36171 0.323801
8.58457 8.65754 0.314933
8.98044 9.25392 0.314954
8.27586 8.75974 0.312202
8.2971 8.95702 0.33351
8.2971 8.95702 0.33351
8.42601 8.94431 0.304599
8.50085 8.74082 0.330987
8.22493 8.31418 0.325875
8.92134 8.59749 0.323508
8.49026 8.35821 0.303713
8.78414 8.46975 0.311029
8.07692 8.71616 0.295467
9.2179 8.68573 0.311734
9.21583 8.56496 0.320215
8.64758 8.64549 0.331567
8.64758 8.64549 0.331567
8.80861 8.93971 0.328752
8.82358 7.94342 0.31926
8.82358 7.94342 0.31926
8.62472 8.54045 0.313881
8.62472 8.54045 0.313881
8.88717 8.97555 0.320718
8.69339 8.66194 0.322002
8.46184 8.54917 0.290285
8.41706 8.66103 0.315023
8.4269 8.41659 0.312828
8.02131 8.4435 0.312599
8.1782 8.79866 0.318006
8.62316 8.4915 0.340704
8.49793 8.44293 0.322879
8.34478 8.83536 0.351543
8.52886 8.26277 0.307391
8.52886 8.26277 0.307391
8.957 8.12215 0.329895
8.85812 8.84455 0.322425
8.45957 8.84364 0.318714
8.3345 8.6969 0.322964
8.10811 8.34891 0.337063
8.5851 8.41556 0.329473
8.57321 8.5993 0.305474
8.57321 8.5993 0.305474
8.98336 8.73863 0.319107
7.86968 8.58128 0.325749
8.67944 7.8716 0.321526
8.27103 8.67477 0.316403
8.27103 8.67477 0.316403
8.35765 8.72799 0.328796
8.6894 8.75413 0.308886
8.28514 8.4085 0.322036
8.77398 8.6872 0.321141
8.03839 8.85978 0.301364
8.03839 8.85978 0.301364
8.99335 8.84696 0.32144
8.99335 8.84696 0.32144
8.99335 8.84696 0.32144
8.38635 9.11145 0.341113
8.38635 9.11145 0.341113
8.41787 8.56724 0.32498
8.61998 8.72247 0.325479
8.82492 8.48852 0.318051
8.99565 8.62767 0.315687
8.99565 8.62767 0.315687
8.95084 8.57007 0.325406
8.40349 8.99428 0.325585
8.36481 8.60679 0.324003
8.41357 8.59982 0.283222
8.41357 8.59982 0.283222
8.43866 9.02073 0.324735
8.43866 9.02073 0.324735
8.62516 8.39105 0.322653
8.93624 9.02969 0.315658
8.65422 8.3729 0.29971
8.65422 8.3729 0.29971
9.21546 8.81136 0.321972
8.46038 8.95655 0.315825
8.26341 8.7329 0.337138
8.66381 9.0718 0.32096
8.90262 8.95356 0.328063
8.35982 8.39926 0.310131
8.35982 8.39926 0.310131
8.24151 8.95281 0.324245
8.23237 8.42548 0.31928
8.3596 8.50261 0.331613
8.3596 8.50261 0.331613
8.54415 8.23671 0.310816
8.23933 8.6811 0.318772
8.23933 8.6811 0.318772
8.48461 8.45827 0.315757
8.33951 8.87733 0.308719
8.4962 8.7133 0.329007
8.12414 8.34503 0.321641
8.12414 8.34503 0.321641
8.3462 8.46508 0.312915
8.78093 8.62427 0.329146
8.78093 8.62427 0.329146
8.78093 8.62427 0.329146
8.62722 8.40868 0.307523
8.62722 8.40868 0.307523
8.88445 8.75434 0.333321
8.88445 8.75434 0.333321
8.82443 8.61389 0.335134
8.50889 8.46307 0.327178
8.50889 8.46307 0.327178
8.40138 8.75818 0.310584
8.43973 8.59543 0.317254
8.43973 8.59543 0.317254
8.66795 8.52102 0.327018
8.65013 8.57138 0.327034
8.65013 8.57138 0.327034
8.76727 8.70186 0.336924
9.2673 8.6635 0.326519
9.2673 8.6635 0.326519
8.91573 8.7436 0.314677
8.5012 8.83235 0.330936
8.52164 8.60704 0.332788
8.52164 8.60704 0.332788
8.5155 8.42032 0.308952
8.54064 8.11202 0.311299
8.24218 8.2757 0.325674
8.35146 8.44134 0.312092
8.91912 8.29483 0.309224
7.86097 8.78188 0.313352
8.21757 8.70599 0.320638
9.04768 8.57445 0.337722
8.43196 8.70138 0.332231
8.43196 8.70138 0.332231
8.78724 8.72352 0.313309
8.78724 8.72352 0.313309
8.64735 8.80978 0.31194
8.64735 8.80978 0.31194
8.64735 8.80978 0.31194
8.64735 8.80978 0.31194
8.61822 8.56488 0.313098
8.56594 8.59653 0.330896
8.56594 8.59653 0.330896
8.81696 9.10512 0.304672
8.81896 8.84288 0.309809
8.44051 8.66173 0.326942
8.9594 8.9879 0.327614
8.46309 8.34639 0.311967
8.79827 8.37441 0.308724
8.68196 8.70223 0.315358
8.68196 8.70223 0.315358
8.72058 8.95254 0.336955
8.61074 9.12922 0.303648
8.31781 8.54895 0.316781
9.35572 8.73127 0.308434
9.35572 8.73127 0.308434
9.06306 8.87031 0.320173
8.69913 8.89018 0.314056
8.64738 8.98346 0.324319
8.64492 9.14492 0.342374
8.64492 9.14492 0.342374
8.48279 8.77826 0.312086
8.81099 8.73649 0.322922
8.61784 8.3728 0.309298
8.61784 8.3728 0.309298
8.98311 8.84267 0.33196
8.72156 9.06631 0.313244
8.79947 8.80294 0.299629
8.28497 8.69976 0.320238
8.58892 8.98153 0.334366
8.36591 8.39318 0.327614
8.36591 8.39318 0.327614
8.36591 8.39318 0.327614
8.45375 8.84216 0.330206
8.40283 8.76268 0.301452
9.24252 8.74494 0.324627
8.75744 8.26416 0.307891
8.43696 8.44592 0.321786
8.43696 8.44592 0.321786
8.43696 8.44592 0.321786
8.23406 8.81449 0.3128
8.23406 8.81449 0.3128
8.58327 8.22036 0.29321
9.19731 8.80154 0.349125
8.79498 8.66958 0.327762
8.79498 8.66958 0.327762
8.79498 8.66958 0.327762
8.66302 8.37025 0.315487
9.11087 8.68102 0.313281
8.72266 8.58139 0.313771
8.33323 8.74276 0.33397
8.57649 7.99941 0.334616
8.57649 7.99941 0.334616
8.82186 8.67718 0.318251
8.82186 8.67718 0.318251
8.82186 8.67718 0.318251
8.83492 8.60247 0.316365
8.53307 8.51463 0.325509
8.77799 9.08344 0.318898
8.46496 8.86737 0.320366
8.98427 9.25566 0.326197
8.50825 8.15189 0.329212
8.7469 8.51162 0.32587
8.44866 8.26377 0.32377
8.75025 8.57189 0.30703
8.60967 8.72158 0.305032
8.6053 8.85197 0.311118
8.6053 8.85197 0.311118
8.6053 8.85197 0.311118
8.71922 8.456 0.325491
8.71922 8.456 0.325491
8.27129 8.70318 0.305994
8.71667 8.66586 0.320675
8.64274 8.63754 0.311629
8.58702 8.63843 0.323027
8.99723 8.24628 0.32118
8.86351 8.87256 0.321769
8.86351 8.87256 0.321769
8.68395 8.33892 0.311003
8.72467 8.33295 0.314829
8.77736 8.57556 0.320423
8.77736 8.57556 0.320423
8.77736 8.57556 0.320423
8.66879 8.30445 0.3244
8.82413 8.90657 0.309054
8.35597 8.57743 0.322322
8.38644 9.04482 0.302601
8.32064 8.59676 0.313571
8.32064 8.59676 0.313571
8.32064 8.59676 0.313571
8.32064 8.59676 0.313571
8.32628 8.24504 0.310301
8.61896 8.26481 0.305724
8.24767 8.23453 0.329797
8.70965 9.02255 0.31155
8.25524 8.53292 0.348543
8.28729 8.81707 0.338386
8.68707 8.61766 0.322854
8.57798 8.63708 0.318926
8.75894 8.4538 0.323583
9.04626 8.29818 0.328601
8.72515 8.14746 0.318369
8.5099 9.1523 0.313821
8.5099 9.1523 0.313821
8.34215 9.05572 0.325648
8.52297 8.66257 0.332726
9.11323 8.8263 0.315751
8.52621 8.81039 0.329877
8.88428 8.77002 0.333313
8.98311 9.04594 0.297332
8.79255 8.82812 0.318329
8.93009 8.32372 0.3244
9.12746 8.67306 0.314356
9.12746 8.67306 0.314356
8.85297 8.40926 0.318449
8.65166 8.42693 0.304236
8.44746 8.96081 0.337456
8.65075 8.52847 0.314221
8.82725 8.57112 0.302075
8.5251 8.01321 0.307354
8.52441 8.76461 0.313544
8.83662 9.27355 0.304338
8.83662 9.27355 0.304338
8.64915 9.02698 0.291996
8.89546 8.64134 0.329511
8.50859 8.91737 0.315821
8.70603 8.21895 0.326977
8.78457 8.7385 0.32335
8.78457 8.7385 0.32335
8.57285 9.14248 0.339881
8.35181 8.77807 0.31486
8.77491 8.26215 0.322744
8.77491 8.26215 0.322744
8.59691 8.78457 0.316931
8.23801 9.19105 0.317012
8.23801 9.19105 0.317012
8.95356 9.05238 0.31581
8.95356 9.05238 0.31581
9.28102 8.85863 0.326861
9.14362 9.01742 0.309188
8.46806 8.71565 0.323926
8.29184 8.13355 0.31689
8.29184 8.13355 0.31689
8.30185 8.91143 0.311244
8.58896 8.1804 0.323071
8.43965 8.69767 0.314685
8.62009 8.79158 0.324009
7.90465 8.64271 0.324335
7.90465 8.64271 0.324335
8.82217 8.79745 0.316372
8.51281 8.77592 0.327239
8.75062 8.58779 0.304067
8.73954 9.02063 0.329648
8.73954 9.02063 0.329648
8.73954 9.02063 0.329648
8.41444 9.03808 0.333682
8.78905 8.41477 0.311058
8.78905 8.41477 0.311058
8.78905 8.41477 0.311058
8.63951 8.82165 0.312297
8.63951 8.82165 0.312297
8.30984 8.35057 0.3267
8.62066 8.68554 0.334383
8.31676 8.1227 0.330307
8.63373 8.75328 0.318476
9.35411 8.58705 0.320749
9.35411 8.58705 0.320749
9.35411 8.58705 0.320749
8.44599 8.36368 0.33281
8.53047 8.61274 0.345006
8.4075 8.42109 0.315291
8.4075 8.42109 0.315291
8.745 8.6465 0.316114
8.21018 8.66603 0.310047
8.57376 8.34451 0.326638
8.66121 9.3217 0.315415
8.67788 8.896 0.331115
8.67788 8.896 0.331115
8.67788 8.896 0.331115
9.0628 8.55061 0.31421
6.31103 6.41103 -0.00125439
6.31103 6.41103 -0.00125439
5.82566 6.77408 -0.00707027
5.82566 6.77408 -0.00707027
6.15099 5.83841 -0.0199627
6.15099 5.83841 -0.0199627
6.15099 5.83841 -0.0199627
6.15099 5.83841 -0.0199627
6.15099 5.83841 -0.0199627
6.15099 5.83841 -0.0199627
6.11191 6.40156 0.00888932
6.58179 6.37431 -0.00113985
6.40605 6.18723 -0.000958666
6.40605 6.18723 -0.000958666
6.50862 5.9984 -0.0159103
6.50862 5.9984 -0.0159103
6.50862 5.9984 -0.0159103
6.50862 5.9984 -0.0159103
6.50862 5.9984 -0.0159103
6.50862 5.9984 -0.0159103
6.50862 5.9984 -0.0159103
6.50862 5.9984 -0.0159103
6.58624 5.8485 0.0231184
6.58624 5.8485 0.0231184
6.58624 5.8485 0.0231184
6.58624 5.8485 0.0231184
6.31943 5.94179 0.0111282
6.31943 5.94179 0.0111282
6.31943 5.94179 0.0111282
5.92706 6.17555 0.00314912
6.26297 6.75854 -0.0321617
6.08504 6.09875 -0.0081743
6.08504 6.09875 -0.0081743
6.08504 6.09875 -0.0081743
6.08504 6.09875 -0.0081743
6.14394 5.99622 -9.1259e-05
6.59427 6.537 0.0105791
6.59427 6.537 0.0105791
6.1268 6.04098 0.00751344
6.1268 6.04098 0.00751344
5.95169 6.0617 -0.0141852
5.95169 6.0617 -0.0141852
6.28789 6.44499 -0.00052692
6.28789 6.44499 -0.00052692
6.28789 6.44499 -0.00052692
6.28789 6.44499 -0.00052692
6.22537 6.30577 0.00507651
6.22537 6.30577 0.00507651
6.22537 6.30577 0.00507651
6.33526 6.35178 0.00122237
6.33526 6.35178 0.00122237
5.78727 6.60597 -0.00378044
5.78727 6.60597 -0.00378044
6.21454 6.94272 -0.0267877
6.37401 6.0748 0.00307415
6.37401 6.0748 0.00307415
6.37401 6.0748 0.00307415
6.37401 6.0748 0.00307415
6.37401 6.0748 0.00307415
6.37401 6.0748 0.00307415
5.90252 6.15961 0.0100636
5.90252 6.15961 0.0100636
6.4768 6.64167 -0.00790588
6.4768 6.64167 -0.00790588
6.46157 6.46804 -0.00681603
6.46157 6.46804 -0.00681603
6.46157 6.46804 -0.00681603
6.29364 6.35356 -0.00160002
6.22722 5.96173 0.00274176
6.22722 5.96173 0.00274176
6.22722 5.96173 0.00274176
6.22722 5.96173 0.00274176
6.29399 6.79212 -0.0106937
6.29399 6.79212 -0.0106937
6.29399 6.79212 -0.0106937
6.47843 6.26563 -0.00415373
6.33321 5.99698 0.0256372
6.33321 5.99698 0.0256372
6.33321 5.99698 0.0256372
6.33321 5.99698 0.0256372
6.34043 6.43278 -0.00897665
6.34043 6.43278 -0.00897665
6.16388 6.13424 0.0168164
6.24149 6.43749 0.00449126
6.24149 6.43749 0.00449126
6.24149 6.43749 0.00449126
6.05492 6.27008 0.01044
6.05492 6.27008 0.01044
6.05492 6.27008 0.01044
6.05492 6.27008 0.01044
6.05492 6.27008 0.01044
6.05492 6.27008 0.01044
5.75981 6.47858 0.00835216
5.75981 6.47858 0.00835216
5.75981 6.47858 0.00835216
5.75981 6.47858 0.00835216
5.75981 6.47858 0.00835216
6.4899 6.24014 -0.0134383
6.4899 6.24014 -0.0134383
6.09096 6.00304 -0.00130837
6.09096 6.00304 -0.00130837
6.09096 6.00304 -0.00130837
6.09096 6.00304 -0.00130837
6.09096 6.00304 -0.00130837
6.09096 6.00304 -0.00130837
6.09096 6.00304 -0.00130837
6.09096 6.00304 -0.00130837
6.35549 5.92846 0.000761441
6.35549 5.92846 0.000761441
6.35549 5.92846 0.000761441
6.35549 5.92846 0.000761441
6.35549 5.92846 0.000761441
6.35549 5.92846 0.000761441
6.37768 6.33232 -0.00446777
6.16396 5.93615 0.0152673
6.16396 5.93615 0.0152673
6.16396 5.93615 0.0152673
6.16396 5.93615 0.0152673
6.16396 5.93615 0.0152673
6.42357 6.69738 -0.0103486
6.42357 6.69738 -0.0103486
6.54425 6.86318 -0.0197892
5.88754 5.6725 0.0109277
6.7891 6.29173 -0.00574945
6.11057 6.17749 0.000216675
6.1256 6.2476 -0.0105352
6.1256 6.2476 -0.0105352
6.38086 6.16319 0.00348682
6.38086 6.16319 0.00348682
6.21123 6.24977 -0.00545218
6.21123 6.24977 -0.00545218
6.479 6.46054 -0.00344145
6.479 6.46054 -0.00344145
6.479 6.46054 -0.00344145
6.479 6.46054 -0.00344145
6.479 6.46054 -0.00344145
6.479 6.46054 -0.00344145
6.479 6.46054 -0.00344145
6.11755 6.40941 -0.0107328
6.24122 5.99597 -0.00802388
6.12183 6.14037 -0.00268201
6.12183 6.14037 -0.00268201
6.52053 5.82146 -0.0320923
6.52053 5.82146 -0.0320923
6.11687 6.2754 -0.012367
6.11687 6.2754 -0.012367
7.02806 6.56739 0.00621821
7.02806 6.56739 0.00621821
7.02806 6.56739 0.00621821
7.02806 6.56739 0.00621821
7.02806 6.56739 0.00621821
7.02806 6.56739 0.00621821
7.02806 6.56739 0.00621821
7.02806 6.56739 0.00621821
7.02806 6.56739 0.00621821
6.74658 5.79495 0.00694101
6.28735 5.69285 0.00218445
6.28735 5.69285 0.00218445
6.28735 5.69285 0.00218445
6.28735 5.69285 0.00218445
6.87632 6.14113 0.000438949
6.87632 6.14113 0.000438949
6.37409 5.84254 0.0112397
6.37409 5.84254 0.0112397
6.37409 5.84254 0.0112397
6.37409 5.84254 0.0112397
6.40282 6.43447 -0.00123252
6.40282 6.43447 -0.00123252
6.40282 6.43447 -0.00123252
6.40282 6.43447 -0.00123252
6.40282 6.43447 -0.00123252
6.25127 6.08794 -0.00121113
6.25127 6.08794 -0.00121113
6.25127 6.08794 -0.00121113
6.03038 6.13089 0.0151725
6.03038 6.13089 0.0151725
6.64396 6.56519 0.0110304
6.08771 6.36821 -0.0170911
6.08771 6.36821 -0.0170911
6.08771 6.36821 -0.0170911
6.58901 6.20032 -4.34995e-05
6.58901 6.20032 -4.34995e-05
6.58901 6.20032 -4.34995e-05
6.58901 6.20032 -4.34995e-05
6.58901 6.20032 -4.34995e-05
6.44475 6.12344 -0.00178555
6.44475 6.12344 -0.00178555
6.44475 6.12344 -0.00178555
6.44475 6.12344 -0.00178555
6.35742 5.88588 -0.00996864
6.35742 5.88588 -0.00996864
6.35742 5.88588 -0.00996864
6.35439 6.33393 -0.00986985
6.35439 6.33393 -0.00986985
6.35439 6.33393 -0.00986985
6.35439 6.33393 -0.00986985
6.35439 6.33393 -0.00986985
6.35439 6.33393 -0.00986985
6.39656 6.01515 -0.00345348
6.54167 6.19985 0.00951522
6.76056 6.041 0.00462978
6.76056 6.041 0.00462978
6.76056 6.041 0.00462978
6.76056 6.041 0.00462978
6.45764 6.41597 0.00876756
6.54938 6.23812 0.00233099
6.54938 6.23812 0.00233099
5.64985 7.061 0.00699223
5.64985 7.061 0.00699223
6.51787 6.16253 0.00954529
6.51787 6.16253 0.00954529
6.26072 6.27046 -0.000842233
6.26072 6.27046 -0.000842233
6.26072 6.27046 -0.000842233
6.26072 6.27046 -0.000842233
6.35097 6.32025 0.00928992
6.35097 6.32025 0.00928992
7.04882 6.19113 -0.0131833
6.3834 5.99118 -0.000841756
6.08778 5.97768 0.00585969
6.08778 5.97768 0.00585969
6.08778 5.97768 0.00585969
6.11514 6.5443 -0.0177422
6.11514 6.5443 -0.0177422
6.11514 6.5443 -0.0177422
6.11514 6.5443 -0.0177422
6.51207 6.85314 0.0235975
6.38467 5.93367 0.0136546
6.38467 5.93367 0.0136546
6.39213 6.33977 0.00960248
6.39213 6.33977 0.00960248
6.17121 5.9997 -0.00788235
6.42556 6.14283 0.0115667
6.42556 6.14283 0.0115667
6.42556 6.14283 0.0115667
6.06656 6.45883 -0.0143082
6.06656 6.45883 -0.0143082
6.24206 6.34909 -0.00421747
6.24206 6.34909 -0.00421747
6.24206 6.34909 -0.00421747
6.24206 6.34909 -0.00421747
6.24206 6.34909 -0.00421747
5.85917 6.34293 -0.00749164
5.85917 6.34293 -0.00749164
5.85917 6.34293 -0.00749164
5.85917 6.34293 -0.00749164
5.89825 6.27074 -0.0176732
5.89825 6.27074 -0.0176732
5.89825 6.27074 -0.0176732
5.89825 6.27074 -0.0176732
5.89825 6.27074 -0.0176732
5.89825 6.27074 -0.0176732
5.83204 6.41763 -0.00237009
5.93856 6.62316 -0.0108335
6.20567 6.49586 0.0220695
6.20567 6.49586 0.0220695
6.20567 6.49586 0.0220695
6.20567 6.49586 0.0220695
6.20567 6.49586 0.0220695
6.20567 6.49586 0.0220695
6.20567 6.49586 0.0220695
6.20567 6.49586 0.0220695
6.20567 6.49586 0.0220695
6.20567 6.49586 0.0220695
6.82535 6.46258 0.00049888
6.82535 6.46258 0.00049888
6.82535 6.46258 0.00049888
6.82535 6.46258 0.00049888
6.39328 6.40508 -0.0055939
6.39328 6.40508 -0.0055939
6.39328 6.40508 -0.0055939
6.39328 6.40508 -0.0055939
6.24229 5.96343 0.000194017
6.24229 5.96343 0.000194017
6.24229 5.96343 0.000194017
6.24229 5.96343 0.000194017
6.24229 5.96343 0.000194017
7.09074 7.11179 -0.00797979
6.3558 6.33502 0.00846055
6.3558 6.33502 0.00846055
5.90149 6.46534 0.00618622
5.90149 6.46534 0.00618622
5.76808 6.16094 0.00957531
5.76808 6.16094 0.00957531
5.76808 6.16094 0.00957531
6.29072 6.12533 0.0204825
6.29072 6.12533 0.0204825
6.29072 6.12533 0.0204825
6.24824 6.08837 -0.00566606
6.24824 6.08837 -0.00566606
6.24824 6.08837 -0.00566606
5.91594 6.41948 -0.0017181
6.06707 6.44541 -0.00299966
6.06707 6.44541 -0.00299966
6.08658 6.19597 -0.0161202
6.08658 6.19597 -0.0161202
6.1842 5.71904 0.00388301
6.1842 5.71904 0.00388301
6.1501 6.0492 0.0058643
6.1501 6.0492 0.0058643
6.1501 6.0492 0.0058643
6.1501 6.0492 0.0058643
6.1501 6.0492 0.0058643
6.1501 6.0492 0.0058643
6.1501 6.0492 0.0058643
6.4314 5.83252 -0.0164542
6.4314 5.83252 -0.0164542
6.4314 5.83252 -0.0164542
5.89132 6.23276 0.00274589
5.89132 6.23276 0.00274589
5.83897 5.84874 0.011872
5.83897 5.84874 0.011872
5.83897 5.84874 0.011872
5.83897 5.84874 0.011872
5.83897 5.84874 0.011872
6.11088 5.60123 0.014289
5.97251 5.88607 0.00207206
5.97251 5.88607 0.00207206
5.97251 5.88607 0.00207206
6.30781 6.50558 0.00179634
6.30781 6.50558 0.00179634
6.30781 6.50558 0.00179634
6.39231 5.98226 0.00691836
6.39231 5.98226 0.00691836
6.39231 5.98226 0.00691836
6.39231 5.98226 0.00691836
6.39231 5.98226 0.00691836
6.39231 5.98226 0.00691836
6.39231 5.98226 0.00691836
6.36416 6.14827 -0.0149604
6.36416 6.14827 -0.0149604
6.36416 6.14827 -0.0149604
6.36416 6.14827 -0.0149604
6.36416 6.14827 -0.0149604
6.36416 6.14827 -0.0149604
6.29162 6.29235 -0.00481619
6.29162 6.29235 -0.00481619
6.61391 6.146 0.00090098
6.61391 6.146 0.00090098
6.61391 6.146 0.00090098
6.61391 6.146 0.00090098
6.24235 6.67739 0.0019055
6.24235 6.67739 0.0019055
6.24235 6.67739 0.0019055
6.43692 6.12666 0.000853764
6.43692 6.12666 0.000853764
6.43692 6.12666 0.000853764
6.48801 6.63251 0.00877565
6.48801 6.63251 0.00877565
6.48801 6.63251 0.00877565
6.53284 6.54183 0.306503
6.39752 6.37239 0.319274
6.74541 6.05095 0.317995
6.74541 6.05095 0.317995
6.74541 6.05095 0.317995
6.14893 6.20514 0.308011
6.14893 6.20514 0.308011
6.59696 6.10088 0.302917
6.59696 6.10088 0.302917
6.59696 6.10088 0.302917
6.59696 6.10088 0.302917
6.59696 6.10088 0.302917
6.59696 6.10088 0.302917
6.59696 6.10088 0.302917
6.55229 6.23875 0.308158
6.1311 5.93332 0.311207
6.0399 6.22284 0.317775
6.64875 6.55055 0.313409
6.64875 6.55055 0.313409
6.53348 5.91878 0.336273
6.612 6.09251 0.31949
6.07789 6.32941 0.318631
6.06432 6.11409 0.302906
6.06432 6.11409 0.302906
6.06432 6.11409 0.302906
6.06432 6.11409 0.302906
6.06432 6.11409 0.302906
6.25197 6.15602 0.343081
6.25197 6.15602 0.343081
6.25197 6.15602 0.343081
6.30432 6.31722 0.290707
6.30432 6.31722 0.290707
6.30432 6.31722 0.290707
6.30432 6.31722 0.290707
6.12499 6.35934 0.317784
6.12499 6.35934 0.317784
6.12499 6.35934 0.317784
6.12499 6.35934 0.317784
6.12499 6.35934 0.317784
6.12499 6.35934 0.317784
6.11951 6.12428 0.325041
6.11951 6.12428 0.325041
6.27221 6.38432 0.300137
6.27221 6.38432 0.300137
6.44995 5.85037 0.314248
6.44995 5.85037 0.314248
6.74624 6.07612 0.302745
6.74624 6.07612 0.302745
6.74624 6.07612 0.302745
6.74352 5.86506 0.316439
6.50188 6.48973 0.321733
6.50188 6.48973 0.321733
6.50188 6.48973 0.321733
5.89517 6.02367 0.325575
6.4367 6.13245 0.317999
6.4367 6.13245 0.317999
6.4367 6.13245 0.317999
6.4367 6.13245 0.317999
6.4367 6.13245 0.317999
6.2064 6.79763 0.311885
6.2064 6.79763 0.311885
6.2064 6.79763 0.311885
6.2064 6.79763 0.311885
6.24603 6.73353 0.323539
6.24603 6.73353 0.323539
6.24603 6.73353 0.323539
6.45841 6.51881 0.330009
6.13665 6.13105 0.312244
6.62213 5.99111 0.320589
6.62213 5.99111 0.320589
6.18632 6.19601 0.321858
6.4528 5.95091 0.305208
6.24033 6.54036 0.316762
6.21872 6.46898 0.307526
6.20922 7.12704 0.318268
6.20922 7.12704 0.318268
5.98071 6.71989 0.315514
5.98071 6.71989 0.315514
6.54805 6.50416 0.312507
6.54805 6.50416 0.312507
6.14305 6.83705 0.317944
6.14305 6.83705 0.317944
6.27725 6.67629 0.316452
6.27725 6.67629 0.316452
6.27725 6.67629 0.316452
6.84872 6.50183 0.312544
6.84872 6.50183 0.312544
6.84872 6.50183 0.312544
6.84872 6.50183 0.312544
6.84872 6.50183 0.312544
6.3967 6.31574 0.321186
6.3967 6.31574 0.321186
6.12205 6.63315 0.324484
6.12205 6.63315 0.324484
6.12205 6.63315 0.324484
6.215 6.66791 0.324492
6.215 6.66791 0.324492
6.02989 6.03576 0.302337
5.68987 6.59586 0.318253
6.43838 6.69943 0.308854
6.43838 6.69943 0.308854
6.43838 6.69943 0.308854
6.43838 6.69943 0.308854
6.43838 6.69943 0.308854
6.43838 6.69943 0.308854
6.43838 6.69943 0.308854
6.03516 6.53448 0.315464
6.03516 6.53448 0.315464
5.65277 6.28348 0.31871
5.65277 6.28348 0.31871
5.65277 6.28348 0.31871
6.47943 6.64481 0.324808
6.47943 6.64481 0.324808
6.47943 6.64481 0.324808
6.47943 6.64481 0.324808
6.42973 6.50591 0.308164
6.42973 6.50591 0.308164
6.13615 6.32624 0.308198
6.93638 5.96184 0.312907
6.93638 5.96184 0.312907
6.06076 6.49011 0.312219
6.02359 6.58798 0.321517
6.02359 6.58798 0.321517
6.54465 6.38617 0.317568
6.54465 6.38617 0.317568
6.54465 6.38617 0.317568
6.27214 6.34968 0.323009
6.08935 5.78408 0.327129
6.08935 5.78408 0.327129
6.08935 5.78408 0.327129
6.74441 6.53623 0.329261
6.74441 6.53623 0.329261
6.74441 6.53623 0.329261
6.74441 6.53623 0.329261
6.74441 6.53623 0.329261
6.3322 6.78077 0.303645
6.3322 6.78077 0.303645
6.3322 6.78077 0.303645
6.70722 6.08661 0.320711
6.70722 6.08661 0.320711
6.70722 6.08661 0.320711
6.70722 6.08661 0.320711
6.58846 6.37346 0.308779
6.58846 6.37346 0.308779
6.26547 6.65655 0.309506
6.26547 6.65655 0.309506
6.26547 6.65655 0.309506
6.35099 6.37682 0.314572
6.27619 6.27189 0.310593
6.27619 6.27189 0.310593
6.27619 6.27189 0.310593
5.75294 5.70469 0.32375
5.75294 5.70469 0.32375
5.75294 5.70469 0.32375
5.75294 5.70469 0.32375
5.75294 5.70469 0.32375
5.75294 5.70469 0.32375
5.75294 5.70469 0.32375
5.75294 5.70469 0.32375
6.35695 6.91603 0.333494
6.35695 6.91603 0.333494
6.35695 6.91603 0.333494
6.69403 6.96956 0.307191
6.69403 6.96956 0.307191
6.69403 6.96956 0.307191
6.68772 6.08363 0.309541
6.68772 6.08363 0.309541
6.68772 6.08363 0.309541
6.68772 6.08363 0.309541
6.68772 6.08363 0.309541
6.70796 6.07529 0.31199
6.70796 6.07529 0.31199
6.70796 6.07529 0.31199
6.42467 6.80197 0.30434
6.42467 6.80197 0.30434
6.35882 5.67804 0.304971
6.67288 6.11097 0.311742
6.67288 6.11097 0.311742
6.67288 6.11097 0.311742
6.67288 6.11097 0.311742
6.67288 6.11097 0.311742
6.67288 6.11097 0.311742
6.67288 6.11097 0.311742
6.86105 6.40277 0.329042
6.12738 6.25085 0.307507
6.12738 6.25085 0.307507
6.72026 6.51901 0.314834
6.72026 6.51901 0.314834
6.72026 6.51901 0.314834
6.72026 6.51901 0.314834
6.72026 6.51901 0.314834
6.42298 6.48036 0.335034
6.15151 6.27122 0.331236
6.15151 6.27122 0.331236
5.60366 6.51558 0.320593
5.60366 6.51558 0.320593
6.04896 6.17492 0.321301
6.06195 6.70378 0.32284
6.06195 6.70378 0.32284
6.25451 6.25962 0.327076
6.25451 6.25962 0.327076
6.13554 6.51888 0.323397
6.13554 6.51888 0.323397
6.28127 6.35088 0.323607
6.28127 6.35088 0.323607
6.28127 6.35088 0.323607
6.51064 6.02412 0.32846
6.51064 6.02412 0.32846
6.36973 6.02922 0.311327
6.38107 6.28004 0.316377
6.19572 5.92767 0.2945
6.19572 5.92767 0.2945
6.19572 5.92767 0.2945
6.19572 5.92767 0.2945
5.84738 6.54708 0.330757
5.84738 6.54708 0.330757
5.84738 6.54708 0.330757
5.84738 6.54708 0.330757
5.84738 6.54708 0.330757
5.84738 6.54708 0.330757
5.84738 6.54708 0.330757
6.40537 6.29604 0.317219
6.68396 6.02875 0.32472
6.68396 6.02875 0.32472
6.40362 6.53591 0.319113
6.40362 6.53591 0.319113
6.40362 6.53591 0.319113
6.19528 6.4824 0.305759
6.19528 6.4824 0.305759
6.75637 6.20215 0.326513
6.75637 6.20215 0.326513
6.75637 6.20215 0.326513
6.75637 6.20215 0.326513
6.75637 6.20215 0.326513
6.75637 6.20215 0.326513
5.87145 6.56807 0.311914
5.87145 6.56807 0.311914
5.87145 6.56807 0.311914
6.09432 6.23318 0.313183
6.09432 6.23318 0.313183
6.09432 6.23318 0.313183
6.13365 5.94016 0.322638
6.24625 6.29867 0.315865
6.24625 6.29867 0.315865
6.24625 6.29867 0.315865
6.24625 6.29867 0.315865
6.39813 6.75008 0.32438
6.39813 6.75008 0.32438
6.30392 6.18567 0.329699
6.30392 6.18567 0.329699
6.37827 6.19132 0.310483
6.37827 6.19132 0.310483
6.28016 6.06356 0.32822
6.77722 6.06614 0.326219
6.77722 6.06614 0.326219
6.77722 6.06614 0.326219
6.13156 6.41531 0.306065
6.19501 6.48333 0.308885
6.19501 6.48333 0.308885
6.19501 6.48333 0.308885
6.40473 6.62206 0.312966
6.40473 6.62206 0.312966
6.27536 6.70597 0.301558
6.25587 6.58947 0.324781
6.25587 6.58947 0.324781
6.25587 6.58947 0.324781
6.28422 6.063 0.308968
6.28422 6.063 0.308968
6.22221 6.83548 0.317102
6.22221 6.83548 0.317102
6.22221 6.83548 0.317102
6.59546 6.19891 0.297201
6.59546 6.19891 0.297201
6.48206 6.61157 0.2915
6.48206 6.61157 0.2915
6.48206 6.61157 0.2915
6.48206 6.61157 0.2915
6.4743 6.63388 0.301531
6.14159 6.42917 0.312919
6.85888 6.64367 0.301342
6.15842 6.93036 0.325327
6.57565 6.02201 0.321795
6.56773 5.57582 0.310483
7.01422 6.22501 0.324668
7.01422 6.22501 0.324668
6.09876 6.30342 0.317295
6.65388 6.31603 0.303311
6.34906 6.36652 0.324218
6.54898 6.70871 0.300408
6.54898 6.70871 0.300408
7.0945 6.4266 0.302394
7.0945 6.4266 0.302394
7.03293 6.6699 0.293393
6.7549 6.57291 0.303753
6.7549 6.57291 0.303753
6.7549 6.57291 0.303753
6.7549 6.57291 0.303753
6.83577 6.76623 0.318234
6.66352 6.64959 0.298787
6.96335 7.02259 0.299096
6.96335 7.02259 0.299096
6.83827 7.12287 0.289463
6.61551 7.04877 0.310258
6.61551 7.04877 0.310258
6.61551 7.04877 0.310258
7.06166 6.08799 0.309749
7.06166 6.08799 0.309749
7.19128 6.25564 0.313991
6.68554 7.12539 0.292118
6.68554 7.12539 0.292118
6.68554 7.12539 0.292118
6.68554 7.12539 0.292118
6.68554 7.12539 0.292118
7.0348 6.53444 0.302046
7.0348 6.53444 0.302046
7.05565 7.34066 0.296563
6.58857 6.75022 0.302777
7.02601 6.82345 0.296992
7.02601 6.82345 0.296992
6.42491 6.86537 0.295994
6.85205 6.5748 0.29379
6.92232 7.11424 0.295933
6.92232 7.11424 0.295933
6.45512 6.20204 0.279263
6.45512 6.20204 0.279263
6.45512 6.20204 0.279263
6.45512 6.20204 0.279263
6.58646 6.63995 0.325029
6.58646 6.63995 0.325029
6.58646 6.63995 0.325029
6.76082 6.63186 0.316775
6.76082 6.63186 0.316775
6.40073 6.99177 0.276099
6.40073 6.99177 0.276099
6.84768 7.10596 0.307615
6.77728 6.61858 0.297056
7.10165 6.82332 0.298509
6.97583 6.40299 0.314207
6.97583 6.40299 0.314207
6.97583 6.40299 0.314207
6.97583 6.40299 0.314207
6.97583 6.40299 0.314207
6.71423 6.70265 0.29923
6.71423 6.70265 0.29923
6.71423 6.70265 0.29923
6.94084 6.50546 0.29947
6.94084 6.50546 0.29947
6.94084 6.50546 0.29947
6.98937 6.38245 0.299432
6.98937 6.38245 0.299432
6.98937 6.38245 0.299432
6.98937 6.38245 0.299432
6.98937 6.38245 0.299432
6.85313 6.93408 0.286541
6.65506 6.6215 0.307424
6.65506 6.6215 0.307424
6.60859 6.27184 0.287798
6.60859 6.27184 0.287798
6.60859 6.27184 0.287798
6.60859 6.27184 0.287798
6.60859 6.27184 0.287798
7.011 7.25934 0.292134
7.011 7.25934 0.292134
7.011 7.25934 0.292134
6.54719 7.21178 0.296731
6.54719 7.21178 0.296731
7.00469 6.86827 0.293891
7.00469 6.86827 0.293891
6.65389 6.50029 0.28125
6.65389 6.50029 0.28125
6.65389 6.50029 0.28125
6.78247 6.62366 0.296745
6.78247 6.62366 0.296745
6.35691 6.92367 0.28126
6.35691 6.92367 0.28126
6.35691 6.92367 0.28126
6.35691 6.92367 0.28126
6.1428 6.501 0.292841
6.1428 6.501 0.292841
6.1428 6.501 0.292841
6.1428 6.501 0.292841
6.1428 6.501 0.292841
6.1428 6.501 0.292841
6.88358 6.67664 0.316594
6.88358 6.67664 0.316594
6.88358 6.67664 0.316594
6.88358 6.67664 0.316594
6.55154 6.98947 0.297294
6.55154 6.98947 0.297294
6.95958 7.0098 0.293522
6.95958 7.0098 0.293522
6.54735 7.26263 0.31319
6.54735 7.26263 0.31319
6.75154 6.92258 0.298378
6.75154 6.92258 0.298378
6.75154 6.92258 0.298378
6.75154 6.92258 0.298378
6.44366 6.87591 0.298952
6.44366 6.87591 0.298952
6.44366 6.87591 0.298952
7.19559 6.98784 0.305757
7.19559 6.98784 0.305757
7.24712 6.96177 0.29023
7.13599 6.1962 0.291544
7.13599 6.1962 0.291544
7.13599 6.1962 0.291544
6.81966 6.47515 0.299978
7.01882 6.01568 0.298161
7.01882 6.01568 0.298161
7.01882 6.01568 0.298161
7.4288 6.40281 0.304272
7.4288 6.40281 0.304272
7.4288 6.40281 0.304272
6.66613 6.39771 0.292846
6.66613 6.39771 0.292846
6.28384 6.26198 0.304391
6.28384 6.26198 0.304391
6.28384 6.26198 0.304391
6.83297 6.68488 0.293406
6.83297 6.68488 0.293406
6.4793 6.62466 0.296886
6.79377 7.2059 0.293125
6.45523 6.75412 0.298419
6.45523 6.75412 0.298419
6.40777 6.29324 0.302188
6.40777 6.29324 0.302188
6.40777 6.29324 0.302188
6.40777 6.29324 0.302188
6.78475 7.32504 0.291038
6.78475 7.32504 0.291038
7.52266 6.73853 0.297744
7.52266 6.73853 0.297744
7.52266 6.73853 0.297744
7.17935 6.51279 0.281906
7.17935 6.51279 0.281906
7.17935 6.51279 0.281906
6.65932 6.97154 0.293567
6.78438 6.95496 0.287768
6.78438 6.95496 0.287768
6.78438 6.95496 0.287768
6.66203 7.05776 0.302618
6.8054 6.25175 0.301656
6.8054 6.25175 0.301656
6.8054 6.25175 0.301656
7.12634 6.66695 0.280658
7.12634 6.66695 0.280658
6.86976 7.07754 0.298592
6.86976 7.07754 0.298592
6.88284 6.65201 0.296056
6.88284 6.65201 0.296056
6.88284 6.65201 0.296056
6.66775 6.37333 0.295686
7.25685 6.12131 0.288376
7.25685 6.12131 0.288376
7.25685 6.12131 0.288376
7.25685 6.12131 0.288376
7.25685 6.12131 0.288376
7.25685 6.12131 0.288376
7.25685 6.12131 0.288376
6.70034 6.38331 0.293813
7.05509 6.48986 0.290152
7.05509 6.48986 0.290152
7.23515 6.59983 0.301606
7.17171 6.67008 0.292416
6.62914 6.16619 0.293302
6.62914 6.16619 0.293302
7.08843 6.68612 0.296812
7.08843 6.68612 0.296812
7.08843 6.68612 0.296812
7.59171 7.31492 0.296071
6.94887 6.88042 0.284952
6.94887 6.88042 0.284952
6.94887 6.88042 0.284952
6.94887 6.88042 0.284952
6.94887 6.88042 0.284952
6.94887 6.88042 0.284952
6.94887 6.88042 0.284952
6.94887 6.88042 0.284952
7.08558 6.83256 0.293735
7.08558 6.83256 0.293735
7.08558 6.83256 0.293735
6.94719 6.64939 0.308092
6.94719 6.64939 0.308092
6.94719 6.64939 0.308092
6.93589 6.6309 0.301643
6.92868 6.90455 0.291963
6.92868 6.90455 0.291963
6.92868 6.90455 0.291963
6.92868 6.90455 0.291963
6.30166 7.22062 0.308165
6.30166 7.22062 0.308165
6.30166 7.22062 0.308165
6.57756 6.35227 0.300754
6.57756 6.35227 0.300754
6.67211 6.96434 0.296332
6.67211 6.96434 0.296332
7.13945 6.78277 0.300867
7.13945 6.78277 0.300867
7.13945 6.78277 0.300867
7.13945 6.78277 0.300867
7.13945 6.78277 0.300867
6.38574 6.72657 0.298314
6.36351 6.37307 0.287872
7.15303 7.07846 0.284795
7.15303 7.07846 0.284795
7.15303 7.07846 0.284795
7.40312 6.62019 0.305503
6.88225 6.79166 0.298048
7.12652 6.46086 0.300911
6.3736 6.37562 0.294807
6.3736 6.37562 0.294807
6.95248 7.12692 0.309435
6.68577 6.02808 0.295014
6.68577 6.02808 0.295014
6.68577 6.02808 0.295014
6.68577 6.02808 0.295014
6.66421 6.86983 0.312844
7.52348 7.58165 0.280066
7.52348 7.58165 0.280066
7.52348 7.58165 0.280066
7.52348 7.58165 0.280066
6.63913 6.77221 0.292155
6.74048 6.84273 0.291417
6.74048 6.84273 0.291417
6.74048 6.84273 0.291417
6.74048 6.84273 0.291417
6.72465 6.82634 0.294151
6.5158 6.59551 0.29771
6.94188 6.9254 0.286134
6.93902 6.97335 0.297296
6.93902 6.97335 0.297296
6.93902 6.97335 0.297296
6.93902 6.97335 0.297296
6.93902 6.97335 0.297296
6.93902 6.97335 0.297296
6.93902 6.97335 0.297296
6.93902 6.97335 0.297296
6.96365 6.63393 0.29465
6.96365 6.63393 0.29465
6.8504 7.25376 0.306323
6.8504 7.25376 0.306323
6.8504 7.25376 0.306323
6.8504 7.25376 0.306323
6.8504 7.25376 0.306323
6.8504 7.25376 0.306323
6.98683 6.5684 0.301591
6.98683 6.5684 0.301591
6.4593 6.5565 0.303253
6.81708 6.71408 0.286939
7.26343 7.09892 0.295254
7.05694 6.54724 0.275778
7.05694 6.54724 0.275778
7.05694 6.54724 0.275778
7.05694 6.54724 0.275778
6.80536 6.65076 0.294525
6.80536 6.65076 0.294525
6.80536 6.65076 0.294525
6.80536 6.65076 0.294525
6.80536 6.65076 0.294525
6.80536 6.65076 0.294525
6.80536 6.65076 0.294525
6.58679 7.19856 0.301746
6.79561 6.74799 0.293909
6.81872 7.05917 0.306406
6.81872 7.05917 0.306406
6.81872 7.05917 0.306406
6.81872 7.05917 0.306406
6.81872 7.05917 0.306406
6.81872 7.05917 0.306406
6.81872 7.05917 0.306406
6.66337 6.14553 0.301044
6.18176 6.88605 0.288409
6.18176 6.88605 0.288409
6.18176 6.88605 0.288409
6.73933 6.78268 0.294726
6.83834 7.02198 0.282948
6.83834 7.02198 0.282948
6.84234 6.70427 0.302227
6.84234 6.70427 0.302227
7.02103 6.81306 0.295824
7.02103 6.81306 0.295824
7.02103 6.81306 0.295824
7.10371 6.92824 0.281201
6.87785 6.39475 0.285501
6.85374 6.96253 0.290284
6.85374 6.96253 0.290284
6.53578 6.6233 0.29725
6.85969 6.78469 0.309297
6.85969 6.78469 0.309297
6.85969 6.78469 0.309297
7.15734 7.42392 0.293943
6.7516 6.53733 0.298797
6.7516 6.53733 0.298797
6.7516 6.53733 0.298797
6.93359 7.15926 0.300574
6.93359 7.15926 0.300574
6.93359 7.15926 0.300574
7.28262 6.87089 0.319232
6.55148 6.56094 0.298464
6.84966 6.60195 0.302657
6.84966 6.60195 0.302657
7.1385 7.02256 0.299717
7.1385 7.02256 0.299717
6.93694 6.77885 0.280026
6.91996 6.89096 0.300721
7.02158 6.56826 0.298375
6.66289 6.93659 0.289259
6.66289 6.93659 0.289259
6.55375 6.61283 0.292016
6.55375 6.61283 0.292016
6.94176 6.78013 0.292539
6.94176 6.78013 0.292539
6.74119 6.43945 0.292215
6.74119 6.43945 0.292215
7.02834 6.4167 0.301191
7.02834 6.4167 0.301191
6.54089 6.96865 0.306201
5.78868 6.66548 0.29531
5.78868 6.66548 0.29531
5.78868 6.66548 0.29531
5.78868 6.66548 0.29531
5.78868 6.66548 0.29531
5.78868 6.66548 0.29531
6.62681 6.56819 0.291907
6.99093 6.79409 0.298025
6.71721 6.64086 0.303967
6.71721 6.64086 0.303967
7.08851 6.91846 0.303783
6.23411 6.6195 0.290947
6.23411 6.6195 0.290947
6.23411 6.6195 0.290947
6.23411 6.6195 0.290947
6.88303 7.12551 0.305286
6.88303 7.12551 0.305286
6.80667 6.83774 0.302857
7.1836 6.70483 0.300163
7.1836 6.70483 0.300163
6.51913 7.09684 0.290526
6.51913 7.09684 0.290526
6.34413 6.42534 0.289498
6.53927 6.74433 0.292224
6.55133 6.67561 0.291429
6.55133 6.67561 0.291429
6.51948 6.50631 0.290501
6.78319 6.93625 0.297975
6.96396 7.26534 0.30348
6.96396 7.26534 0.30348
6.96396 7.26534 0.30348
6.39178 6.33625 0.306178
6.39178 6.33625 0.306178
6.84853 6.70299 0.287506
6.78652 6.86296 0.281726
6.53646 6.57196 0.302897
6.53646 6.57196 0.302897
6.53646 6.57196 0.302897
6.53646 6.57196 0.302897
6.53646 6.57196 0.302897
6.53646 6.57196 0.302897
7.69625 6.67681 0.292226
7.69625 6.67681 0.292226
6.61976 7.03175 0.312289
6.61976 7.03175 0.312289
6.61976 7.03175 0.312289
6.01745 6.62712 0.299193
6.01745 6.62712 0.299193
6.51969 6.76272 0.314942
7.34084 6.88386 0.290352
7.34084 6.88386 0.290352
6.60541 6.43706 0.292835
6.60541 6.43706 0.292835
6.60541 6.43706 0.292835
6.85376 6.77443 0.285785
6.85376 6.77443 0.285785
6.80434 7.44126 0.295759
6.91969 6.87094 0.317074
6.91969 6.87094 0.317074
6.91969 6.87094 0.317074
6.91969 6.87094 0.317074
6.99884 6.85394 0.290889
7.0405 6.51761 0.307078
7.0405 6.51761 0.307078
7.0405 6.51761 0.307078
7.0405 6.51761 0.307078
7.77893 7.62532 0.32284
7.77893 7.62532 0.32284
7.77893 7.62532 0.32284
7.4027 7.61176 0.297244
7.4027 7.61176 0.297244
7.1402 7.55816 0.319943
7.1402 7.55816 0.319943
6.90505 7.98217 0.322313
7.74524 7.6447 0.321816
7.90143 8.15572 0.327059
7.70272 7.82013 0.334101
7.70272 7.82013 0.334101
7.80632 7.82442 0.317203
7.80632 7.82442 0.317203
7.80632 7.82442 0.317203
7.71363 7.68312 0.316119
7.21395 7.99029 0.325337
7.21395 7.99029 0.325337
7.41675 7.70059 0.320135
7.75706 8.00077 0.319578
7.75706 8.00077 0.319578
7.75706 8.00077 0.319578
7.58462 7.88211 0.330159
7.46506 7.21528 0.318494
7.46506 7.21528 0.318494
7.46506 7.21528 0.318494
7.46506 7.21528 0.318494
7.81021 7.47883 0.319952
8.00075 7.89613 0.321034
8.00075 7.89613 0.321034
8.00075 7.89613 0.321034
8.08333 7.28252 0.328331
8.08333 7.28252 0.328331
7.99085 7.76691 0.315748
7.99085 7.76691 0.315748
7.75139 7.56064 0.315086
8.02452 8.09609 0.32379
8.02452 8.09609 0.32379
7.27266 7.97243 0.339
7.75012 7.63606 0.32615
7.69714 7.65474 0.321537
7.69714 7.65474 0.321537
7.66851 7.25164 0.323066
8.03094 7.49939 0.329751
7.94065 7.79975 0.316346
7.69269 7.34921 0.326392
7.56244 7.94454 0.318691
7.9489 8.05949 0.324594
7.44022 7.746 0.294314
7.44022 7.746 0.294314
7.44022 7.746 0.294314
6.79448 7.76318 0.304609
7.44988 7.86976 0.311323
7.60679 7.84639 0.306453
7.54668 7.55998 0.313255
7.54668 7.55998 0.313255
7.54668 7.55998 0.313255
7.81748 8.27776 0.318209
7.81748 8.27776 0.318209
7.19681 7.49668 0.323873
7.82183 7.71219 0.321825
7.65212 7.73342 0.311004
7.96873 7.80205 0.319334
7.96873 7.80205 0.319334
7.96873 7.80205 0.319334
7.96873 7.80205 0.319334
7.8736 7.17217 0.326935
6.04386 6.25995 -0.00278758
6.04386 6.25995 -0.00278758
6.04386 6.25995 -0.00278758
6.40747 6.21512 0.0131552
6.40747 6.21512 0.0131552
6.40747 6.21512 0.0131552
6.05946 6.30869 -0.00444046
6.05946 6.30869 -0.00444046
6.05946 6.30869 -0.00444046
6.05946 6.30869 -0.00444046
5.97275 6.14852 -0.00265529
5.97275 6.14852 -0.00265529
5.97275 6.14852 -0.00265529
6.70902 6.56811 -0.0165859
6.70902 6.56811 -0.0165859
6.70902 6.56811 -0.0165859
6.28371 6.34656 -0.00805148
6.29752 6.20566 0.00738172
6.29752 6.20566 0.00738172
6.29752 6.20566 0.00738172
6.29752 6.20566 0.00738172
6.65904 6.90986 0.304219
6.65904 6.90986 0.304219
6.65904 6.90986 0.304219
7.01898 6.49991 0.290827
7.14058 6.34415 0.28327
7.14058 6.34415 0.28327
7.14058 6.34415 0.28327
6.34827 6.60461 0.304916
6.34827 6.60461 0.304916
6.34827 6.60461 0.304916
6.34827 6.60461 0.304916
6.71046 6.66972 0.312173
6.71046 6.66972 0.312173
6.71046 6.66972 0.312173
7.17793 6.70426 0.303971
6.86252 6.85696 0.308547
6.86252 6.85696 0.308547
6.86252 6.85696 0.308547
7.04634 6.98325 0.280073
6.78276 6.83779 0.285747
6.78276 6.83779 0.285747
7.15367 6.63819 0.301988
7.15367 6.63819 0.301988
7.19295 6.2591 0.292625
7.19295 6.2591 0.292625
7.0272 6.38115 0.300002
7.0272 6.38115 0.300002
7.0272 6.38115 0.300002
7.0272 6.38115 0.300002
7.09515 6.57252 0.28289
7.09515 6.57252 0.28289
7.09515 6.57252 0.28289
7.09515 6.57252 0.28289
7.29386 6.87469 0.287804
7.29386 6.87469 0.287804
7.29386 6.87469 0.287804
6.76119 6.38798 0.298585
6.76066 7.08885 0.302534
6.76066 7.08885 0.302534
6.60255 6.49432 0.300772
6.60255 6.49432 0.300772
6.60255 6.49432 0.300772
6.55192 6.86243 0.282482
6.55192 6.86243 0.282482
6.55192 6.86243 0.282482
6.68511 6.96357 0.312855
6.68511 6.96357 0.312855
6.68511 6.96357 0.312855
7.1367 6.56581 0.310518
7.1367 6.56581 0.310518
6.73684 6.91389 0.3039
6.73684 6.91389 0.3039
6.73684 6.91389 0.3039
6.73684 6.91389 0.3039
6.78422 6.22107 0.309291
6.78422 6.22107 0.309291
6.78422 6.22107 0.309291
6.78422 6.22107 0.309291
6.78422 6.22107 0.309291
6.78422 6.22107 0.309291
6.78422 6.22107 0.309291
6.78649 7.04498 0.308897
6.78649 7.04498 0.308897
6.80905 6.76469 0.298454
7.27919 6.45089 0.300834
6.64997 6.79671 0.297323
6.64997 6.79671 0.297323
6.64997 6.79671 0.297323
6.64997 6.79671 0.297323
6.46444 7.08859 0.310127
6.46444 7.08859 0.310127
6.45396 7.14931 0.296997
6.45396 7.14931 0.296997
6.45396 7.14931 0.296997
6.45396 7.14931 0.296997
6.82661 6.61415 0.306147
6.82661 6.61415 0.306147
6.82661 6.61415 0.306147
6.67966 7.46108 0.277956
3.9382 46.556 -66.807
3.9382 46.556 -66.807
3.9382 46.556 -66.807
3.9382 46.556 -66.807
7.31302 6.91436 0.309002
3.9382 46.556 -66.807
3.9382 46.556 -66.807
3.9382 46.556 -66.807
3.9382 46.556 -66.807
7.69158 7.47143 0.316015
3.9382 46.556 -66.807
3.9382 46.556 -66.807
3.9382 46.556 -66.807
3.9382 46.556 -66.807
3.9382 46.556 -66.807
3.9382 46.556 -66.807
3.9382 46.556 -66.807
3.9382 46.556 -66.807
3.9382 46.556 -66.807
3.9382 46.556 -66.807
3.9382 46.556 -66.807
3.9382 46.556 -66.807
3.9382 46.556 -66.807
3.9382 46.556 -66.807
3.9382 46.556 -66.807
3.9382 46.556 -66.807
3.9382 46.556 -66.807
3.9382 46.556 -66.807
3.9382 46.556 -66.807
3.9382 46.556 -66.807
3.9382 46.556 -66.807
7.75786 8.24192 0.328087
3.9382 46.556 -66.807
3.9382 46.556 -66.807
3.9382 46.556 -66.807
3.9382 46.556 -66.807
3.9382 46.556 -66.807
3.9382 46.556 -66.807
3.9382 46.556 -66.807
3.9382 46.556 -66.807
5.99613 6.66106 -0.00733499
3.9382 46.556 -66.807
3.9382 46.556 -66.807
3.9382 46.556 -66.807
3.9382 46.556 -66.807
3.9382 46.556 -66.807
3.9382 46.556 -66.807
3.9382 46.556 -66.807
3.9382 46.556 -66.807
7.09681 6.38041 0.308244
3.9382 46.556 -66.807
3.9382 46.556 -66.807
3.9382 46.556 -66.807
3.9382 46.556 -66.807
8.00072 7.58662 0.324112
8.00072 7.58662 0.324112
3.9382 46.556 -66.807
3.9382 46.556 -66.807
3.9382 46.556 -66.807
3.9382 46.556 -66.807
6.28838 5.98052 0.0112194
3.9382 46.556 -66.807
3.9382 46.556 -66.807
3.9382 46.556 -66.807
3.9382 46.556 -66.807
3.9382 46.556 -66.807
3.9382 46.556 -66.807
3.9382 46.556 -66.807
3.9382 46.556 -66.807
3.9382 46.556 -66.807
5.88624 7.32904 0.293364
3.9382 46.556 -66.807
3.9382 46.556 -66.807
3.9382 46.556 -66.807
3.9382 46.556 -66.807
3.9382 46.556 -66.807
3.9382 46.556 -66.807
3.9382 46.556 -66.807
3.9382 46.556 -66.807
3.9382 46.556 -66.807
3.9382 46.556 -66.807
6.6037 6.36776 0.320172
3.9382 46.556 -66.807
3.9382 46.556 -66.807
3.9382 46.556 -66.807
3.9382 46.556 -66.807
3.9382 46.556 -66.807
3.9382 46.556 -66.807
3.9382 46.556 -66.807
3.9382 46.556 -66.807
3.9382 46.556 -66.807
3.9382 46.556 -66.807
3.9382 46.556 -66.807
3.9382 46.556 -66.807
3.9382 46.556 -66.807
3.9382 46.556 -66.807
3.9382 46.556 -66.807
6.01998 6.48252 -0.0115455
3.9382 46.556 -66.807
3.9382 46.556 -66.807
7.6068 7.92178 0.336121
7.6068 7.92178 0.336121
7.9403 7.48052 0.341307
7.98056 7.79639 0.322823
7.98056 7.79639 0.322823
7.74122 7.60953 0.302469
7.85964 7.32899 0.328211
7.85964 7.32899 0.328211
7.85964 7.32899 0.328211
7.85964 7.32899 0.328211
7.76636 7.719 0.320658
7.76636 7.719 0.320658
7.76636 7.719 0.320658
7.76636 7.719 0.320658
7.76636 7.719 0.320658
8.24605 7.44513 0.32597
7.32867 7.68722 0.323287
8.10846 8.02735 0.324229
8.10846 8.02735 0.324229
7.65861 8.06289 0.332038
7.65861 8.06289 0.332038
7.65861 8.06289 0.332038
7.65861 8.06289 0.332038
7.81102 7.38908 0.332039
7.81102 7.38908 0.332039
7.77076 7.60822 0.306754
7.77076 7.60822 0.306754
7.95351 7.69005 0.322975
7.50946 8.08946 0.320395
7.50946 8.08946 0.320395
7.50946 8.08946 0.320395
7.70194 7.93683 0.324811
7.70194 7.93683 0.324811
7.63132 7.35792 0.345164
7.63132 7.35792 0.345164
7.63132 7.35792 0.345164
7.63132 7.35792 0.345164
7.39231 7.90268 0.302433
7.39231 7.90268 0.302433
7.36264 7.87462 0.330548
7.37617 7.55101 0.303443
7.76944 8.02437 0.330865
7.76944 8.02437 0.330865
7.61764 6.81755 0.320902
7.31463 8.33458 0.34241
7.31463 8.33458 0.34241
7.31463 8.33458 0.34241
7.59918 7.58902 0.319316
7.59918 7.58902 0.319316
7.27357 7.48541 0.306167
7.27357 7.48541 0.306167
7.25242 7.53484 0.338791
7.25242 7.53484 0.338791
7.25242 7.53484 0.338791
7.21231 7.74705 0.32416
8.07805 7.32964 0.32612
7.51411 7.97965 0.332132
7.51411 7.97965 0.332132
8.4892 8.02276 0.327908
8.4892 8.02276 0.327908
7.64336 7.36408 0.33159
7.92442 8.06082 0.325845
6.15105 6.19805 0.311619
6.6964 6.64514 0.322599
6.19569 6.35717 0.328973
6.29729 6.63992 0.296038
6.29729 6.63992 0.296038
6.59257 6.61948 0.302479
6.59257 6.61948 0.302479
6.59257 6.61948 0.302479
6.59257 6.61948 0.302479
6.59257 6.61948 0.302479
6.59257 6.61948 0.302479
6.18507 6.09438 0.298799
6.18507 6.09438 0.298799
6.23471 6.70465 0.307468
6.51715 6.44169 0.316535
6.57185 6.40215 0.327272
6.57185 6.40215 0.327272
6.39995 6.25685 0.316888
6.39995 6.25685 0.316888
6.39995 6.25685 0.316888
6.39995 6.25685 0.316888
6.39995 6.25685 0.316888
6.84507 6.88261 0.321731
6.84507 6.88261 0.321731
6.56447 6.45243 0.318016
6.56447 6.45243 0.318016
6.15788 6.17268 0.317918
6.72678 5.62095 0.306712
6.72678 5.62095 0.306712
6.72678 5.62095 0.306712
6.50781 6.60748 0.331179
6.53746 6.17977 0.332962
6.53746 6.17977 0.332962
6.53746 6.17977 0.332962
6.53746 6.17977 0.332962
6.53746 6.17977 0.332962
5.95716 5.96402 0.325641
5.95716 5.96402 0.325641
6.46114 6.81866 0.333771
6.46114 6.81866 0.333771
6.47676 6.03579 0.315693
6.47676 6.03579 0.315693
6.47676 6.03579 0.315693
6.47676 6.03579 0.315693
6.47676 6.03579 0.315693
6.47676 6.03579 0.315693
6.47676 6.03579 0.315693
6.47676 6.03579 0.315693
6.47676 6.03579 0.315693
6.47676 6.03579 0.315693
6.61927 6.12861 0.320661
6.61927 6.12861 0.320661
6.61927 6.12861 0.320661
6.06111 6.43694 0.301991
6.57483 6.14697 0.32603
6.57483 6.14697 0.32603
6.57483 6.14697 0.32603
6.07486 6.47272 0.329509
6.85289 6.45662 0.339343
6.85289 6.45662 0.339343
6.85289 6.45662 0.339343
6.61862 6.55559 0.310184
6.38768 6.36303 0.320405
6.99653 6.23503 0.31874
5.95878 6.39706 0.32915
6.11813 6.62327 0.305676
6.11813 6.62327 0.305676
6.11813 6.62327 0.305676
6.05169 6.39712 0.313161
6.34926 6.68377 0.318245
6.47063 6.23706 0.32138
6.47063 6.23706 0.32138
6.47063 6.23706 0.32138
6.47063 6.23706 0.32138
6.47063 6.23706 0.32138
6.47063 6.23706 0.32138
6.47063 6.23706 0.32138
7.10607 6.81347 0.322385
7.10607 6.81347 0.322385
7.10607 6.81347 0.322385
7.10607 6.81347 0.322385
6.19106 6.35263 0.311313
6.19106 6.35263 0.311313
5.76093 6.14968 0.306886
6.4587 6.23873 0.323548
6.4587 6.23873 0.323548
6.4587 6.23873 0.323548
6.4587 6.23873 0.323548
6.64309 6.27588 0.318931
6.4247 6.42771 0.31587
6.4247 6.42771 0.31587
6.4247 6.42771 0.31587
6.4247 6.42771 0.31587
6.29651 6.01056 0.296161
6.29651 6.01056 0.296161
6.27551 6.50314 0.325212
6.07786 5.92516 0.333179
7.10417 6.54611 0.323071
6.51677 6.30545 0.290011
5.87002 6.14703 0.31415
6.2371 7.02685 0.333766
6.2371 7.02685 0.333766
6.2371 7.02685 0.333766
6.2371 7.02685 0.333766
6.06917 6.63705 0.313827
6.06917 6.63705 0.313827
6.06917 6.63705 0.313827
5.85173 6.74775 0.297055
5.85173 6.74775 0.297055
5.85173 6.74775 0.297055
5.85173 6.74775 0.297055
7.06648 6.27037 0.309049
6.2311 6.51915 0.317374
6.2311 6.51915 0.317374
6.2311 6.51915 0.317374
6.1694 6.19747 0.311215
6.1694 6.19747 0.311215
6.39977 6.41305 0.303175
6.39977 6.41305 0.303175
6.39977 6.41305 0.303175
6.39977 6.41305 0.303175
6.39977 6.41305 0.303175
6.39977 6.41305 0.303175
6.69951 6.4976 0.317582
6.69951 6.4976 0.317582
6.69951 6.4976 0.317582
6.69951 6.4976 0.317582
6.37947 5.78096 0.319125
6.52465 5.57296 0.319095
6.52465 5.57296 0.319095
6.19161 6.05825 0.306913
6.06283 6.15171 0.319748
6.06283 6.15171 0.319748
6.06283 6.15171 0.319748
6.45589 6.05782 0.321264
6.53316 6.21854 0.312037
6.53316 6.21854 0.312037
6.53316 6.21854 0.312037
6.53316 6.21854 0.312037
6.10315 6.75396 0.301495
6.10315 6.75396 0.301495
6.10315 6.75396 0.301495
6.10315 6.75396 0.301495
6.10315 6.75396 0.301495
6.43845 5.7396 0.30672
6.43845 5.7396 0.30672
6.43845 5.7396 0.30672
6.43845 5.7396 0.30672
6.68683 6.78725 0.330159
6.68683 6.78725 0.330159
6.68683 6.78725 0.330159
6.68683 6.78725 0.330159
6.68683 6.78725 0.330159
6.68683 6.78725 0.330159
6.68683 6.78725 0.330159
6.08129 6.39263 0.316217
6.08129 6.39263 0.316217
5.93208 5.94553 0.316746
6.3619 6.72095 0.307154
6.3619 6.72095 0.307154
6.3619 6.72095 0.307154
6.3554 6.48554 0.340006
6.3554 6.48554 0.340006
5.68529 6.50481 0.308409
5.68529 6.50481 0.308409
6.75252 6.52432 0.308365
6.75252 6.52432 0.308365
6.75252 6.52432 0.308365
6.75252 6.52432 0.308365
6.25079 6.56029 0.310284
6.25079 6.56029 0.310284
6.25079 6.56029 0.310284
6.25079 6.56029 0.310284
6.25079 6.56029 0.310284
6.25079 6.56029 0.310284
5.83449 6.1481 0.311433
5.83449 6.1481 0.311433
5.83449 6.1481 0.311433
6.08086 6.38532 0.312933
6.15755 6.72358 0.330734
6.0375 6.24343 0.317061
6.0375 6.24343 0.317061
6.0375 6.24343 0.317061
6.0375 6.24343 0.317061
6.0375 6.24343 0.317061
6.56755 6.44708 0.327789
6.56755 6.44708 0.327789
6.56755 6.44708 0.327789
6.26725 5.95211 0.309134
6.26725 5.95211 0.309134
6.26725 5.95211 0.309134
6.23052 6.53332 0.310949
6.23052 6.53332 0.310949
6.67763 6.28202 0.313666
6.43402 6.5864 0.329495
6.43402 6.5864 0.329495
6.41922 6.41559 0.338426
5.94759 6.42542 0.307957
5.94759 6.42542 0.307957
6.34548 6.17446 0.341729
6.34548 6.17446 0.341729
6.3493 6.43305 0.320913
6.15887 6.1793 0.313027
6.15887 6.1793 0.313027
6.15887 6.1793 0.313027
6.15887 6.1793 0.313027
6.15887 6.1793 0.313027
5.7556 6.52114 0.336546
5.7556 6.52114 0.336546
6.67301 5.88789 0.308125
6.67301 5.88789 0.308125
6.30298 6.22168 0.327338
6.30298 6.22168 0.327338
5.94369 6.29405 0.330752
5.71658 6.77026 0.32514
5.71658 6.77026 0.32514
5.71658 6.77026 0.32514
6.95915 6.85761 0.31812
6.4626 6.70521 0.297069
6.4626 6.70521 0.297069
6.4626 6.70521 0.297069
6.4626 6.70521 0.297069
5.90237 6.6237 0.307161
5.90237 6.6237 0.307161
6.1348 6.11272 0.315276
6.1348 6.11272 0.315276
6.1348 6.11272 0.315276
6.1348 6.11272 0.315276
6.45661 6.82392 0.315882
7.01313 6.78897 0.322048
7.01313 6.78897 0.322048
7.01313 6.78897 0.322048
6.13878 6.69922 0.321327
6.46749 6.62466 0.312176
6.46749 6.62466 0.312176
6.43622 6.25755 0.323315
5.82311 5.98396 0.326084
5.82311 5.98396 0.326084
5.82311 5.98396 0.326084
6.48209 6.89828 0.327069
5.92922 6.82824 0.328502
5.92922 6.82824 0.328502
5.92922 6.82824 0.328502
5.92922 6.82824 0.328502
5.92922 6.82824 0.328502
6.25366 6.2694 0.308726
6.37268 6.55524 0.316665
6.37268 6.55524 0.316665
6.37268 6.55524 0.316665
6.37268 6.55524 0.316665
6.50181 6.75528 0.316255
6.50181 6.75528 0.316255
6.50181 6.75528 0.316255
6.50181 6.75528 0.316255
6.0865 5.98999 0.32393
6.0865 5.98999 0.32393
6.04668 5.97185 0.31028
6.04668 5.97185 0.31028
6.04668 5.97185 0.31028
6.04668 5.97185 0.31028
6.04668 5.97185 0.31028
5.9505 6.7141 0.317523
6.1202 6.45191 0.324989
6.1202 6.45191 0.324989
6.1202 6.45191 0.324989
5.94321 6.92557 0.316329
5.94321 6.92557 0.316329
5.94321 6.92557 0.316329
5.94321 6.92557 0.316329
7.15847 6.0371 0.315513
7.15847 6.0371 0.315513
7.15847 6.0371 0.315513
6.36598 6.0469 0.309539
6.36534 6.15456 0.319499
6.36445 6.54418 0.31873
6.36445 6.54418 0.31873
6.36445 6.54418 0.31873
6.1737 6.63371 0.327752
6.1737 6.63371 0.327752
6.1737 6.63371 0.327752
6.62951 5.81607 0.313077
5.95106 6.85951 0.324252
5.95106 6.85951 0.324252
5.95106 6.85951 0.324252
5.95106 6.85951 0.324252
5.95106 6.85951 0.324252
5.95106 6.85951 0.324252
5.95106 6.85951 0.324252
7.18598 6.17225 0.318813
6.03695 6.31007 0.315675
6.03695 6.31007 0.315675
6.65376 6.53812 0.309036
6.50064 6.60023 0.328778
6.32815 6.62659 0.315002
5.78673 6.68987 0.339316
5.78673 6.68987 0.339316
5.78673 6.68987 0.339316
5.65161 6.4211 0.310773
5.91577 6.56156 0.337854
5.91577 6.56156 0.337854
5.91577 6.56156 0.337854
6.75319 6.13485 0.303833
6.3972 6.07995 0.336392
6.3972 6.07995 0.336392
6.3972 6.07995 0.336392
6.3972 6.07995 0.336392
6.11968 6.39869 0.321218
6.11968 6.39869 0.321218
6.40395 6.31054 0.325495
6.40395 6.31054 0.325495
6.55932 6.42275 0.327195
6.55932 6.42275 0.327195
6.66229 6.13096 0.318781
6.66229 6.13096 0.318781
6.66229 6.13096 0.318781
5.75386 6.342 0.305282
6.43958 6.01291 0.325854
6.43958 6.01291 0.325854
6.43958 6.01291 0.325854
6.43958 6.01291 0.325854
6.43958 6.01291 0.325854
6.43958 6.01291 0.325854
6.26882 6.13162 0.325524
6.26882 6.13162 0.325524
6.26882 6.13162 0.325524
6.26882 6.13162 0.325524
6.26882 6.13162 0.325524
6.26882 6.13162 0.325524
6.39164 6.43334 0.293592
6.02825 6.06221 0.296605
6.33172 6.20413 0.325089
6.33172 6.20413 0.325089
6.33172 6.20413 0.325089
6.63907 6.68057 0.31961
6.63907 6.68057 0.31961
6.63907 6.68057 0.31961
6.63907 6.68057 0.31961
6.63907 6.68057 0.31961
6.63907 6.68057 0.31961
6.63907 6.68057 0.31961
6.1464 6.96465 0.313089
6.1464 6.96465 0.313089
6.1464 6.96465 0.313089
5.42432 6.11008 0.314148
5.42432 6.11008 0.314148
6.8168 5.93276 0.330117
6.8168 5.93276 0.330117
6.8168 5.93276 0.330117
6.8168 5.93276 0.330117
6.20773 6.2932 0.316307
6.27367 6.19278 0.302342
6.27367 6.19278 0.302342
6.27367 6.19278 0.302342
6.19753 6.49716 0.324422
6.19753 6.49716 0.324422
6.19753 6.49716 0.324422
6.19753 6.49716 0.324422
6.19753 6.49716 0.324422
6.05065 6.33773 0.311215
6.05065 6.33773 0.311215
6.58829 6.5394 0.323245
6.84119 6.30742 0.3161
6.84119 6.30742 0.3161
6.84119 6.30742 0.3161
6.51297 6.03612 0.307735
6.51297 6.03612 0.307735
6.20756 6.49028 0.330693
7.02821 6.6846 0.31385
7.02821 6.6846 0.31385
6.40219 6.52784 0.318801
6.40219 6.52784 0.318801
6.40219 6.52784 0.318801
6.40219 6.52784 0.318801
6.11889 6.0658 0.311746
6.1791 6.59999 0.314638
6.1791 6.59999 0.314638
6.1791 6.59999 0.314638
6.1791 6.59999 0.314638
6.1791 6.59999 0.314638
6.68608 5.80356 0.326664
6.58144 6.21405 0.309543
6.58144 6.21405 0.309543
6.14497 6.55557 0.322446
6.14497 6.55557 0.322446
6.14497 6.55557 0.322446
6.14497 6.55557 0.322446
6.14497 6.55557 0.322446
6.51389 6.3312 0.314564
6.51389 6.3312 0.314564
6.37203 6.24452 0.305222
6.37203 6.24452 0.305222
6.37203 6.24452 0.305222
6.37203 6.24452 0.305222
6.40534 5.95366 0.349584
6.40534 5.95366 0.349584
6.40534 5.95366 0.349584
6.40534 5.95366 0.349584
6.40534 5.95366 0.349584
6.70617 6.34576 0.309198
6.70617 6.34576 0.309198
6.70617 6.34576 0.309198
6.70617 6.34576 0.309198
6.70617 6.34576 0.309198
6.70617 6.34576 0.309198
6.70617 6.34576 0.309198
6.70617 6.34576 0.309198
6.97299 5.84664 0.32464
6.97299 5.84664 0.32464
6.97299 5.84664 0.32464
6.97299 5.84664 0.32464
6.97299 5.84664 0.32464
6.97299 5.84664 0.32464
6.60539 5.88927 0.319516
6.34937 6.04737 0.325448
6.34937 6.04737 0.325448
6.34937 6.04737 0.325448
6.71781 5.96557 0.306214
6.91088 5.81665 0.329896
6.128 6.49267 0.316574
6.21845 6.69677 0.321768
6.17526 6.44815 0.321643
6.0528 6.41583 0.323906
6.0528 6.41583 0.323906
6.87548 6.34943 0.319193
6.87548 6.34943 0.319193
6.87548 6.34943 0.319193
6.87548 6.34943 0.319193
6.5275 6.57212 0.321094
6.5275 6.57212 0.321094
6.7049 5.94816 0.315332
6.7049 5.94816 0.315332
6.28991 6.29488 0.321956
6.28991 6.29488 0.321956
6.28991 6.29488 0.321956
6.28991 6.29488 0.321956
6.28991 6.29488 0.321956
6.28991 6.29488 0.321956
6.28991 6.29488 0.321956
6.28991 6.29488 0.321956
6.28991 6.29488 0.321956
6.60725 6.25645 0.312887
6.60725 6.25645 0.312887
6.94539 6.39268 0.317453
6.94539 6.39268 0.317453
6.43643 6.20043 0.296742
6.43643 6.20043 0.296742
6.01631 6.89359 0.341549
6.01631 6.89359 0.341549
6.10911 5.82716 0.320009
6.34527 6.63842 0.31346
6.34527 6.63842 0.31346
6.34527 6.63842 0.31346
6.34527 6.63842 0.31346
6.34527 6.63842 0.31346
6.34527 6.63842 0.31346
6.34527 6.63842 0.31346
6.30971 6.14946 0.316724
5.97395 6.26306 0.317704
5.97395 6.26306 0.317704
6.55197 6.23575 0.297985
6.55197 6.23575 0.297985
6.55197 6.23575 0.297985
6.08411 6.46309 0.321004
6.08411 6.46309 0.321004
6.34959 5.93109 0.320528
6.68046 6.34516 0.318774
6.68046 6.34516 0.318774
6.68046 6.34516 0.318774
6.68046 6.34516 0.318774
6.68046 6.34516 0.318774
6.31925 6.49636 0.314435
6.68206 5.5653 0.328855
6.62861 6.0972 0.335426
6.62861 6.0972 0.335426
6.62861 6.0972 0.335426
6.62861 6.0972 0.335426
6.62861 6.0972 0.335426
6.62861 6.0972 0.335426
6.40824 6.29784 0.310673
6.32644 6.30825 0.304836
6.32644 6.30825 0.304836
6.32644 6.30825 0.304836
6.32644 6.30825 0.304836
6.16409 6.70439 0.323316
6.27902 6.3684 0.315602
6.85167 5.75461 0.315828
6.85167 5.75461 0.315828
6.85167 5.75461 0.315828
6.85167 5.75461 0.315828
6.85167 5.75461 0.315828
6.6684 6.23607 0.307985
6.6684 6.23607 0.307985
6.01513 6.31472 0.320302
6.01513 6.31472 0.320302
6.01513 6.31472 0.320302
6.01513 6.31472 0.320302
6.01513 6.31472 0.320302
6.01513 6.31472 0.320302
6.23371 5.93788 0.316023
6.23371 5.93788 0.316023
6.25476 6.04249 0.318203
6.04647 6.60288 0.314906
6.04647 6.60288 0.314906
6.10922 6.43796 0.305125
6.10922 6.43796 0.305125
6.10922 6.43796 0.305125
6.10922 6.43796 0.305125
6.10922 6.43796 0.305125
6.10922 6.43796 0.305125
6.10922 6.43796 0.305125
6.0293 6.27033 0.330749
6.0293 6.27033 0.330749
6.0293 6.27033 0.330749
6.0293 6.27033 0.330749
6.39885 6.33494 0.298287
6.39885 6.33494 0.298287
6.39885 6.33494 0.298287
6.39885 6.33494 0.298287
6.39885 6.33494 0.298287
6.39885 6.33494 0.298287
6.39885 6.33494 0.298287
6.39885 6.33494 0.298287
6.39885 6.33494 0.298287
6.61447 7.04445 0.322791
6.61447 7.04445 0.322791
6.67678 6.21996 0.311652
6.26534 6.31367 0.307004
6.26534 6.31367 0.307004
6.26534 6.31367 0.307004
6.16952 6.29754 0.326716
6.67561 6.32024 0.325214
6.67561 6.32024 0.325214
6.67561 6.32024 0.325214
6.67561 6.32024 0.325214
6.20762 6.31535 0.316045
6.20762 6.31535 0.316045
5.95554 6.40799 0.309456
5.95554 6.40799 0.309456
5.95554 6.40799 0.309456
5.95554 6.40799 0.309456
5.95554 6.40799 0.309456
6.27181 6.71793 0.31338
6.1216 6.26582 0.316185
6.5642 6.563 0.30689
6.5642 6.563 0.30689
6.5642 6.563 0.30689
6.5642 6.563 0.30689
6.66098 6.24097 0.311588
6.66098 6.24097 0.311588
6.66098 6.24097 0.311588
6.94005 6.38449 0.311403
6.64209 6.59592 0.324669
6.64209 6.59592 0.324669
6.64209 6.59592 0.324669
6.30184 6.37806 0.325377
6.30184 6.37806 0.325377
6.30184 6.37806 0.325377
6.30184 6.37806 0.325377
6.7791 5.97149 0.331285
6.7791 5.97149 0.331285
6.7791 5.97149 0.331285
6.34937 6.21502 0.308711
6.34937 6.21502 0.308711
6.65145 6.62965 0.317721
6.56577 6.13461 0.314278
6.56577 6.13461 0.314278
6.56577 6.13461 0.314278
6.56577 6.13461 0.314278
6.6493 5.88144 0.312773
6.6493 5.88144 0.312773
6.6493 5.88144 0.312773
6.307 6.30408 0.31938
6.307 6.30408 0.31938
6.307 6.30408 0.31938
6.307 6.30408 0.31938
6.307 6.30408 0.31938
6.21392 6.29443 0.3119
6.21392 6.29443 0.3119
6.21392 6.29443 0.3119
6.00644 6.67829 0.3038
5.94444 5.61427 0.330785
6.2246 6.3335 0.320815
6.2246 6.3335 0.320815
6.16463 6.57936 0.300186
5.7702 6.49256 0.317735
5.7702 6.49256 0.317735
5.7702 6.49256 0.317735
5.7702 6.49256 0.317735
5.7702 6.49256 0.317735
6.38661 5.97854 0.303909
6.38661 5.97854 0.303909
6.38661 5.97854 0.303909
6.38661 5.97854 0.303909
6.38661 5.97854 0.303909
6.38661 5.97854 0.303909
6.38661 5.97854 0.303909
6.48323 6.06455 0.302064
6.03251 6.59647 0.32285
6.85302 6.73384 0.309373
6.26327 6.33151 0.305061
6.26327 6.33151 0.305061
6.26327 6.33151 0.305061
6.26327 6.33151 0.305061
6.26327 6.33151 0.305061
6.65534 5.63589 0.299196
6.65534 5.63589 0.299196
6.65534 5.63589 0.299196
6.65534 5.63589 0.299196
6.65534 5.63589 0.299196
6.65534 5.63589 0.299196
6.28336 6.52844 0.331357
6.28336 6.52844 0.331357
6.28336 6.52844 0.331357
5.91616 5.90907 0.319856
6.21269 5.79644 0.315396
6.21269 5.79644 0.315396
6.21269 5.79644 0.315396
6.24011 6.2337 0.325037
6.24011 6.2337 0.325037
6.24011 6.2337 0.325037
6.24011 6.2337 0.325037
6.26108 6.11957 0.301319
6.26108 6.11957 0.301319
6.26108 6.11957 0.301319
6.26108 6.11957 0.301319
6.71208 6.57324 0.326743
6.71208 6.57324 0.326743
6.71208 6.57324 0.326743
6.71208 6.57324 0.326743
6.27167 6.55586 0.305553
6.27167 6.55586 0.305553
6.27167 6.55586 0.305553
6.29053 6.13278 0.317482
6.29053 6.13278 0.317482
6.74157 6.06607 0.319465
6.74157 6.06607 0.319465
6.74157 6.06607 0.319465
6.74157 6.06607 0.319465
6.74157 6.06607 0.319465
6.74157 6.06607 0.319465
6.74157 6.06607 0.319465
6.74157 6.06607 0.319465
6.74157 6.06607 0.319465
6.74157 6.06607 0.319465
6.74157 6.06607 0.319465
6.74157 6.06607 0.319465
6.07324 5.84528 0.316889
6.07324 5.84528 0.316889
6.07324 5.84528 0.316889
6.07324 5.84528 0.316889
6.16037 6.79691 0.307427
6.16037 6.79691 0.307427
6.16037 6.79691 0.307427
6.16037 6.79691 0.307427
6.37776 6.31674 0.310603
6.37776 6.31674 0.310603
5.83325 6.63171 0.33734
5.83325 6.63171 0.33734
6.87193 6.05573 0.313807
6.87193 6.05573 0.313807
6.19618 6.31721 0.328817
6.19618 6.31721 0.328817
6.19618 6.31721 0.328817
6.19618 6.31721 0.328817
6.67946 6.03641 0.329875
6.67946 6.03641 0.329875
5.92236 6.22206 0.318883
5.92236 6.22206 0.318883
6.11462 6.34782 0.320702
6.11462 6.34782 0.320702
6.56891 6.16528 0.31194
6.56891 6.16528 0.31194
6.9103 5.94124 0.319707
6.9103 5.94124 0.319707
6.9103 5.94124 0.319707
6.05948 6.45195 0.318103
6.05948 6.45195 0.318103
6.60197 6.74429 0.322697
6.60197 6.74429 0.322697
6.23841 6.11702 0.324677
6.21552 6.05337 0.321436
6.21552 6.05337 0.321436
6.21552 6.05337 0.321436
6.80206 5.98542 0.00317921
5.77498 6.09904 0.0091748
5.77498 6.09904 0.0091748
5.77498 6.09904 0.0091748
5.77498 6.09904 0.0091748
6.20424 6.32656 0.0196443
6.20424 6.32656 0.0196443
6.20424 6.32656 0.0196443
6.20424 6.32656 0.0196443
6.20424 6.32656 0.0196443
6.49183 6.32075 0.00166764
6.93293 6.46929 0.00987188
6.93293 6.46929 0.00987188
6.50865 5.92079 0.014284
6.50865 5.92079 0.014284
6.50865 5.92079 0.014284
6.50865 5.92079 0.014284
6.50865 5.92079 0.014284
6.50865 5.92079 0.014284
7.05819 5.8732 0.0135288
7.05819 5.8732 0.0135288
6.54342 6.53896 0.0146639
6.08248 6.16638 -0.00466011
6.08248 6.16638 -0.00466011
6.47542 5.73785 0.000114523
6.22746 6.06769 0.000713676
6.22746 6.06769 0.000713676
6.2968 6.25629 0.0140914
6.73017 6.37159 -0.021661
6.73017 6.37159 -0.021661
6.09173 5.8971 0.0117418
6.04326 6.3615 -0.00624971
6.36403 6.29404 -0.000436895
6.26548 6.08999 -0.00449698
6.26548 6.08999 -0.00449698
6.16304 6.29618 0.00447766
6.35654 6.10927 0.0226586
6.20961 6.15928 0.0127069
6.20961 6.15928 0.0127069
6.20961 6.15928 0.0127069
6.20961 6.15928 0.0127069
6.20961 6.15928 0.0127069
6.20961 6.15928 0.0127069
5.77022 5.89622 -0.00711327
5.77022 5.89622 -0.00711327
5.77022 5.89622 -0.00711327
5.77022 5.89622 -0.00711327
5.7797 6.55771 -0.00322806
5.7797 6.55771 -0.00322806
5.7797 6.55771 -0.00322806
6.00848 6.67147 0.0149318
6.00848 6.67147 0.0149318
6.72281 6.05596 -0.00108886
6.72281 6.05596 -0.00108886
6.72281 6.05596 -0.00108886
6.72281 6.05596 -0.00108886
5.40736 6.22741 -0.00130257
5.40736 6.22741 -0.00130257
5.40736 6.22741 -0.00130257
5.40736 6.22741 -0.00130257
5.40736 6.22741 -0.00130257
5.40736 6.22741 -0.00130257
5.40736 6.22741 -0.00130257
6.32349 6.08467 -0.0125609
6.32349 6.08467 -0.0125609
6.32349 6.08467 -0.0125609
6.48144 6.39233 0.0149236
6.48144 6.39233 0.0149236
5.67319 6.44053 -0.00145176
6.31432 6.30194 -0.0147281
6.68693 6.43556 -0.01604
6.41929 6.67127 -0.00862156
6.41929 6.67127 -0.00862156
6.41929 6.67127 -0.00862156
6.62811 6.03291 0.00526357
6.02681 5.55092 -0.0145862
6.02681 5.55092 -0.0145862
6.02681 5.55092 -0.0145862
6.02681 5.55092 -0.0145862
6.40685 6.52625 -0.00946377
6.40685 6.52625 -0.00946377
6.40685 6.52625 -0.00946377
6.40685 6.52625 -0.00946377
6.40685 6.52625 -0.00946377
6.40516 6.31443 -0.00141871
6.40516 6.31443 -0.00141871
6.06173 5.63949 0.0195942
6.06173 5.63949 0.0195942
6.06173 5.63949 0.0195942
6.06173 5.63949 0.0195942
6.06173 5.63949 0.0195942
6.06173 5.63949 0.0195942
6.06173 5.63949 0.0195942
6.24719 6.17148 0.00103699
5.89312 6.0068 5.1173e-05
5.89312 6.0068 5.1173e-05
6.48788 6.45635 0.00380094
6.48788 6.45635 0.00380094
6.48788 6.45635 0.00380094
6.48788 6.45635 0.00380094
6.48788 6.45635 0.00380094
6.47822 6.31559 0.0063398
6.47822 6.31559 0.0063398
6.47822 6.31559 0.0063398
6.47822 6.31559 0.0063398
5.91035 6.53818 0.00462196
5.91035 6.53818 0.00462196
5.91035 6.53818 0.00462196
5.91035 6.53818 0.00462196
5.91035 6.53818 0.00462196
6.1481 6.33984 0.00953467
6.1481 6.33984 0.00953467
6.65063 6.48132 0.0049479
5.9553 5.99265 -0.00951957
6.32138 6.13949 -0.0130432
6.55241 5.563 -0.0043742
6.15464 6.60784 0.00729993
5.87474 6.31695 0.0179345
5.87474 6.31695 0.0179345
6.21231 5.4349 -0.0130906
6.21231 5.4349 -0.0130906
6.16553 6.0645 0.0004137
6.52237 6.24168 -0.00332965
6.52237 6.24168 -0.00332965
6.06131 6.20428 0.000108621
6.06131 6.20428 0.000108621
6.06131 6.20428 0.000108621
6.06131 6.20428 0.000108621
6.06131 6.20428 0.000108621
6.06131 6.20428 0.000108621
6.06131 6.20428 0.000108621
6.22324 6.33838 -0.00674141
6.22324 6.33838 -0.00674141
6.22324 6.33838 -0.00674141
6.22324 6.33838 -0.00674141
6.08991 6.78403 0.00241616
6.08991 6.78403 0.00241616
6.12818 6.43357 0.00431145
6.12818 6.43357 0.00431145
6.12818 6.43357 0.00431145
6.12818 6.43357 0.00431145
6.23739 6.59824 -0.0132445
6.23739 6.59824 -0.0132445
6.23739 6.59824 -0.0132445
5.82947 6.49503 -0.00652976
5.82947 6.49503 -0.00652976
5.82947 6.49503 -0.00652976
5.82947 6.49503 -0.00652976
5.82947 6.49503 -0.00652976
6.12531 6.41993 0.0193901
6.51411 6.4657 -0.000961384
6.51411 6.4657 -0.000961384
6.51411 6.4657 -0.000961384
6.51411 6.4657 -0.000961384
6.51411 6.4657 -0.000961384
5.95747 6.36805 -0.0133639
6.44593 6.4636 -0.00468441
6.44593 6.4636 -0.00468441
6.44593 6.4636 -0.00468441
6.31682 6.30021 -0.00374307
6.31682 6.30021 -0.00374307
6.31682 6.30021 -0.00374307
6.31682 6.30021 -0.00374307
6.0683 6.23408 0.00969041
6.0683 6.23408 0.00969041
6.13998 6.11506 0.0126377
6.13998 6.11506 0.0126377
6.21383 5.82682 -0.00117022
6.21383 5.82682 -0.00117022
5.99043 6.29412 0.0060109
5.99043 6.29412 0.0060109
5.75385 6.60579 -0.0105637
5.75385 6.60579 -0.0105637
6.71908 6.48705 -0.00231194
6.2486 6.28249 -0.00808509
6.2486 6.28249 -0.00808509
6.2486 6.28249 -0.00808509
6.2486 6.28249 -0.00808509
6.15835 5.66663 -0.00259499
6.08624 6.31542 0.0116715
6.08624 6.31542 0.0116715
6.06597 6.05575 -0.00125532
6.07476 6.18986 0.0296037
6.07476 6.18986 0.0296037
6.05357 6.39069 0.0152341
6.59347 6.24451 -0.00430471
6.28252 6.30972 -0.0134857
6.28252 6.30972 -0.0134857
6.28252 6.30972 -0.0134857
6.28252 6.30972 -0.0134857
5.97131 6.59054 0.00428225
6.22976 6.32415 0.0123058
6.22976 6.32415 0.0123058
6.22976 6.32415 0.0123058
5.94738 6.705 -0.000313708
5.94738 6.705 -0.000313708
5.94738 6.705 -0.000313708
6.32371 6.29537 0.010353
5.73425 5.98857 0.0123124
5.73425 5.98857 0.0123124
6.7502 6.14278 -0.00580319
6.35648 6.05689 0.00609154
6.35648 6.05689 0.00609154
6.41176 6.12702 -0.00363635
6.41176 6.12702 -0.00363635
6.41176 6.12702 -0.00363635
6.41176 6.12702 -0.00363635
6.41176 6.12702 -0.00363635
6.41176 6.12702 -0.00363635
6.41176 6.12702 -0.00363635
6.41176 6.12702 -0.00363635
6.23518 6.2 0.00827078
6.23518 6.2 0.00827078
6.23518 6.2 0.00827078
6.35334 5.99639 -0.0102519
6.35334 5.99639 -0.0102519
6.00784 6.69949 -0.0170356
6.00784 6.69949 -0.0170356
6.00784 6.69949 -0.0170356
6.00784 6.69949 -0.0170356
6.00784 6.69949 -0.0170356
5.80446 5.77079 0.0132445
5.76414 6.10672 -0.000337005
5.76414 6.10672 -0.000337005
6.24319 5.89142 -0.00477065
5.93909 5.87249 0.00521046
5.93909 5.87249 0.00521046
5.93909 5.87249 0.00521046
5.93909 5.87249 0.00521046
6.58463 6.08478 -0.00267564
6.58463 6.08478 -0.00267564
6.0888 5.91377 -0.0107836
6.0888 5.91377 -0.0107836
6.0888 5.91377 -0.0107836
6.0888 5.91377 -0.0107836
5.65247 6.17133 -0.0121678
5.65247 6.17133 -0.0121678
6.23672 6.19615 0.00534596
6.23672 6.19615 0.00534596
6.23672 6.19615 0.00534596
6.23672 6.19615 0.00534596
6.23672 6.19615 0.00534596
6.17575 5.69217 -0.0062892
6.17575 5.69217 -0.0062892
6.17575 5.69217 -0.0062892
6.11944 6.22219 0.00347868
6.11944 6.22219 0.00347868
6.57241 6.33081 -0.00776668
5.98271 6.36414 -0.00435786
6.21966 6.26607 0.00801626
6.66503 6.36002 -0.00712343
6.07879 6.14388 0.000561002
6.07879 6.14388 0.000561002
6.07879 6.14388 0.000561002
6.07879 6.14388 0.000561002
8.04813 7.60608 0.320356
8.38448 7.60632 0.311131
7.57359 8.27308 0.316636
7.57359 8.27308 0.316636
8.07681 8.19381 0.317479
8.36236 7.89582 0.319097
7.973 7.98471 0.306783
7.973 7.98471 0.306783
8.43054 8.44651 0.312345
7.99342 8.46843 0.31191
7.61155 8.50402 0.306872
7.91787 8.0071 0.319032
8.11763 8.08908 0.299627
8.11763 8.08908 0.299627
8.11763 8.08908 0.299627
8.11763 8.08908 0.299627
8.11763 8.08908 0.299627
7.90798 8.22489 0.314902
7.99868 7.4133 0.301999
8.1002 8.47455 0.326173
8.38841 8.25191 0.330482
7.96999 8.35536 0.318514
7.96999 8.35536 0.318514
7.96999 8.35536 0.318514
8.7373 8.14567 0.312044
8.7373 8.14567 0.312044
7.91711 7.84373 0.317857
7.72865 8.04336 0.331851
7.30296 7.73336 0.329273
7.30296 7.73336 0.329273
7.8534 7.72266 0.320192
7.8534 7.72266 0.320192
7.8534 7.72266 0.320192
7.8534 7.72266 0.320192
7.8534 7.72266 0.320192
7.8534 7.72266 0.320192
7.8534 7.72266 0.320192
7.46185 7.827 0.319584
7.46185 7.827 0.319584
7.78188 8.13202 0.335203
7.78188 8.13202 0.335203
7.78188 8.13202 0.335203
7.78188 8.13202 0.335203
7.78188 8.13202 0.335203
7.12944 7.60813 0.311065
7.12944 7.60813 0.311065
7.12944 7.60813 0.311065
7.12944 7.60813 0.311065
7.12944 7.60813 0.311065
7.12944 7.60813 0.311065
7.46055 7.45275 0.316035
7.46055 7.45275 0.316035
7.46055 7.45275 0.316035
7.46055 7.45275 0.316035
7.57229 7.48982 0.332965
7.67603 7.74788 0.293795
7.67603 7.74788 0.293795
7.21953 7.32823 0.307786
7.70873 7.58471 0.31198
7.70873 7.58471 0.31198
7.70873 7.58471 0.31198
7.70873 7.58471 0.31198
7.70873 7.58471 0.31198
8.54932 7.36399 0.34867
8.54932 7.36399 0.34867
7.74828 7.47277 0.319359
7.74828 7.47277 0.319359
7.74828 7.47277 0.319359
7.60569 7.36773 0.317448
7.12493 7.91331 0.311114
7.27431 8.0626 0.318004
7.27431 8.0626 0.318004
7.27431 8.0626 0.318004
7.27431 8.0626 0.318004
7.48535 7.65056 0.332828
7.7698 7.43687 0.344969
7.7698 7.43687 0.344969
7.7698 7.43687 0.344969
7.7698 7.43687 0.344969
8.33127 7.50235 0.335102
8.33127 7.50235 0.335102
8.33127 7.50235 0.335102
7.91409 8.01297 0.327957
7.91409 8.01297 0.327957
7.91409 8.01297 0.327957
7.45222 7.37052 0.32349
7.85687 7.37369 0.331417
7.71632 7.90485 0.31714
7.71071 7.38751 0.32536
7.73359 7.93058 0.315825
7.74648 7.26979 0.332407
7.45289 7.50383 0.33104
7.00544 7.68995 0.323961
7.53871 7.87786 0.323205
8.06634 7.84862 0.310688
7.70203 7.8936 0.333372
7.8181 7.16971 0.32959
7.36696 7.63348 0.329834
7.88541 7.29813 0.333713
8.92221 8.96853 0.325369
