22.9475 22.7795 0.264937
15.8208 16.3301 0.271449
30.8451 30.7964 0.217475
35.0327 35.051 0.185149
20.0178 20.4241 0.266637
16.2032 15.9965 0.292768
7.77147 7.61535 0.299868
22.4251 22.3525 0.260377
33.6796 33.1537 0.205728
34.8278 34.8749 0.19265
15.831 16.2275 0.283055
27.641 28.0375 0.242506
18.8795 19.3555 0.261025
11.3271 11.9821 0.313649
19.2348 18.4538 0.256467
20.8937 20.9118 0.267489
29.5704 29.9253 0.224305
31.4839 31.8388 0.201705
31.4049 31.7962 0.195943
10.8235 10.8798 0.310114
11.6142 11.2764 0.318521
19.2758 19.6126 0.28139
10.7409 10.57 0.300085
9.75382 8.97282 0.30782
27.1544 27.6444 0.232376
12.8201 13.2115 0.301444
10.1126 10.2139 0.294161
23.044 23.2848 0.24787
26.578 25.5544 0.241419
20.6769 20.5088 0.273307
20.1555 20.2256 0.281121
26.4832 26.2877 0.256315
24.0657 23.7411 0.250466
27.41 26.3203 0.235805
13.8834 14.3594 0.28122
7.77147 7.61535 0.299868
15.8208 16.3301 0.271449
16.3348 15.9698 0.283498
10.7197 10.6194 0.333591
26.1582 26.495 0.24146
20.743 20.5869 0.243734
6.17317 6.44682 0.306846
20.0178 20.4241 0.266637
18.298 17.9685 0.298419
19.2348 18.4538 0.256467
12.8201 13.2115 0.301444
24.0401 24.6951 0.256724
32.0726 31.5235 0.190663
18.2306 18.6368 0.297554
18.298 17.9685 0.298419
15.5643 15.9557 0.307769
26.578 25.5544 0.241419
10.7197 10.6194 0.333591
11.3271 11.9821 0.313649
25.4012 25.2057 0.261885
28.0268 28.0831 0.232086
11.3271 11.9821 0.313649
25.9349 25.4139 0.215467
18.298 17.9685 0.298419
9.5903 10.0193 0.311043
22.3479 22.4181 0.262509
14.854 15.341 0.276469
17.4042 17.8942 0.284772
24.292 24.0593 0.240379
27.0556 27.0827 0.222249
14.6529 14.6041 0.283581
18.2397 18.5048 0.2826
34.4622 35.2246 0.194155
32.5551 32.4633 0.219976
13.3332 13.3111 0.296966
12.8201 13.2115 0.301444
24.0401 24.6951 0.256724
30.09 30.1801 0.197869
21.7359 22.2767 0.269242
31.9523 31.9993 0.190278
16.885 17.6768 0.27464
11.3271 11.9821 0.313649
9.22828 9.25309 0.302213
5.95039 6.71278 0.00192008
20.2944 20.8352 0.273593
6.41059 6.44927 0.336636
11.3528 11.3776 0.301853
18.0388 17.2771 0.264018
9.877 9.52748 0.313101
22.2132 21.7731 0.255546
20.743 20.5869 0.243734
19.5649 18.6535 0.297894
25.1179 25.0261 0.255791
30.2564 30.9894 0.243004
20.0178 20.4241 0.266637
27.254 27.683 0.217443
19.7941 19.8212 0.28284
12.8201 13.2115 0.301444
18.298 17.9685 0.298419
15.5423 14.4526 0.304441
33.0018 32.7119 0.211183
14.0084 14.2219 0.274043
33.5602 34.0472 0.196834
13.2916 13.5568 0.292483
23.1865 23.4602 0.268824
6.31503 6.59463 0.310024
6.31503 6.59463 0.310024
6.31503 6.59463 0.310024
6.31503 6.59463 0.310024
6.31503 6.59463 0.310024
6.31503 6.59463 0.310024
6.31503 6.59463 0.310024
6.31503 6.59463 0.310024
6.31503 6.59463 0.310024
6.31503 6.59463 0.310024
6.31503 6.59463 0.310024
6.31503 6.59463 0.310024
6.31503 6.59463 0.310024
6.31503 6.59463 0.310024
6.31503 6.59463 0.310024
6.15507 5.85826 0.306937
6.15507 5.85826 0.306937
6.15507 5.85826 0.306937
6.15507 5.85826 0.306937
6.15507 5.85826 0.306937
6.15507 5.85826 0.306937
6.04563 6.80803 0.318406
6.04563 6.80803 0.318406
6.04563 6.80803 0.318406
6.04563 6.80803 0.318406
6.04563 6.80803 0.318406
6.04563 6.80803 0.318406
6.04563 6.80803 0.318406
6.04563 6.80803 0.318406
6.04563 6.80803 0.318406
6.50754 6.33291 0.321974
6.50754 6.33291 0.321974
6.50754 6.33291 0.321974
6.50754 6.33291 0.321974
6.50754 6.33291 0.321974
6.50754 6.33291 0.321974
6.50754 6.33291 0.321974
6.50754 6.33291 0.321974
6.34281 6.67968 0.31524
6.34281 6.67968 0.31524
6.34281 6.67968 0.31524
6.34281 6.67968 0.31524
6.34281 6.67968 0.31524
6.34281 6.67968 0.31524
6.34281 6.67968 0.31524
6.34281 6.67968 0.31524
6.34281 6.67968 0.31524
6.34281 6.67968 0.31524
6.34281 6.67968 0.31524
6.34281 6.67968 0.31524
6.34281 6.67968 0.31524
6.34281 6.67968 0.31524
6.34281 6.67968 0.31524
8.31863 7.68067 0.319798
8.31863 7.68067 0.319798
8.31863 7.68067 0.319798
8.31863 7.68067 0.319798
8.31863 7.68067 0.319798
8.31863 7.68067 0.319798
8.31863 7.68067 0.319798
8.31863 7.68067 0.319798
8.31863 7.68067 0.319798
8.31863 7.68067 0.319798
8.31863 7.68067 0.319798
10.5358 10.2464 0.308359
10.5358 10.2464 0.308359
10.5358 10.2464 0.308359
10.5358 10.2464 0.308359
10.5358 10.2464 0.308359
10.5358 10.2464 0.308359
10.5358 10.2464 0.308359
10.5358 10.2464 0.308359
10.5358 10.2464 0.308359
10.5358 10.2464 0.308359
10.5358 10.2464 0.308359
10.5358 10.2464 0.308359
10.5358 10.2464 0.308359
10.5358 10.2464 0.308359
10.5358 10.2464 0.308359
10.5358 10.2464 0.308359
10.5358 10.2464 0.308359
10.5358 10.2464 0.308359
10.6855 10.3476 0.315539
10.6855 10.3476 0.315539
10.6855 10.3476 0.315539
10.6855 10.3476 0.315539
10.6855 10.3476 0.315539
10.6855 10.3476 0.315539
10.6855 10.3476 0.315539
10.1781 10.5331 0.313025
10.1781 10.5331 0.313025
10.1781 10.5331 0.313025
10.1781 10.5331 0.313025
10.1781 10.5331 0.313025
10.1781 10.5331 0.313025
10.1781 10.5331 0.313025
10.1781 10.5331 0.313025
10.1781 10.5331 0.313025
10.1781 10.5331 0.313025
22.6567 22.1357 0.252584
7.33701 7.48929 0.317156
7.33701 7.48929 0.317156
7.33701 7.48929 0.317156
7.33701 7.48929 0.317156
7.49967 7.35201 0.328196
7.49967 7.35201 0.328196
7.49967 7.35201 0.328196
7.49967 7.35201 0.328196
7.49967 7.35201 0.328196
7.49967 7.35201 0.328196
7.76283 8.10886 0.315048
7.76283 8.10886 0.315048
7.76283 8.10886 0.315048
7.76283 8.10886 0.315048
8.09654 7.91793 0.330748
8.09654 7.91793 0.330748
8.09654 7.91793 0.330748
8.09654 7.91793 0.330748
8.09654 7.91793 0.330748
8.09654 7.91793 0.330748
8.18006 8.91491 0.311236
8.18006 8.91491 0.311236
8.55479 8.53773 0.320976
8.55479 8.53773 0.320976
25.7881 26.2275 0.236047
25.7881 26.2275 0.236047
26.0928 25.9267 0.242015
26.0928 25.9267 0.242015
26.0928 25.9267 0.242015
26.0928 25.9267 0.242015
26.0928 25.9267 0.242015
26.0928 25.9267 0.242015
26.0928 25.9267 0.242015
26.4021 25.7284 0.236007
26.4634 26.0823 0.262367
26.4634 26.0823 0.262367
26.4634 26.0823 0.262367
26.4634 26.0823 0.262367
26.4634 26.0823 0.262367
26.4634 26.0823 0.262367
26.4634 26.0823 0.262367
25.8716 25.5565 0.268257
25.8716 25.5565 0.268257
25.8716 25.5565 0.268257
25.8716 25.5565 0.268257
25.8716 25.5565 0.268257
25.8716 25.5565 0.268257
25.8716 25.5565 0.268257
25.8716 25.5565 0.268257
25.8716 25.5565 0.268257
25.9037 25.6916 0.247187
25.9037 25.6916 0.247187
25.9037 25.6916 0.247187
25.9037 25.6916 0.247187
25.9037 25.6916 0.247187
25.9037 25.6916 0.247187
26.2865 26.1183 0.243855
26.2865 26.1183 0.243855
25.9161 25.7285 0.260039
26.4387 25.9195 0.260753
26.4387 25.9195 0.260753
26.4387 25.9195 0.260753
25.6151 26.3542 0.247905
25.6151 26.3542 0.247905
25.6151 26.3542 0.247905
25.6151 26.3542 0.247905
25.6151 26.3542 0.247905
25.6151 26.3542 0.247905
25.6151 26.3542 0.247905
25.6151 26.3542 0.247905
25.6151 26.3542 0.247905
25.6151 26.3542 0.247905
25.6151 26.3542 0.247905
25.6151 26.3542 0.247905
25.6151 26.3542 0.247905
25.6151 26.3542 0.247905
26.4787 26.3085 0.234123
26.4787 26.3085 0.234123
26.4787 26.3085 0.234123
26.4787 26.3085 0.234123
26.3536 25.5218 0.245455
26.1543 25.9609 0.244089
26.1543 25.9609 0.244089
26.1543 25.9609 0.244089
26.1543 25.9609 0.244089
26.1758 26.3934 0.266152
25.7838 26.5964 0.237599
25.7838 26.5964 0.237599
25.7838 26.5964 0.237599
25.7838 26.5964 0.237599
25.7838 26.5964 0.237599
25.7838 26.5964 0.237599
25.7838 26.5964 0.237599
25.7838 26.5964 0.237599
25.7838 26.5964 0.237599
25.7838 26.5964 0.237599
26.1956 25.8108 0.241794
26.1956 25.8108 0.241794
26.1956 25.8108 0.241794
26.1956 25.8108 0.241794
20.0948 20.0869 0.257574
20.0948 20.0869 0.257574
20.0948 20.0869 0.257574
20.0948 20.0869 0.257574
20.0948 20.0869 0.257574
20.0366 19.8187 0.249119
20.0366 19.8187 0.249119
20.0366 19.8187 0.249119
20.0366 19.8187 0.249119
20.0366 19.8187 0.249119
20.0366 19.8187 0.249119
20.0366 19.8187 0.249119
20.0366 19.8187 0.249119
20.0366 19.8187 0.249119
20.0366 19.8187 0.249119
20.0366 19.8187 0.249119
20.0366 19.8187 0.249119
20.0366 19.8187 0.249119
20.0366 19.8187 0.249119
20.0366 19.8187 0.249119
20.0366 19.8187 0.249119
20.486 20.2006 0.253951
20.486 20.2006 0.253951
20.486 20.2006 0.253951
20.486 20.2006 0.253951
20.486 20.2006 0.253951
20.486 20.2006 0.253951
20.486 20.2006 0.253951
20.1076 19.8208 0.255258
20.1076 19.8208 0.255258
19.8805 20.4843 0.258189
19.8805 20.4843 0.258189
19.8805 20.4843 0.258189
19.8805 20.4843 0.258189
19.8805 20.4843 0.258189
19.8805 20.4843 0.258189
19.8805 20.4843 0.258189
19.8805 20.4843 0.258189
19.8805 20.4843 0.258189
19.8805 20.4843 0.258189
20.0448 19.7579 0.239222
20.3752 19.844 0.246876
20.3752 19.844 0.246876
20.3752 19.844 0.246876
20.3752 19.844 0.246876
20.3752 19.844 0.246876
19.509 19.9431 0.245838
19.509 19.9431 0.245838
19.509 19.9431 0.245838
19.509 19.9431 0.245838
19.509 19.9431 0.245838
19.509 19.9431 0.245838
19.7259 19.9551 0.247836
20.0862 19.8622 0.236532
20.0862 19.8622 0.236532
20.0862 19.8622 0.236532
20.0862 19.8622 0.236532
20.0862 19.8622 0.236532
20.0862 19.8622 0.236532
19.7395 20.2104 0.251869
19.8861 20.1846 0.233662
19.8861 20.1846 0.233662
19.8861 20.1846 0.233662
19.8861 20.1846 0.233662
19.8861 20.1846 0.233662
19.8861 20.1846 0.233662
19.8861 20.1846 0.233662
19.8861 20.1846 0.233662
19.8861 20.1846 0.233662
19.8861 20.1846 0.233662
19.8861 20.1846 0.233662
19.8861 20.1846 0.233662
19.8861 20.1846 0.233662
19.8861 20.1846 0.233662
19.8861 20.1846 0.233662
19.8861 20.1846 0.233662
20.5145 19.993 0.239476
20.5145 19.993 0.239476
20.5145 19.993 0.239476
20.5145 19.993 0.239476
6.73545 6.91504 0.302479
6.73545 6.91504 0.302479
6.49001 7.08482 0.296082
6.49001 7.08482 0.296082
6.49001 7.08482 0.296082
6.7606 6.42001 0.305989
6.7606 6.42001 0.305989
6.7606 6.42001 0.305989
6.7606 6.42001 0.305989
6.81789 6.69674 0.299045
6.81789 6.69674 0.299045
6.81789 6.69674 0.299045
6.81789 6.69674 0.299045
6.81789 6.69674 0.299045
6.81789 6.69674 0.299045
6.81789 6.69674 0.299045
6.81789 6.69674 0.299045
6.81789 6.69674 0.299045
6.81789 6.69674 0.299045
6.81789 6.69674 0.299045
