10.4961 11.0369 0.316036
13.3182 13.1663 0.3
13.2142 12.9164 0.304632
12.2138 12.4782 0.301504
9.39852 9.87457 0.312378
13.4563 14.2481 0.284687
13.2753 12.8597 0.277644
15.2256 14.5876 0.284832
8.47849 8.40586 0.311079
11.2283 11.1849 0.30566
10.3412 9.42977 0.326834
6.41059 6.44927 0.336636
9.30085 9.4311 0.328802
12.8201 13.2115 0.301444
10.1126 10.2139 0.294161
8.99875 8.80327 0.33306
8.67818 8.51011 0.324408
6.26297 5.93353 0.0169025
12.5589 12.9879 0.298442
13.6923 13.3428 0.288881
11.6142 11.2764 0.318521
6.93656 6.81633 0.301809
8.63151 8.34205 0.326626
13.0373 13.7997 0.29332
6.29217 6.34845 0.315809
7.7201 7.56812 0.329119
9.75382 8.97282 0.30782
8.29573 8.83653 0.324694
14.1686 14.6556 0.269887
9.00312 8.8353 0.307807
10.4471 10.2579 0.299328
10.7197 10.6194 0.333591
9.96784 10.5875 0.2963
12.5109 12.4621 0.302526
9.38676 9.21869 0.309483
10.9939 11.084 0.296196
11.6142 11.2764 0.318521
11.2885 11.4187 0.317347
13.7682 13.3281 0.274385
8.10812 8.84108 0.344488
13.5724 13.5907 0.288278
13.2839 13.3401 0.290723
10.5358 10.2464 0.308359
11.6142 11.2764 0.318521
12.0074 11.8328 0.324726
8.21252 8.69956 0.305264
7.48255 7.6128 0.337665
10.3778 10.4792 0.28731
14.4295 14.5309 0.2702
10.3719 11.1376 0.324346
12.8981 13.2946 0.301142
12.8415 12.6464 0.310326
9.00312 8.8353 0.307807
6.01834 6.25177 0.000834648
14.1338 14.9649 0.28988
11.479 11.7586 0.297703
9.27978 8.51811 0.309053
5.95039 6.71278 0.00192008
10.4728 10.266 0.299113
8.73661 9.07348 0.303305
8.04784 7.85237 0.332648
12.8201 13.2115 0.301444
7.94892 8.07917 0.327881
9.84419 9.64871 0.329229
10.0909 10.4673 0.30566
11.6142 11.2764 0.318521
13.7821 14.1585 0.282087
7.28648 7.68299 0.328781
13.3332 13.3111 0.296966
13.9405 13.1789 0.281002
12.9018 13.1044 0.292589
7.94892 8.07917 0.327881
12.0514 12.448 0.312761
12.8031 13.6342 0.301171
6.4195 6.29928 0.00329886
10.6197 10.528 0.308698
12.3333 12.2331 0.325817
7.7201 7.56812 0.329119
9.28712 9.75771 0.320932
12.3409 12.5038 0.320083
10.9446 10.4187 0.310374
6.63728 6.66439 0.29874
6.4195 6.29928 0.00329886
7.65865 7.3692 0.331659
7.7201 7.56812 0.329119
14.0272 13.9784 0.28397
10.5016 9.95256 0.308835
9.50206 9.59218 0.289929
7.28648 7.68299 0.328781
7.97426 7.99251 0.317397
5.95039 6.71278 0.00192008
9.28337 8.84325 0.305543
9.22828 9.25309 0.302213
11.3795 11.4066 0.304395
9.46724 9.87348 0.331656
10.0909 10.4673 0.30566
10.6001 10.8645 0.309277
10.4728 10.266 0.299113
13.6068 13.8094 0.281686
6.63728 6.66439 0.29874
11.6207 11.9972 0.316863
11.6207 11.9972 0.316863
11.6207 11.9972 0.316863
11.6207 11.9972 0.316863
11.6207 11.9972 0.316863
11.6207 11.9972 0.316863
11.6207 11.9972 0.316863
11.6207 11.9972 0.316863
12.0773 11.2963 0.311438
12.0773 11.2963 0.311438
12.2173 11.848 0.330786
11.7835 11.3678 0.305481
11.7835 11.3678 0.305481
11.7835 11.3678 0.305481
11.7235 11.6905 0.30865
11.7998 12.0649 0.320321
11.7998 12.0649 0.320321
11.7998 12.0649 0.320321
6.31797 6.82728 0.296647
7.19264 7.0218 0.290561
7.19264 7.0218 0.290561
7.19264 7.0218 0.290561
7.19264 7.0218 0.290561
7.19264 7.0218 0.290561
7.19264 7.0218 0.290561
6.56435 6.66572 0.284637
6.56435 6.66572 0.284637
6.56435 6.66572 0.284637
6.56435 6.66572 0.284637
6.56435 6.66572 0.284637
6.56435 6.66572 0.284637
6.56435 6.66572 0.284637
6.56435 6.66572 0.284637
6.21688 7.0087 0.298735
6.21688 7.0087 0.298735
6.21688 7.0087 0.298735
6.21688 7.0087 0.298735
6.21688 7.0087 0.298735
6.21688 7.0087 0.298735
6.95342 6.40435 0.29931
6.95342 6.40435 0.29931
6.95342 6.40435 0.29931
6.95342 6.40435 0.29931
6.95342 6.40435 0.29931
6.95342 6.40435 0.29931
6.95342 6.40435 0.29931
6.95342 6.40435 0.29931
6.95342 6.40435 0.29931
6.95342 6.40435 0.29931
6.95342 6.40435 0.29931
6.95342 6.40435 0.29931
6.95342 6.40435 0.29931
6.95342 6.40435 0.29931
6.95342 6.40435 0.29931
6.95342 6.40435 0.29931
6.95342 6.40435 0.29931
6.95342 6.40435 0.29931
6.71398 6.77026 0.297833
6.71398 6.77026 0.297833
6.71398 6.77026 0.297833
6.5288 6.08867 0.288434
6.5288 6.08867 0.288434
6.5288 6.08867 0.288434
6.5288 6.08867 0.288434
6.83679 6.60404 0.291649
6.93656 6.81633 0.301809
6.93656 6.81633 0.301809
6.93656 6.81633 0.301809
7.65865 7.3692 0.331659
7.65865 7.3692 0.331659
7.65865 7.3692 0.331659
8.33264 7.80676 0.326823
8.33264 7.80676 0.326823
8.00153 7.93026 0.323537
7.30096 7.65592 0.336324
7.30096 7.65592 0.336324
7.30096 7.65592 0.336324
7.30096 7.65592 0.336324
7.30096 7.65592 0.336324
7.30096 7.65592 0.336324
7.30096 7.65592 0.336324
7.30096 7.65592 0.336324
7.30096 7.65592 0.336324
7.57356 7.60066 0.324713
7.57356 7.60066 0.324713
7.57356 7.60066 0.324713
8.02665 7.29757 0.332787
8.02665 7.29757 0.332787
8.02665 7.29757 0.332787
8.02665 7.29757 0.332787
8.02665 7.29757 0.332787
8.12069 7.09715 0.323197
8.12069 7.09715 0.323197
8.12069 7.09715 0.323197
8.12069 7.09715 0.323197
8.12069 7.09715 0.323197
8.12069 7.09715 0.323197
8.12069 7.09715 0.323197
8.12069 7.09715 0.323197
8.12069 7.09715 0.323197
14.6514 14.7926 0.280477
14.7508 14.3533 0.297695
14.7982 14.5461 0.270499
14.6423 14.8835 0.275954
14.7671 14.4991 0.305033
14.7648 14.7727 0.289095
14.4603 14.5672 0.280564
14.8825 14.6482 0.274567
14.4694 14.8593 0.275805
14.4694 14.8593 0.275805
14.6685 14.5939 0.271638
14.6685 14.5939 0.271638
14.5962 14.8648 0.287096
14.5962 14.8648 0.287096
14.5962 14.8648 0.287096
14.8115 14.5082 0.275152
14.8115 14.5082 0.275152
14.8448 15.0302 0.295289
14.4224 14.5392 0.294419
14.5204 14.152 0.287349
14.851 14.9373 0.283311
14.6278 14.3756 0.292009
14.6278 14.3756 0.292009
14.1087 14.6395 0.297565
14.1087 14.6395 0.297565
14.1087 14.6395 0.297565
14.5004 14.6775 0.276831
14.3086 14.314 0.27226
14.3086 14.314 0.27226
14.8189 14.6855 0.294271
14.5864 14.8052 0.26877
14.4955 14.5478 0.271568
14.2618 14.8694 0.27817
14.8926 14.2904 0.286359
14.6495 14.2616 0.281492
14.6495 14.2616 0.281492
15.123 14.645 0.293038
14.5442 14.564 0.283486
14.6442 14.9152 0.279301
14.2867 14.8107 0.280119
14.6392 14.8783 0.293533
14.6392 14.8783 0.293533
14.7853 14.9473 0.278043
14.233 14.2215 0.285632
14.233 14.2215 0.285632
14.8146 14.6829 0.273289
14.5481 14.7126 0.287837
14.6807 14.6143 0.300459
14.7756 14.5401 0.28632
14.4937 14.1659 0.295205
14.2635 14.3718 0.305969
14.2635 14.3718 0.305969
14.2635 14.3718 0.305969
14.635 14.5531 0.280377
14.9438 14.7913 0.302918
14.6392 15.1406 0.286618
14.3664 14.5738 0.28431
14.5707 14.704 0.287183
14.7819 14.6995 0.278593
14.7602 14.4183 0.286559
14.9008 14.9061 0.284859
13.944 14.8584 0.311534
13.944 14.8584 0.311534
13.944 14.8584 0.311534
14.3078 14.6378 0.267223
14.7364 14.9749 0.290919
14.7364 14.9749 0.290919
14.4309 14.9621 0.293028
14.4309 14.9621 0.293028
14.4309 14.9621 0.293028
14.4912 14.8111 0.284306
14.4912 14.8111 0.284306
14.3366 15.066 0.294945
15.1701 15.016 0.279663
14.7338 14.1723 0.276856
15.0488 14.8429 0.258528
14.5364 14.7035 0.281487
14.5929 14.6559 0.275091
14.5929 14.6559 0.275091
14.9916 14.9963 0.278622
15.0651 14.5351 0.313357
15.0651 14.5351 0.313357
14.53 14.579 0.292097
15.1363 14.7795 0.297667
15.1363 14.7795 0.297667
14.8092 14.8393 0.292513
14.8092 14.8393 0.292513
14.5698 15.0081 0.265546
15.1552 14.0385 0.282465
15.1552 14.0385 0.282465
14.7262 14.6917 0.295577
14.5517 14.2185 0.288573
14.4864 14.874 0.271293
14.7816 14.8758 0.264014
14.3246 14.3347 0.282108
14.3246 14.3347 0.282108
14.8931 14.9647 0.282223
14.8931 14.9647 0.282223
14.5132 14.7287 0.267498
14.5132 14.7287 0.267498
14.501 15.1013 0.30513
14.501 15.1013 0.30513
14.872 14.3238 0.29245
14.6641 14.3193 0.291152
14.8012 14.6475 0.28663
14.8012 14.6475 0.28663
14.6598 14.4243 0.277326
14.7514 15.0478 0.265802
15.0979 14.3775 0.310131
14.9038 14.0389 0.282397
14.7952 15.1879 0.295143
14.2256 14.5807 0.282519
14.7293 14.9221 0.294211
14.7293 14.9221 0.294211
14.3846 14.3878 0.285657
14.3846 14.3878 0.285657
14.3907 14.6226 0.283941
14.3907 14.6226 0.283941
14.3907 14.6226 0.283941
14.6048 14.4912 0.289381
14.6048 14.4912 0.289381
14.9978 14.5836 0.276948
14.3089 14.2514 0.28247
14.3089 14.2514 0.28247
14.3405 14.6391 0.298266
14.9593 14.5456 0.283885
14.9593 14.5456 0.283885
14.8149 14.2677 0.283053
15.0283 14.5563 0.267569
14.5068 14.8192 0.288001
14.101 15.2682 0.279876
15.1074 14.7179 0.293837
14.3676 14.7663 0.281992
14.5913 14.6906 0.294235
14.3555 14.7172 0.279891
14.3555 14.7172 0.279891
14.7704 14.9244 0.291972
14.7704 14.9244 0.291972
14.6475 14.766 0.292844
14.4727 14.2821 0.266368
14.6733 14.3663 0.270824
14.6676 15.0371 0.28607
14.6048 14.7258 0.281331
14.0455 14.4821 0.297816
14.7913 14.6062 0.298024
14.3397 14.5912 0.281134
14.935 14.8071 0.279278
14.1739 14.2383 0.283317
14.1739 14.2383 0.283317
14.376 15.102 0.292255
14.3895 14.6389 0.293767
14.3895 14.6389 0.293767
14.3821 14.4861 0.297224
15.0002 14.94 0.273374
14.8612 14.8875 0.287758
14.8612 14.8875 0.287758
14.4082 14.8776 0.293089
14.4082 14.8776 0.293089
14.4235 14.6806 0.299191
15.0145 14.4412 0.280679
14.7409 14.6005 0.280568
14.5089 14.2561 0.290552
14.5089 14.2561 0.290552
14.5089 14.2561 0.290552
15.1091 14.3847 0.279005
14.9503 14.4559 0.27183
14.1909 14.4758 0.297165
14.1909 14.4758 0.297165
14.0939 14.5838 0.289202
14.0939 14.5838 0.289202
14.1338 14.3239 0.287012
15.0011 14.4145 0.278006
15.0163 14.929 0.296595
15.0163 14.929 0.296595
14.6426 14.8555 0.273033
14.4822 14.374 0.273066
14.3822 14.9872 0.275776
14.9238 14.6951 0.29273
14.9238 14.6951 0.29273
14.4777 15.1143 0.287879
14.3319 14.9559 0.280121
14.3319 14.9559 0.280121
14.9077 14.1345 0.298613
14.4448 14.1779 0.27105
14.7213 14.6652 0.26596
14.6412 14.6064 0.278709
14.6412 14.6064 0.278709
14.3523 14.7873 0.285418
14.6431 15.3392 0.297558
15.0201 14.6147 0.284897
15.0201 14.6147 0.284897
15.0201 14.6147 0.284897
14.0898 14.6927 0.3004
14.0898 14.6927 0.3004
14.9689 14.8876 0.283417
14.9689 14.8876 0.283417
14.2646 14.6969 0.296213
14.5887 14.6496 0.283805
14.2323 14.5848 0.271428
14.9691 14.635 0.279698
15.0408 15.0271 0.282037
14.899 14.5412 0.294921
14.899 14.5412 0.294921
14.899 14.5412 0.294921
14.899 14.5412 0.294921
14.6804 14.2672 0.289294
14.6804 14.2672 0.289294
14.6478 14.5346 0.262187
14.812 14.1025 0.286067
14.8771 15.136 0.300707
15.1563 14.2704 0.292613
14.6596 14.6703 0.282098
14.6596 14.6703 0.282098
14.4654 14.2007 0.269004
14.8542 14.7488 0.278954
14.4023 14.8881 0.284843
15.3518 14.5528 0.293234
14.224 14.3735 0.297231
14.224 14.3735 0.297231
13.8021 14.5789 0.289558
14.56 14.7535 0.292259
14.4845 14.6379 0.282719
14.9289 14.8642 0.296852
14.9289 14.8642 0.296852
14.4186 14.5514 0.288595
14.3572 14.4072 0.278275
15.1819 14.6804 0.275885
15.1819 14.6804 0.275885
14.4895 14.2696 0.286763
14.388 14.7437 0.277997
14.388 14.7437 0.277997
14.5867 14.8262 0.281001
14.5867 14.8262 0.281001
14.3685 14.6927 0.2878
14.3685 14.6927 0.2878
14.3685 14.6927 0.2878
14.8579 14.9997 0.285615
14.4184 15.0162 0.268001
14.796 14.7364 0.265913
14.9926 14.8944 0.282453
14.8916 14.6388 0.287504
14.6714 14.7014 0.281209
14.5162 14.3102 0.309699
14.4495 14.8963 0.294767
14.3818 14.7408 0.28567
14.3818 14.7408 0.28567
14.2659 15.0178 0.279601
14.9953 14.1854 0.292686
14.9758 14.8911 0.280673
14.5277 14.4516 0.306542
14.5325 14.4947 0.287871
14.8287 15.4605 0.284807
14.2387 14.2142 0.289337
15.2491 14.5716 0.289835
15.2236 14.4351 0.286434
14.3597 14.7695 0.294648
14.6507 15.0677 0.281869
15.1086 15.2999 0.295342
14.1742 14.3876 0.272178
14.1525 14.6379 0.291979
14.3114 14.5345 0.285062
14.3114 14.5345 0.285062
14.5592 14.281 0.267002
14.9738 14.7232 0.281001
14.697 14.9155 0.283446
14.3926 14.6674 0.262992
13.9774 14.7288 0.280978
14.8641 14.4823 0.272944
14.8641 14.4823 0.272944
14.9433 14.5161 0.277791
14.9433 14.5161 0.277791
14.8946 14.2493 0.28769
14.5178 14.7031 0.292291
15.3201 13.9515 0.283093
15.3201 13.9515 0.283093
14.4853 14.3572 0.286349
14.4853 14.3572 0.286349
14.4853 14.3572 0.286349
14.7346 14.3456 0.297459
14.3739 14.4408 0.289509
13.9452 14.1405 0.285695
14.6173 14.3319 0.278669
14.3584 14.5224 0.28884
14.6219 14.1254 0.290598
14.5987 14.4014 0.293258
14.4947 14.5454 0.267109
14.4947 14.5454 0.267109
14.554 14.7427 0.287511
14.6168 14.6648 0.285606
14.7917 15.2971 0.273446
14.7917 15.2971 0.273446
14.4626 14.6161 0.278828
14.4626 14.6161 0.278828
15.0273 14.7391 0.277669
14.479 14.8125 0.290352
14.479 14.8125 0.290352
15.1245 14.5926 0.292814
14.3349 15.1146 0.283425
14.4938 14.4693 0.291823
13.7988 14.7454 0.2966
14.5088 14.3365 0.295051
14.2677 15.1741 0.291079
14.9768 14.6783 0.290173
14.9768 14.6783 0.290173
14.4987 14.9758 0.295229
14.4987 14.9758 0.295229
14.2624 14.5893 0.287659
14.5071 14.3536 0.278438
14.5618 14.2713 0.288457
14.651 14.3345 0.278081
14.6594 14.3888 0.29695
14.6594 14.3888 0.29695
14.8741 14.4732 0.275975
14.6252 14.3012 0.297895
14.6252 14.3012 0.297895
14.2615 14.7456 0.290417
14.2615 14.7456 0.290417
14.6722 14.8086 0.276438
14.6453 14.451 0.270618
14.567 14.376 0.288807
14.567 14.376 0.288807
15.0877 14.6588 0.281679
14.9764 14.4139 0.273607
14.9764 14.4139 0.273607
14.7187 14.3077 0.289042
14.7187 14.3077 0.289042
14.8134 14.3006 0.293306
15.1884 14.6697 0.28896
15.1884 14.6697 0.28896
14.5594 14.6911 0.267743
14.6681 14.574 0.285517
14.5648 15.0773 0.295203
14.8576 14.5578 0.289379
14.6727 14.6696 0.283208
14.299 14.4145 0.290468
14.299 14.4145 0.290468
15.0403 14.8479 0.293205
15.0403 14.8479 0.293205
14.7546 14.8864 0.312413
14.5296 14.631 0.273265
14.046 14.5411 0.278836
15.2065 14.7498 0.286426
14.1462 14.5328 0.274092
15.0452 14.7837 0.270526
14.6015 14.379 0.287253
14.6015 14.379 0.287253
14.3937 14.5084 0.283755
14.8116 14.9791 0.278105
14.5308 14.5296 0.285422
14.5507 15.3283 0.289948
14.5507 15.3283 0.289948
14.491 14.2744 0.293155
14.7248 14.5702 0.274315
14.7248 14.5702 0.274315
14.5856 14.4628 0.279766
14.1199 14.567 0.278686
14.1199 14.567 0.278686
14.639 14.8991 0.297731
14.858 14.5372 0.267254
14.858 14.5372 0.267254
14.5534 14.6093 0.275556
14.5534 14.6093 0.275556
14.7245 14.2677 0.272031
14.3337 14.8661 0.285171
14.5287 14.4662 0.283519
14.5287 14.4662 0.283519
14.211 14.7051 0.266237
14.9938 14.7596 0.286347
14.1365 14.6108 0.2823
14.8071 14.3489 0.290426
14.8071 14.3489 0.290426
14.4823 15.4823 0.284546
14.493 14.6326 0.298477
14.4367 14.6718 0.26892
14.4367 14.6718 0.26892
14.4367 14.6718 0.26892
14.8768 14.5869 0.297156
14.5036 14.259 0.289103
14.514 14.5884 0.275033
14.514 14.5884 0.275033
14.5336 14.702 0.285625
14.4385 15.1627 0.272943
14.4676 14.7045 0.277379
14.8074 14.9661 0.298428
15.0961 14.246 0.263468
14.4903 14.9715 0.281226
14.7545 14.7537 0.298224
14.4296 14.4476 0.288344
14.4296 14.4476 0.288344
14.4296 14.4476 0.288344
14.514 14.5904 0.298822
14.514 14.5904 0.298822
14.684 14.4383 0.29273
14.3847 14.9713 0.292806
14.184 14.7236 0.277208
14.7027 15.0924 0.297464
14.7027 15.0924 0.297464
14.9844 15.1161 0.266235
14.6495 14.7703 0.27752
14.5578 14.7384 0.287172
14.7495 14.9364 0.286703
13.8236 14.6653 0.28758
14.0183 15.1808 0.283964
14.0183 15.1808 0.283964
14.0183 15.1808 0.283964
14.6586 14.2006 0.294748
14.6586 14.2006 0.294748
14.5267 14.4077 0.279986
15.2591 14.2108 0.286502
15.2591 14.2108 0.286502
14.8222 14.2659 0.292941
14.8222 14.2659 0.292941
14.7785 14.6387 0.300396
14.3235 14.6996 0.284764
14.1397 14.811 0.294255
14.8739 14.3459 0.269047
14.8739 14.3459 0.269047
14.7335 14.4167 0.301536
14.2033 14.5121 0.287679
14.2033 14.5121 0.287679
14.4877 14.665 0.293588
13.9296 14.5019 0.281983
14.7815 14.3057 0.296275
14.3364 14.2455 0.292175
14.5254 14.6643 0.275617
14.6424 14.9684 0.284096
14.5332 15.046 0.284157
14.6904 14.3697 0.296049
14.7965 15.3681 0.29258
14.976 14.7865 0.281718
14.5481 14.8614 0.287748
14.6129 14.8052 0.289214
14.6354 14.8763 0.276887
14.6354 14.8763 0.276887
14.2624 14.4882 0.287755
14.2624 14.4882 0.287755
14.227 14.7978 0.278544
14.5846 14.5271 0.291019
15.0309 14.6757 0.288511
14.4367 14.6347 0.287974
14.5769 14.6034 0.27277
14.2756 14.878 0.283424
14.2756 14.878 0.283424
14.4349 14.3859 0.288391
14.3926 14.5275 0.265832
14.13 15.0673 0.282558
14.9333 14.4156 0.298802
14.1796 14.8401 0.294419
14.1796 14.8401 0.294419
14.6188 15.1211 0.291827
14.6188 15.1211 0.291827
14.5393 14.6104 0.280264
14.6229 14.6504 0.309234
14.6229 14.6504 0.309234
14.6229 14.6504 0.309234
14.3773 14.3229 0.2744
14.801 14.5098 0.291898
14.6615 15.1388 0.257044
14.862 14.6567 0.28685
14.2264 14.6375 0.282985
15.243 14.5111 0.288115
14.3639 15.0458 0.298789
14.6021 14.6387 0.297341
14.9866 14.8772 0.2857
14.6511 14.8366 0.296875
14.6511 14.8366 0.296875
14.3122 14.8615 0.281421
14.6968 15.2632 0.277965
14.6968 15.2632 0.277965
14.3948 14.9408 0.272012
14.5412 14.4788 0.301804
14.7043 14.9871 0.286755
15.0253 14.5185 0.272698
14.6632 14.5401 0.301701
14.0048 14.6698 0.276889
14.7397 14.992 0.292605
15.2534 14.6059 0.288165
14.7771 14.5653 0.272081
14.6072 14.7674 0.27864
14.6072 14.7674 0.27864
14.2638 14.1142 0.273597
14.5932 14.8114 0.279884
14.3255 14.4728 0.284055
14.7597 14.6607 0.277648
14.7597 14.6607 0.277648
14.4227 14.765 0.287085
14.4227 14.765 0.287085
14.9946 14.6595 0.301092
14.4555 14.257 0.291858
14.4555 14.257 0.291858
14.5863 14.2244 0.306892
14.5863 14.2244 0.306892
14.3253 14.1657 0.265534
14.3835 14.5366 0.272817
14.5347 14.5132 0.276341
14.5347 14.5132 0.276341
14.5347 14.5132 0.276341
14.4269 14.7398 0.280964
14.8829 15.0118 0.274884
14.8905 14.3335 0.266072
14.8905 14.3335 0.266072
14.8905 14.3335 0.266072
14.3487 14.3298 0.289966
14.4097 15.1249 0.288511
14.4097 15.1249 0.288511
14.4658 14.4942 0.287845
14.4658 14.4942 0.287845
15.0763 15.0337 0.283594
14.8006 15.1428 0.296519
14.7849 14.5658 0.273135
14.7156 14.3366 0.293591
14.7156 14.3366 0.293591
14.9194 14.31 0.292639
14.9194 14.31 0.292639
14.7249 14.6209 0.277804
14.6405 14.3181 0.273249
14.3703 14.6942 0.27463
14.3703 14.6942 0.27463
14.829 15.0235 0.281189
14.4409 14.4635 0.284689
14.4284 14.7861 0.277348
14.5288 14.287 0.279297
14.5271 14.4916 0.28918
14.4397 15.2409 0.275441
13.8386 14.4578 0.270541
14.9383 14.6299 0.276701
14.7361 14.4871 0.295346
15.0662 14.238 0.283565
15.0662 14.238 0.283565
15.0662 14.238 0.283565
14.4048 14.7666 0.274904
14.6346 14.6137 0.270901
14.5453 14.1137 0.297306
14.9992 14.7504 0.303003
14.6526 14.4672 0.291321
14.6635 14.6945 0.297816
14.4693 14.7329 0.296028
14.855 14.8175 0.278651
14.6126 14.4769 0.279862
14.7084 14.7848 0.286783
14.7084 14.7848 0.286783
14.7043 14.7915 0.28448
14.3864 14.7557 0.280363
14.3864 14.7557 0.280363
15.0507 14.15 0.302694
15.0507 14.15 0.302694
14.8976 14.8961 0.286886
14.5568 14.6542 0.279909
14.5568 14.6542 0.279909
14.3844 14.2952 0.291583
14.3844 14.2952 0.291583
14.3844 14.2952 0.291583
14.3844 14.2952 0.291583
14.3844 14.2952 0.291583
14.3683 14.4876 0.283666
14.5443 14.226 0.272927
14.5443 14.226 0.272927
14.5798 15.1447 0.284154
14.6526 14.3412 0.301563
14.6944 14.6222 0.282745
14.3182 14.6007 0.284868
15.0538 15.3062 0.281383
14.2606 14.6201 0.286236
14.2606 14.6201 0.286236
14.5623 14.6538 0.291559
13.9795 14.4123 0.267837
14.9926 14.6979 0.280929
14.7827 14.7934 0.265189
14.7827 14.7934 0.265189
14.7727 13.7754 0.276559
14.4576 14.4909 0.303487
14.3625 14.7181 0.293481
14.4189 14.9357 0.291763
14.7242 14.1282 0.294505
14.7242 14.1282 0.294505
14.7242 14.1282 0.294505
15.335 14.3965 0.282361
15.335 14.3965 0.282361
14.5818 14.1994 0.288885
14.7292 14.8371 0.268228
14.7292 14.8371 0.268228
14.3261 14.9904 0.287793
14.3261 14.9904 0.287793
15.1934 14.7317 0.284908
14.4163 14.3976 0.28667
14.4522 15.0926 0.28086
14.6887 14.6255 0.290713
14.3973 14.6407 0.289953
14.9219 14.334 0.284501
14.8247 14.7432 0.28944
14.2335 13.8585 0.285846
14.8337 14.7704 0.287884
14.5054 14.3513 0.278525
14.5054 14.3513 0.278525
14.5054 14.3513 0.278525
14.5831 14.8946 0.270287
14.4384 14.6688 0.287385
14.5703 14.7352 0.287908
14.5646 14.709 0.297283
14.5646 14.709 0.297283
14.406 14.879 0.294856
14.8996 14.7612 0.281251
14.8968 14.5776 0.290189
14.8656 14.9034 0.285605
14.6569 15.1796 0.289851
14.2255 14.258 0.282905
14.7637 14.7015 0.275682
14.7637 14.7015 0.275682
14.3154 14.8327 0.290283
14.4502 15.0752 0.283843
15.1041 14.6458 0.295732
15.1041 14.6458 0.295732
14.7474 14.8205 0.264269
14.4765 15.0929 0.282377
14.4765 15.0929 0.282377
14.4765 15.0929 0.282377
13.9771 14.5445 0.277963
14.5249 15.0287 0.288157
14.5249 15.0287 0.288157
14.5249 15.0287 0.288157
14.863 14.2097 0.275474
14.7126 14.2889 0.272834
14.5191 14.4089 0.265345
14.8433 15.1088 0.281382
14.8433 15.1088 0.281382
14.8606 14.3538 0.287661
14.4651 14.5636 0.270139
14.8089 14.7355 0.265596
14.9842 14.4248 0.299126
14.9842 14.4248 0.299126
14.6967 14.417 0.29811
14.4864 14.6715 0.28652
14.4864 14.6715 0.28652
14.6556 14.942 0.278417
14.6556 14.942 0.278417
14.6556 14.942 0.278417
14.6556 14.942 0.278417
14.2705 14.8048 0.288283
14.8401 14.8624 0.287028
14.9176 13.9665 0.282297
14.4458 15.5948 0.286558
14.4086 14.4283 0.276575
14.4086 14.4283 0.276575
14.8351 14.4429 0.280397
14.6317 14.9175 0.289848
14.7443 14.7248 0.291999
14.1821 14.8806 0.278173
14.1821 14.8806 0.278173
14.4703 14.4215 0.284792
15.0262 14.2317 0.297374
14.577 15.0425 0.26992
14.9442 15.0575 0.284392
14.3272 15.0475 0.267531
14.418 15.1431 0.27891
14.5379 13.867 0.300087
14.8443 14.6522 0.269699
14.6827 14.8212 0.282571
14.806 14.3252 0.283281
14.8864 14.7059 0.28488
14.747 15.0986 0.285392
14.747 15.0986 0.285392
14.4126 14.522 0.270998
14.3525 14.8153 0.285818
14.3525 14.8153 0.285818
14.7705 14.5301 0.28082
14.2379 15.025 0.292111
14.53 14.4512 0.282951
14.6103 15.1501 0.277775
15.1624 14.6829 0.26439
14.4894 15.3194 0.294322
14.4894 15.3194 0.294322
14.9134 14.2896 0.268812
14.9134 14.2896 0.268812
14.5477 14.5049 0.272772
14.7431 14.0495 0.299378
14.7164 14.7355 0.282231
14.0944 14.1628 0.279953
14.0944 14.1628 0.279953
14.3913 15.1199 0.2749
14.9443 14.5794 0.271207
14.4185 14.8046 0.278152
14.4827 14.3573 0.289893
14.5187 14.1753 0.284963
14.5187 14.1753 0.284963
14.306 15.1909 0.274317
14.5429 14.7565 0.268552
14.475 14.7789 0.2744
14.475 14.7789 0.2744
14.7384 14.4343 0.289208
14.0671 14.5959 0.275125
14.0671 14.5959 0.275125
14.0671 14.5959 0.275125
14.0671 14.5959 0.275125
14.4984 14.4741 0.298363
14.8267 14.6348 0.274308
14.8267 14.6348 0.274308
14.5629 14.8817 0.272507
14.5982 15.0107 0.287491
14.5982 15.0107 0.287491
14.5982 15.0107 0.287491
14.6419 14.8054 0.276704
14.5407 14.5771 0.265189
14.5407 14.5771 0.265189
14.365 15.0212 0.295868
14.4098 14.6626 0.290962
14.7628 14.038 0.278862
14.7628 14.038 0.278862
14.7628 14.038 0.278862
15.3239 14.8982 0.265113
14.2331 14.2532 0.294674
14.2331 14.2532 0.294674
14.4888 14.5548 0.286959
14.6541 14.5372 0.275289
14.6541 14.5372 0.275289
14.884 14.7501 0.279452
14.8945 14.9075 0.264992
14.446 14.301 0.282354
14.6874 14.7075 0.287716
14.6874 14.7075 0.287716
14.2308 14.5092 0.283679
14.4413 14.4892 0.294489
14.4413 14.4892 0.294489
14.7522 14.995 0.283851
14.7522 14.995 0.283851
14.7293 13.9874 0.277983
14.7361 14.4906 0.272186
14.121 14.813 0.294404
14.0843 14.2585 0.279352
14.5105 14.3538 0.286726
15.1738 14.4989 0.281018
14.3903 14.7273 0.281375
14.632 14.7904 0.272704
14.6706 14.7826 0.286914
14.4114 14.5319 0.290942
14.8858 14.3006 0.284489
14.5491 14.794 0.287387
14.6982 14.5288 0.29271
14.6982 14.5288 0.29271
14.7314 14.4069 0.285109
14.4857 14.9479 0.267489
14.2109 14.8081 0.273318
14.9811 14.5334 0.293289
14.9778 14.1723 0.291133
14.9778 14.1723 0.291133
14.7732 14.6482 0.283105
14.534 14.7921 0.295672
14.534 14.7921 0.295672
14.8544 14.9634 0.284048
14.8544 14.9634 0.284048
14.5182 14.325 0.278577
14.5182 14.325 0.278577
14.5661 14.8459 0.281802
14.8066 14.4616 0.289483
14.7718 14.5198 0.285134
14.9305 14.2797 0.273411
14.1546 15.3065 0.28929
14.1546 15.3065 0.28929
14.4859 14.4769 0.282608
14.8205 14.4779 0.285306
14.8205 14.4779 0.285306
14.8205 14.4779 0.285306
14.4486 14.4306 0.275891
14.3463 14.5125 0.287879
14.3463 14.5125 0.287879
14.4061 14.9442 0.277152
14.4061 14.9442 0.277152
14.4061 14.9442 0.277152
14.9885 14.5426 0.270043
14.9885 14.5426 0.270043
14.4535 14.6131 0.290142
14.7599 14.9652 0.28745
14.5936 14.4006 0.282765
14.1053 14.6743 0.298262
14.2748 14.5822 0.274044
13.8784 14.107 0.265076
14.8622 14.7828 0.276525
14.8622 14.7828 0.276525
14.4826 14.3147 0.300663
14.4826 14.3147 0.300663
14.6835 14.7328 0.295521
14.6835 14.7328 0.295521
14.5579 14.5771 0.2914
14.5579 14.5771 0.2914
14.5694 15.0676 0.280425
14.3154 14.5772 0.279684
14.3654 14.3748 0.298463
14.5106 14.4378 0.283222
14.9646 14.3571 0.291643
14.9646 14.3571 0.291643
14.6746 14.8284 0.267826
14.5754 14.6348 0.294028
14.5754 14.6348 0.294028
14.6204 14.2024 0.296008
14.5362 14.5925 0.288688
14.3718 14.5818 0.27999
14.3718 14.5818 0.27999
14.1837 14.3664 0.292071
14.4756 15.1825 0.292236
14.9952 14.3489 0.279824
14.9952 14.3489 0.279824
14.1926 14.8968 0.292254
14.5285 14.7703 0.287037
15.1776 14.6563 0.292997
14.338 15.0001 0.284017
14.7991 14.1286 0.291651
14.7991 14.1286 0.291651
14.7991 14.1286 0.291651
14.2442 14.3524 0.300503
14.5938 14.5409 0.277309
14.3285 14.9128 0.290852
14.8434 14.4966 0.28835
14.7893 14.7196 0.285709
14.6134 14.6203 0.281088
14.4655 14.9984 0.293756
14.6345 14.8484 0.281203
14.6814 14.4006 0.268875
14.2205 14.3334 0.280223
14.1595 15.027 0.271147
14.8889 14.806 0.287123
14.3762 14.5771 0.279262
14.6649 14.1623 0.275263
9.71195 10.0844 0.319848
9.71195 10.0844 0.319848
9.54156 9.08921 0.320582
9.54156 9.08921 0.320582
9.54156 9.08921 0.320582
9.54156 9.08921 0.320582
9.88874 8.90235 0.329602
9.88874 8.90235 0.329602
9.88874 8.90235 0.329602
9.31809 9.59174 0.314184
9.31809 9.59174 0.314184
9.31809 9.59174 0.314184
9.32086 9.55993 0.321977
9.53837 9.2826 0.318956
9.53837 9.2826 0.318956
9.7789 9.03763 0.325447
9.7789 9.03763 0.325447
9.49977 9.22413 0.325222
9.49977 9.22413 0.325222
9.49977 9.22413 0.325222
9.49977 9.22413 0.325222
9.45283 9.22993 0.338642
9.45283 9.22993 0.338642
9.45283 9.22993 0.338642
9.45283 9.22993 0.338642
9.03669 9.68205 0.32364
9.03669 9.68205 0.32364
9.03669 9.68205 0.32364
9.78194 9.03024 0.315943
9.36789 9.05302 0.315061
9.55507 9.6036 0.292664
9.55507 9.6036 0.292664
9.55507 9.6036 0.292664
9.73557 9.83603 0.330285
9.73557 9.83603 0.330285
9.73557 9.83603 0.330285
9.73557 9.83603 0.330285
9.73557 9.83603 0.330285
9.20265 9.81235 0.302956
9.20265 9.81235 0.302956
9.20265 9.81235 0.302956
9.20265 9.81235 0.302956
9.20265 9.81235 0.302956
9.37545 9.44548 0.314343
9.37545 9.44548 0.314343
9.37545 9.44548 0.314343
9.37545 9.44548 0.314343
9.31624 9.66764 0.32996
9.31624 9.66764 0.32996
9.31624 9.66764 0.32996
9.31624 9.66764 0.32996
9.31624 9.66764 0.32996
9.77989 9.54587 0.334127
9.92317 9.40881 0.32494
9.92317 9.40881 0.32494
9.92317 9.40881 0.32494
9.92317 9.40881 0.32494
9.92317 9.40881 0.32494
9.92317 9.40881 0.32494
9.92317 9.40881 0.32494
9.37818 10.0417 0.314059
9.62618 9.7499 0.310076
9.382 9.56863 0.325928
9.382 9.56863 0.325928
9.382 9.56863 0.325928
9.382 9.56863 0.325928
9.382 9.56863 0.325928
9.77331 9.47124 0.304546
9.77331 9.47124 0.304546
9.60288 9.42545 0.277134
9.52852 9.54918 0.314736
9.52852 9.54918 0.314736
9.52852 9.54918 0.314736
9.31014 9.20676 0.320794
9.31014 9.20676 0.320794
9.31014 9.20676 0.320794
9.31014 9.20676 0.320794
9.61623 9.269 0.315864
9.61623 9.269 0.315864
10.385 9.31222 0.318939
10.385 9.31222 0.318939
9.52954 9.89003 0.319627
9.52954 9.89003 0.319627
9.52954 9.89003 0.319627
9.68804 9.87517 0.320136
9.68804 9.87517 0.320136
9.68804 9.87517 0.320136
9.68804 9.87517 0.320136
9.78193 9.69693 0.325215
9.78193 9.69693 0.325215
9.78193 9.69693 0.325215
9.78193 9.69693 0.325215
9.78193 9.69693 0.325215
9.44921 9.52489 0.328551
9.44921 9.52489 0.328551
8.97999 9.69566 0.324185
9.55208 9.48966 0.327927
9.55208 9.48966 0.327927
9.55208 9.48966 0.327927
9.74217 9.36524 0.32083
10.1597 10.0825 0.325076
9.10548 10.0916 0.30855
9.10548 10.0916 0.30855
9.10548 10.0916 0.30855
9.10548 10.0916 0.30855
9.10548 10.0916 0.30855
10.0024 9.80058 0.318355
10.0024 9.80058 0.318355
10.0024 9.80058 0.318355
9.71942 9.48522 0.317716
9.35154 9.47167 0.325683
9.35154 9.47167 0.325683
9.35154 9.47167 0.325683
9.35154 9.47167 0.325683
9.35154 9.47167 0.325683
9.35154 9.47167 0.325683
9.35772 9.62729 0.31942
9.35772 9.62729 0.31942
9.35772 9.62729 0.31942
9.35772 9.62729 0.31942
9.35772 9.62729 0.31942
9.35772 9.62729 0.31942
9.66227 9.08846 0.329973
9.66227 9.08846 0.329973
9.66227 9.08846 0.329973
9.66227 9.08846 0.329973
9.66227 9.08846 0.329973
9.66227 9.08846 0.329973
9.66227 9.08846 0.329973
9.66227 9.08846 0.329973
9.66227 9.08846 0.329973
9.66227 9.08846 0.329973
9.66227 9.08846 0.329973
9.6911 9.63217 0.326297
9.6911 9.63217 0.326297
9.6911 9.63217 0.326297
9.6911 9.63217 0.326297
9.6911 9.63217 0.326297
9.6911 9.63217 0.326297
9.6911 9.63217 0.326297
9.6911 9.63217 0.326297
9.6911 9.63217 0.326297
9.6911 9.63217 0.326297
9.6911 9.63217 0.326297
9.80174 9.28169 0.321733
9.90484 9.53512 0.313673
9.90484 9.53512 0.313673
8.96159 9.27278 0.316084
9.91871 9.51941 0.330093
9.91871 9.51941 0.330093
9.91871 9.51941 0.330093
9.91871 9.51941 0.330093
9.56675 9.17252 0.313531
9.83514 9.35993 0.325004
9.83514 9.35993 0.325004
9.4754 9.56526 0.287303
9.4754 9.56526 0.287303
9.4754 9.56526 0.287303
9.4754 9.56526 0.287303
9.4754 9.56526 0.287303
9.4754 9.56526 0.287303
9.4754 9.56526 0.287303
9.4754 9.56526 0.287303
9.30025 9.476 0.319338
9.30025 9.476 0.319338
9.30025 9.476 0.319338
9.80547 9.13177 0.332261
9.80547 9.13177 0.332261
9.37606 9.47262 0.328433
9.37606 9.47262 0.328433
9.37606 9.47262 0.328433
9.37606 9.47262 0.328433
9.37606 9.47262 0.328433
9.37606 9.47262 0.328433
9.68159 9.56389 0.319698
9.68159 9.56389 0.319698
9.68159 9.56389 0.319698
9.68159 9.56389 0.319698
9.68159 9.56389 0.319698
6.69132 6.13475 -0.000878542
6.91345 5.90338 0.0057686
6.91345 5.90338 0.0057686
6.91345 5.90338 0.0057686
6.91345 5.90338 0.0057686
6.21619 6.44309 -0.00627157
6.21619 6.44309 -0.00627157
6.21619 6.44309 -0.00627157
6.21619 6.44309 -0.00627157
6.21619 6.44309 -0.00627157
6.21619 6.44309 -0.00627157
6.21619 6.44309 -0.00627157
6.91797 7.02514 0.295585
5.96023 7.24634 0.301792
5.96023 7.24634 0.301792
5.96023 7.24634 0.301792
5.96023 7.24634 0.301792
6.30987 6.54377 0.30035
6.30987 6.54377 0.30035
7.09718 6.54737 0.305145
7.09718 6.54737 0.305145
6.63371 6.70128 0.309699
6.63371 6.70128 0.309699
6.63371 6.70128 0.309699
6.63371 6.70128 0.309699
6.63371 6.70128 0.309699
6.63371 6.70128 0.309699
6.63371 6.70128 0.309699
6.65213 6.79345 0.291918
6.65213 6.79345 0.291918
6.65213 6.79345 0.291918
6.65213 6.79345 0.291918
6.65213 6.79345 0.291918
6.29822 6.68167 0.315896
6.29822 6.68167 0.315896
6.29822 6.68167 0.315896
6.88527 6.8217 0.315813
6.7349 7.07711 0.307155
6.7349 7.07711 0.307155
6.7349 7.07711 0.307155
6.7349 7.07711 0.307155
6.1625 6.47112 0.291666
6.1625 6.47112 0.291666
6.1625 6.47112 0.291666
6.1625 6.47112 0.291666
6.1625 6.47112 0.291666
6.1625 6.47112 0.291666
6.1625 6.47112 0.291666
6.86381 6.68863 0.286111
6.86381 6.68863 0.286111
6.86381 6.68863 0.286111
6.92529 6.79438 0.289347
6.53646 6.57196 0.302897
8.69096 8.23727 0.339204
8.69096 8.23727 0.339204
8.69096 8.23727 0.339204
8.94649 9.18184 0.325513
8.94649 9.18184 0.325513
8.66525 8.42995 0.308944
8.93142 8.19085 0.332965
8.93142 8.19085 0.332965
8.93142 8.19085 0.332965
8.93142 8.19085 0.332965
8.33511 8.67262 0.333583
8.33511 8.67262 0.333583
8.46749 9.27319 0.321673
8.46749 9.27319 0.321673
8.46749 9.27319 0.321673
8.46749 9.27319 0.321673
8.46749 9.27319 0.321673
8.46749 9.27319 0.321673
8.46749 9.27319 0.321673
8.46749 9.27319 0.321673
8.46749 9.27319 0.321673
8.90495 9.20218 0.329868
8.90495 9.20218 0.329868
8.90495 9.20218 0.329868
8.90495 9.20218 0.329868
8.49428 9.53577 0.310397
8.75643 8.76425 0.301885
8.75643 8.76425 0.301885
8.75643 8.76425 0.301885
8.76795 8.87025 0.339266
8.76795 8.87025 0.339266
8.76795 8.87025 0.339266
8.76795 8.87025 0.339266
8.76795 8.87025 0.339266
8.76795 8.87025 0.339266
9.06804 9.01448 0.330748
9.06804 9.01448 0.330748
8.91054 8.6465 0.310766
8.91054 8.6465 0.310766
8.6064 8.61729 0.31369
9.08714 7.96896 0.320458
9.08714 7.96896 0.320458
9.08714 7.96896 0.320458
9.08714 7.96896 0.320458
9.08714 7.96896 0.320458
9.08714 7.96896 0.320458
9.08714 7.96896 0.320458
6.08418 6.15062 0.331747
6.08418 6.15062 0.331747
6.08418 6.15062 0.331747
6.08418 6.15062 0.331747
6.08418 6.15062 0.331747
6.08418 6.15062 0.331747
6.08418 6.15062 0.331747
6.08418 6.15062 0.331747
6.08418 6.15062 0.331747
6.29548 6.35448 0.308294
6.29548 6.35448 0.308294
6.29548 6.35448 0.308294
6.29548 6.35448 0.308294
6.29548 6.35448 0.308294
6.29548 6.35448 0.308294
6.41839 6.21889 0.303863
6.41839 6.21889 0.303863
6.41839 6.21889 0.303863
6.41839 6.21889 0.303863
8.19644 8.02411 0.320771
8.19644 8.02411 0.320771
8.39641 8.14626 0.316533
8.39641 8.14626 0.316533
8.31536 8.112 0.317496
8.31536 8.112 0.317496
8.55605 7.92485 0.301099
8.42523 8.05922 0.311855
7.82579 8.28468 0.309535
7.82579 8.28468 0.309535
7.82579 8.28468 0.309535
8.31141 8.05664 0.3134
8.31141 8.05664 0.3134
8.31141 8.05664 0.3134
8.31141 8.05664 0.3134
8.31141 8.05664 0.3134
8.31141 8.05664 0.3134
8.18701 8.36382 0.310383
8.98268 8.61719 0.31384
8.98268 8.61719 0.31384
8.98268 8.61719 0.31384
8.98268 8.61719 0.31384
8.98268 8.61719 0.31384
8.16107 8.43018 0.322779
8.16107 8.43018 0.322779
8.3476 8.36312 0.308599
7.95312 8.13454 0.316918
7.95312 8.13454 0.316918
7.95312 8.13454 0.316918
7.95312 8.13454 0.316918
7.95312 8.13454 0.316918
7.95312 8.13454 0.316918
7.95312 8.13454 0.316918
7.95312 8.13454 0.316918
7.95312 8.13454 0.316918
7.95312 8.13454 0.316918
7.95312 8.13454 0.316918
7.95312 8.13454 0.316918
7.95312 8.13454 0.316918
8.28214 7.71412 0.319996
8.28214 7.71412 0.319996
8.28214 7.71412 0.319996
8.28214 7.71412 0.319996
8.28214 7.71412 0.319996
7.77285 8.27859 0.31366
7.77285 8.27859 0.31366
7.77285 8.27859 0.31366
8.0991 8.4908 0.322776
8.0991 8.4908 0.322776
8.0991 8.4908 0.322776
7.87803 7.95832 0.333189
7.87803 7.95832 0.333189
7.87803 7.95832 0.333189
7.87803 7.95832 0.333189
7.87803 7.95832 0.333189
7.87803 7.95832 0.333189
7.87803 7.95832 0.333189
8.13167 8.55356 0.335111
8.13167 8.55356 0.335111
8.16057 8.16164 0.320566
8.16057 8.16164 0.320566
8.16057 8.16164 0.320566
7.85706 8.25159 0.312711
7.85706 8.25159 0.312711
7.85706 8.25159 0.312711
7.85706 8.25159 0.312711
7.85706 8.25159 0.312711
7.85706 8.25159 0.312711
7.85706 8.25159 0.312711
7.85706 8.25159 0.312711
7.66294 8.46493 0.301748
7.66294 8.46493 0.301748
7.66294 8.46493 0.301748
7.66294 8.46493 0.301748
7.66294 8.46493 0.301748
7.66294 8.46493 0.301748
7.66294 8.46493 0.301748
7.66294 8.46493 0.301748
7.88102 7.92588 0.325124
7.88102 7.92588 0.325124
7.88102 7.92588 0.325124
7.12493 7.91331 0.311114
7.12493 7.91331 0.311114
7.12493 7.91331 0.311114
7.12493 7.91331 0.311114
7.12493 7.91331 0.311114
7.12493 7.91331 0.311114
7.27431 8.0626 0.318004
7.7698 7.43687 0.344969
8.33127 7.50235 0.335102
8.33127 7.50235 0.335102
8.33127 7.50235 0.335102
8.33127 7.50235 0.335102
8.33127 7.50235 0.335102
8.33127 7.50235 0.335102
8.33127 7.50235 0.335102
8.33127 7.50235 0.335102
8.33127 7.50235 0.335102
8.33127 7.50235 0.335102
8.33127 7.50235 0.335102
8.33127 7.50235 0.335102
8.33127 7.50235 0.335102
8.33127 7.50235 0.335102
7.91409 8.01297 0.327957
7.91409 8.01297 0.327957
7.91409 8.01297 0.327957
7.91409 8.01297 0.327957
7.91409 8.01297 0.327957
7.91409 8.01297 0.327957
7.91409 8.01297 0.327957
7.91409 8.01297 0.327957
7.45289 7.50383 0.33104
7.70203 7.8936 0.333372
7.88541 7.29813 0.333713
7.88541 7.29813 0.333713
7.88541 7.29813 0.333713
7.88541 7.29813 0.333713
8.92221 8.96853 0.325369
8.92221 8.96853 0.325369
8.42589 8.8106 0.309605
8.42589 8.8106 0.309605
8.42589 8.8106 0.309605
8.42589 8.8106 0.309605
8.4823 8.37889 0.326317
8.4823 8.37889 0.326317
8.4823 8.37889 0.326317
9.10646 9.0476 0.309926
9.10646 9.0476 0.309926
9.10646 9.0476 0.309926
9.10646 9.0476 0.309926
8.81073 8.6639 0.336061
8.81073 8.6639 0.336061
8.81073 8.6639 0.336061
8.87641 8.74683 0.299769
8.41701 8.22292 0.318467
8.41701 8.22292 0.318467
8.41701 8.22292 0.318467
8.41701 8.22292 0.318467
8.5503 8.7792 0.318672
8.73713 8.59886 0.324013
8.73713 8.59886 0.324013
8.73713 8.59886 0.324013
8.73713 8.59886 0.324013
8.73713 8.59886 0.324013
8.73713 8.59886 0.324013
8.86229 8.84644 0.323606
8.86229 8.84644 0.323606
8.86229 8.84644 0.323606
8.86229 8.84644 0.323606
8.28531 8.56472 0.316655
8.28531 8.56472 0.316655
8.28531 8.56472 0.316655
8.28531 8.56472 0.316655
8.28531 8.56472 0.316655
8.28531 8.56472 0.316655
8.28531 8.56472 0.316655
8.28531 8.56472 0.316655
8.28531 8.56472 0.316655
8.28531 8.56472 0.316655
8.28531 8.56472 0.316655
8.28531 8.56472 0.316655
8.28531 8.56472 0.316655
8.28531 8.56472 0.316655
8.82466 8.8948 0.309513
8.82466 8.8948 0.309513
8.82466 8.8948 0.309513
8.46034 8.80314 0.303808
8.46034 8.80314 0.303808
8.73291 8.51022 0.315772
9.51475 8.92298 0.334254
9.51475 8.92298 0.334254
9.51475 8.92298 0.334254
9.00035 9.21558 0.326668
9.00035 9.21558 0.326668
9.00035 9.21558 0.326668
9.00035 9.21558 0.326668
9.00035 9.21558 0.326668
9.00035 9.21558 0.326668
9.00035 9.21558 0.326668
9.70795 9.4622 0.311434
9.70795 9.4622 0.311434
