36.6415 37.1175 0.189836
6.26867 7.09974 0.304316
28.1929 28.1155 0.230044
26.1693 26.5756 0.238898
35.6843 35.4515 0.194278
16.5589 16.1939 0.25512
13.2839 13.3401 0.290723
37.2261 37.563 0.208291
32.0726 31.5235 0.190663
26.1693 26.5756 0.238898
13.6923 13.3428 0.288881
10.1509 9.62505 0.317959
7.7201 7.56812 0.329119
14.6529 14.6041 0.283581
28.4315 28.3881 0.227632
7.28648 7.68299 0.328781
11.2885 11.4187 0.317347
11.3528 11.3776 0.301853
26.1813 26.1325 0.242214
26.7899 26.264 0.245045
18.8795 19.3555 0.261025
9.75382 8.97282 0.30782
18.2397 18.5048 0.2826
33.1092 32.4712 0.21322
15.831 16.2275 0.283055
26.7857 26.9883 0.219243
38.1634 38.1303 0.179888
26.1582 26.495 0.24146
37.1055 37.2413 0.20866
29.5055 28.8675 0.231992
6.26867 7.09974 0.304316
22.3479 22.4181 0.262509
35.338 35.6025 0.199625
10.1126 10.2139 0.294161
24.5492 24.3814 0.235597
15.8888 15.7885 0.324489
10.4728 10.266 0.299113
27.1544 27.6444 0.232376
10.8235 10.8798 0.310114
23.7188 23.3032 0.246732
27.8771 27.9785 0.21889
9.5903 10.0193 0.311043
29.1831 29.2013 0.224147
10.3423 9.90214 0.291107
37.0092 37.4958 0.19998
10.4728 10.266 0.299113
10.7409 10.57 0.300085
35.4324 36.0874 0.210623
15.4497 15.3771 0.290848
10.7197 10.6194 0.333591
14.854 15.341 0.276469
14.6529 14.6041 0.283581
13.2839 13.3401 0.290723
16.0716 15.1602 0.320489
10.7197 10.6194 0.333591
28.0163 28.0046 0.223614
34.1223 34.3631 0.198911
15.8888 15.7885 0.324489
9.58977 9.43365 0.291005
24.9557 25.0914 0.247399
12.8201 13.2115 0.301444
14.9372 15.478 0.295899
27.1544 27.6444 0.232376
27.254 27.683 0.217443
34.6052 34.2807 0.195461
26.4694 26.3968 0.239085
14.0084 14.2219 0.274043
10.7993 10.8174 0.300323
19.4936 19.7588 0.280178
16.5589 16.1939 0.25512
33.3591 33.2865 0.199768
10.3423 9.90214 0.291107
10.6001 10.8645 0.309277
32.0726 31.5235 0.190663
27.641 28.0375 0.242506
37.5176 37.1526 0.191345
31.9179 31.8959 0.191465
10.5339 11.1495 0.291346
15.8208 16.3301 0.271449
36.9289 37.6913 0.211457
24.9357 24.9884 0.245234
28.7092 28.1833 0.235103
14.9555 14.2265 0.292377
26.5862 26.4153 0.234756
11.9919 12.8229 0.308825
7.77147 7.61535 0.299868
14.6529 14.6041 0.283581
6.41059 6.44927 0.336636
38.1552 38.1823 0.190705
29.5055 28.8675 0.231992
34.6387 35.1147 0.188994
18.298 17.9685 0.298419
25.0807 24.9126 0.253234
14.0084 14.2219 0.274043
18.298 17.9685 0.298419
26.1693 26.5756 0.238898
10.5339 11.1495 0.291346
22.3479 22.4181 0.262509
10.5339 11.1495 0.291346
16.2032 15.9965 0.292768
36.6559 36.9583 0.201469
36.6559 36.9583 0.201469
36.3622 36.7172 0.204919
36.3622 36.7172 0.204919
36.3622 36.7172 0.204919
36.6348 36.6619 0.193308
36.5744 36.2776 0.183529
36.465 37.2274 0.194998
37.182 36.1584 0.191791
37.182 36.1584 0.191791
37.182 36.1584 0.191791
36.3258 36.7223 0.20282
36.716 36.4262 0.200871
36.7853 36.7365 0.192586
36.7622 37.099 0.191832
37.0872 36.8917 0.206687
37.0537 36.6887 0.174886
37.3579 36.72 0.193837
37.3579 36.72 0.193837
36.9892 35.8995 0.206863
36.9892 35.8995 0.206863
36.9892 35.8995 0.206863
36.3841 36.9249 0.198322
36.3841 36.9249 0.198322
36.3841 36.9249 0.198322
36.5452 37.0318 0.183521
37.1158 36.9207 0.200385
37.1158 36.9207 0.200385
37.1158 36.9207 0.200385
37.1158 36.9207 0.200385
36.2599 37.0256 0.206633
36.2599 37.0256 0.206633
36.8038 36.7121 0.200593
36.8038 36.7121 0.200593
36.8038 36.7121 0.200593
36.1707 36.4444 0.201414
36.1707 36.4444 0.201414
37.3682 36.6065 0.18268
37.3682 36.6065 0.18268
36.7102 37.1164 0.209114
36.7102 37.1164 0.209114
36.7102 37.1164 0.209114
36.8306 36.8776 0.193492
37.1902 37.0193 0.185128
36.5619 36.6633 0.179204
36.5619 36.6633 0.179204
36.6077 36.5074 0.215877
36.2144 37.0062 0.193302
36.608 36.2835 0.196303
36.608 36.2835 0.196303
36.5301 37.0007 0.198391
36.5301 37.0007 0.198391
36.9834 37.0015 0.192218
36.3649 36.5675 0.190302
36.8777 36.8002 0.190358
36.8777 36.8002 0.190358
36.8777 36.8002 0.190358
36.7115 36.7678 0.192401
36.7115 36.7678 0.192401
36.9968 36.2158 0.185278
36.9968 36.2158 0.185278
36.9962 37.0663 0.191589
36.2832 36.6746 0.199157
36.2533 36.5688 0.194854
36.2533 36.5688 0.194854
36.2533 36.5688 0.194854
36.2533 36.5688 0.194854
36.8819 36.972 0.178482
36.8819 36.972 0.178482
36.8819 36.972 0.178482
37.1368 36.7675 0.204626
37.1368 36.7675 0.204626
36.8343 36.6016 0.186217
36.703 36.2873 0.179322
36.9341 36.8139 0.196376
37.1163 37.0729 0.187946
37.1163 37.0729 0.187946
37.1163 37.0729 0.187946
37.1163 37.0729 0.187946
36.6416 36.7774 0.192201
36.7192 36.9844 0.194161
37.0719 37.5028 0.194121
36.7905 35.8791 0.211877
36.7905 35.8791 0.211877
36.718 37.3336 0.18324
36.718 37.3336 0.18324
36.718 37.3336 0.18324
36.8308 36.221 0.202993
36.8308 36.221 0.202993
36.8308 36.221 0.202993
36.8308 36.221 0.202993
6.31503 6.59463 0.310024
6.31503 6.59463 0.310024
6.31503 6.59463 0.310024
6.31503 6.59463 0.310024
6.31503 6.59463 0.310024
6.31503 6.59463 0.310024
6.31503 6.59463 0.310024
6.31503 6.59463 0.310024
6.31503 6.59463 0.310024
22.4465 22.0221 0.261407
22.4465 22.0221 0.261407
22.4465 22.0221 0.261407
22.4465 22.0221 0.261407
22.4465 22.0221 0.261407
22.0564 22.3822 0.270225
22.0564 22.3822 0.270225
21.5833 21.4993 0.268425
21.5833 21.4993 0.268425
21.5833 21.4993 0.268425
21.5833 21.4993 0.268425
21.5833 21.4993 0.268425
21.5833 21.4993 0.268425
21.5833 21.4993 0.268425
21.5833 21.4993 0.268425
21.6255 22.5483 0.247286
22.12 21.9672 0.261457
22.12 21.9672 0.261457
22.12 21.9672 0.261457
21.9698 21.9142 0.273107
21.9698 21.9142 0.273107
21.9698 21.9142 0.273107
22.1399 21.4345 0.252625
22.1399 21.4345 0.252625
22.305 22.252 0.259528
22.305 22.252 0.259528
22.305 22.252 0.259528
22.305 22.252 0.259528
22.305 22.252 0.259528
21.896 22.501 0.252394
21.896 22.501 0.252394
21.896 22.501 0.252394
21.896 22.501 0.252394
21.896 22.501 0.252394
21.896 22.501 0.252394
21.896 22.501 0.252394
22.3562 22.2179 0.244473
22.3562 22.2179 0.244473
22.3562 22.2179 0.244473
22.3562 22.2179 0.244473
22.3562 22.2179 0.244473
22.3562 22.2179 0.244473
22.3562 22.2179 0.244473
22.078 22.2272 0.262083
22.078 22.2272 0.262083
22.078 22.2272 0.262083
22.078 22.2272 0.262083
21.965 21.9371 0.27165
22.1817 22.1528 0.26504
22.1817 22.1528 0.26504
22.1817 22.1528 0.26504
22.1817 22.1528 0.26504
22.1817 22.1528 0.26504
22.1817 22.1528 0.26504
22.1817 22.1528 0.26504
22.1817 22.1528 0.26504
22.1817 22.1528 0.26504
22.1817 22.1528 0.26504
22.1817 22.1528 0.26504
22.1817 22.1528 0.26504
21.812 21.9149 0.249404
21.812 21.9149 0.249404
21.812 21.9149 0.249404
21.812 21.9149 0.249404
21.8256 22.0913 0.259869
21.8256 22.0913 0.259869
21.8256 22.0913 0.259869
9.91836 9.88372 0.316095
9.91836 9.88372 0.316095
9.91836 9.88372 0.316095
9.91836 9.88372 0.316095
9.91836 9.88372 0.316095
9.91836 9.88372 0.316095
9.91836 9.88372 0.316095
9.91836 9.88372 0.316095
9.91836 9.88372 0.316095
9.91836 9.88372 0.316095
9.91836 9.88372 0.316095
9.91836 9.88372 0.316095
9.91836 9.88372 0.316095
9.91836 9.88372 0.316095
9.91836 9.88372 0.316095
9.21213 9.20625 0.305173
9.21213 9.20625 0.305173
9.21213 9.20625 0.305173
9.21213 9.20625 0.305173
9.21213 9.20625 0.305173
9.21213 9.20625 0.305173
9.58976 9.41945 0.3157
9.58976 9.41945 0.3157
9.58976 9.41945 0.3157
9.58976 9.41945 0.3157
9.58976 9.41945 0.3157
9.58976 9.41945 0.3157
9.58976 9.41945 0.3157
9.23631 9.73426 0.293854
9.23631 9.73426 0.293854
9.23631 9.73426 0.293854
9.23631 9.73426 0.293854
9.07766 9.66637 0.322183
9.17938 9.56011 0.307222
9.17938 9.56011 0.307222
9.17938 9.56011 0.307222
9.17938 9.56011 0.307222
9.17938 9.56011 0.307222
9.17938 9.56011 0.307222
9.17938 9.56011 0.307222
9.17938 9.56011 0.307222
9.17938 9.56011 0.307222
9.17938 9.56011 0.307222
9.17938 9.56011 0.307222
9.17938 9.56011 0.307222
9.17938 9.56011 0.307222
9.17938 9.56011 0.307222
9.17938 9.56011 0.307222
9.17938 9.56011 0.307222
9.17938 9.56011 0.307222
9.17938 9.56011 0.307222
9.17938 9.56011 0.307222
9.17938 9.56011 0.307222
9.17938 9.56011 0.307222
8.56881 9.51497 0.281584
8.56881 9.51497 0.281584
8.56881 9.51497 0.281584
8.56881 9.51497 0.281584
8.56881 9.51497 0.281584
8.56881 9.51497 0.281584
9.54842 9.36438 0.320377
9.54842 9.36438 0.320377
9.54842 9.36438 0.320377
9.54842 9.36438 0.320377
9.54842 9.36438 0.320377
9.54842 9.36438 0.320377
9.54842 9.36438 0.320377
9.54842 9.36438 0.320377
9.54842 9.36438 0.320377
9.54842 9.36438 0.320377
9.70914 9.05744 0.314164
9.70914 9.05744 0.314164
9.70914 9.05744 0.314164
9.70914 9.05744 0.314164
9.70914 9.05744 0.314164
9.70914 9.05744 0.314164
14.7049 14.4783 0.271749
14.7049 14.4783 0.271749
14.7049 14.4783 0.271749
14.7049 14.4783 0.271749
14.7049 14.4783 0.271749
14.7049 14.4783 0.271749
14.7049 14.4783 0.271749
14.7049 14.4783 0.271749
14.7049 14.4783 0.271749
14.7049 14.4783 0.271749
14.7049 14.4783 0.271749
14.6891 14.3731 0.268201
14.6891 14.3731 0.268201
14.6891 14.3731 0.268201
14.6891 14.3731 0.268201
14.6891 14.3731 0.268201
14.6891 14.3731 0.268201
14.6891 14.3731 0.268201
14.6891 14.3731 0.268201
14.6891 14.3731 0.268201
14.6891 14.3731 0.268201
14.6891 14.3731 0.268201
14.6891 14.3731 0.268201
14.6891 14.3731 0.268201
14.6891 14.3731 0.268201
14.9113 14.9967 0.308387
14.9113 14.9967 0.308387
14.9113 14.9967 0.308387
14.9113 14.9967 0.308387
14.9113 14.9967 0.308387
14.9113 14.9967 0.308387
14.9113 14.9967 0.308387
14.9113 14.9967 0.308387
14.9113 14.9967 0.308387
14.9113 14.9967 0.308387
14.9113 14.9967 0.308387
14.9113 14.9967 0.308387
14.8146 14.4299 0.275622
14.8146 14.4299 0.275622
14.8146 14.4299 0.275622
14.8146 14.4299 0.275622
14.8146 14.4299 0.275622
14.8146 14.4299 0.275622
14.8146 14.4299 0.275622
14.8146 14.4299 0.275622
14.6938 14.8704 0.286165
14.6938 14.8704 0.286165
14.6938 14.8704 0.286165
14.6938 14.8704 0.286165
14.6938 14.8704 0.286165
14.6938 14.8704 0.286165
14.6938 14.8704 0.286165
14.6938 14.8704 0.286165
14.6938 14.8704 0.286165
14.6938 14.8704 0.286165
14.6938 14.8704 0.286165
14.6938 14.8704 0.286165
