26.4694 26.3968 0.239085
20.5414 20.3523 0.266493
22.2132 21.7731 0.255546
31.8416 31.5521 0.197039
52.346 52.0492 0.138486
56.8597 57.2146 0.148906
54.5364 54.5612 0.146934
53.7174 52.806 0.159456
19.4282 19.2573 0.256317
18.298 17.9685 0.298419
43.0915 43.3938 0.189887
36.701 36.6893 0.183929
16.2032 15.9965 0.292768
70.8556 70.8827 0.116148
58.5732 58.0721 0.146201
66.0035 66.2061 0.114062
22.2132 21.7731 0.255546
26.4694 26.3968 0.239085
15.2874 15.567 0.284193
46.012 46.7777 0.186294
54.6385 55.0447 0.165283
64.3159 64.5294 0.118038
65.5612 65.6513 0.0947563
19.4282 19.2573 0.256317
48.4769 48.8832 0.177095
36.8631 37.1039 0.180969
55.0017 54.929 0.145626
17.4042 17.8942 0.284772
30.6947 30.7218 0.218197
66.2463 66.146 0.139637
44.8058 45.071 0.16934
59.0965 59.2991 0.106202
48.5975 47.9877 0.170973
58.0478 58.5349 0.137448
30.6947 30.7218 0.218197
36.8631 37.1039 0.180969
30.6947 30.7218 0.218197
30.6947 30.7218 0.218197
46.703 46.1539 0.173539
14.0762 13.8435 0.277601
41.8668 41.699 0.176667
37.6007 37.2314 0.221086
26.4694 26.3968 0.239085
11.3528 11.3776 0.301853
30.6947 30.7218 0.218197
30.6947 30.7218 0.218197
14.854 15.341 0.276469
46.8057 46.4407 0.154547
46.703 46.1539 0.173539
9.22828 9.25309 0.302213
10.347 10.3249 0.309636
46.703 46.1539 0.173539
50.433 50.4857 0.166334
20.9975 20.802 0.281958
30.1396 30.0621 0.220823
58.5135 58.3454 0.156592
44.6577 44.5851 0.170055
15.8208 16.3301 0.271449
61.076 61.0941 0.122523
35.3149 36.0773 0.203059
58.3549 58.0304 0.15486
58.4028 58.7052 0.160026
37.2678 37.176 0.217052
6.41059 6.44927 0.336636
24.5492 24.3814 0.235597
17.4042 17.8942 0.284772
20.0885 20.5076 0.290812
46.703 46.1539 0.173539
17.4042 17.8942 0.284772
30.6947 30.7218 0.218197
38.0656 38.5522 0.180918
13.1717 13.1988 0.295595
33.9152 34.2175 0.219411
37.1069 37.0739 0.19895
10.3423 9.90214 0.291107
14.9555 14.2265 0.292377
6.41059 6.44927 0.336636
47.9736 48.4045 0.178382
26.1582 26.495 0.24146
57.1054 56.7809 0.14029
20.1555 20.2256 0.281121
63.3647 63.5276 0.144113
29.5281 30.3592 0.229349
26.4694 26.3968 0.239085
20.743 20.5869 0.243734
71.2042 71.2222 0.115058
61.813 61.4635 0.120454
58.5732 58.0721 0.146201
14.6298 14.9667 0.282827
16.5589 16.1939 0.25512
9.22828 9.25309 0.302213
26.4694 26.3968 0.239085
70.9551 71.2347 0.109456
9.75382 8.97282 0.30782
55.2546 55.8532 0.146988
59.805 59.7323 0.105357
14.0762 13.8435 0.277601
65.413 65.9029 0.119708
51.7232 51.7795 0.145452
58.0478 58.5349 0.137448
19.7722 19.9641 0.265837
6.82638 6.48565 0.291357
6.82638 6.48565 0.291357
6.82638 6.48565 0.291357
6.82638 6.48565 0.291357
6.82638 6.48565 0.291357
6.82638 6.48565 0.291357
7.27363 7.58436 0.331507
7.27363 7.58436 0.331507
7.27363 7.58436 0.331507
7.27363 7.58436 0.331507
7.27363 7.58436 0.331507
7.27363 7.58436 0.331507
7.27363 7.58436 0.331507
7.27363 7.58436 0.331507
7.27363 7.58436 0.331507
7.27363 7.58436 0.331507
7.27363 7.58436 0.331507
7.27363 7.58436 0.331507
8.18984 7.65382 0.32297
8.18984 7.65382 0.32297
8.18984 7.65382 0.32297
8.18984 7.65382 0.32297
8.18984 7.65382 0.32297
8.18984 7.65382 0.32297
8.18984 7.65382 0.32297
8.18984 7.65382 0.32297
8.18984 7.65382 0.32297
8.18984 7.65382 0.32297
8.18984 7.65382 0.32297
8.18984 7.65382 0.32297
8.18984 7.65382 0.32297
8.18984 7.65382 0.32297
8.18984 7.65382 0.32297
8.18984 7.65382 0.32297
8.18984 7.65382 0.32297
8.18984 7.65382 0.32297
8.18984 7.65382 0.32297
8.18984 7.65382 0.32297
8.18984 7.65382 0.32297
8.18984 7.65382 0.32297
8.18984 7.65382 0.32297
8.18984 7.65382 0.32297
8.18984 7.65382 0.32297
8.18984 7.65382 0.32297
8.18984 7.65382 0.32297
8.18984 7.65382 0.32297
8.18984 7.65382 0.32297
8.18984 7.65382 0.32297
8.18984 7.65382 0.32297
8.18984 7.65382 0.32297
8.18984 7.65382 0.32297
8.18984 7.65382 0.32297
8.18984 7.65382 0.32297
8.18984 7.65382 0.32297
8.18984 7.65382 0.32297
8.18984 7.65382 0.32297
8.18984 7.65382 0.32297
8.18984 7.65382 0.32297
8.18984 7.65382 0.32297
8.18984 7.65382 0.32297
8.18984 7.65382 0.32297
8.18984 7.65382 0.32297
8.18984 7.65382 0.32297
8.18984 7.65382 0.32297
8.18984 7.65382 0.32297
8.18984 7.65382 0.32297
8.18984 7.65382 0.32297
8.18984 7.65382 0.32297
7.83621 7.76513 0.334044
7.83621 7.76513 0.334044
7.83621 7.76513 0.334044
7.83621 7.76513 0.334044
7.83621 7.76513 0.334044
7.83621 7.76513 0.334044
7.83621 7.76513 0.334044
7.83621 7.76513 0.334044
7.83621 7.76513 0.334044
7.83621 7.76513 0.334044
7.83621 7.76513 0.334044
7.0895 7.61143 0.318308
7.0895 7.61143 0.318308
7.0895 7.61143 0.318308
7.0895 7.61143 0.318308
7.0895 7.61143 0.318308
7.0895 7.61143 0.318308
7.0895 7.61143 0.318308
7.0895 7.61143 0.318308
7.0895 7.61143 0.318308
7.51786 7.62799 0.321425
7.51786 7.62799 0.321425
7.51786 7.62799 0.321425
7.51786 7.62799 0.321425
7.51786 7.62799 0.321425
7.51786 7.62799 0.321425
7.51786 7.62799 0.321425
7.51786 7.62799 0.321425
7.51786 7.62799 0.321425
8.35434 7.53789 0.340096
8.35434 7.53789 0.340096
22.7704 22.9461 0.251198
22.7704 22.9461 0.251198
22.7704 22.9461 0.251198
22.7704 22.9461 0.251198
22.7704 22.9461 0.251198
10.4933 10.971 0.307805
10.4933 10.971 0.307805
10.4933 10.971 0.307805
10.4933 10.971 0.307805
10.4933 10.971 0.307805
10.4933 10.971 0.307805
10.4933 10.971 0.307805
10.4933 10.971 0.307805
10.4933 10.971 0.307805
10.4933 10.971 0.307805
10.4933 10.971 0.307805
10.4933 10.971 0.307805
10.4933 10.971 0.307805
10.4933 10.971 0.307805
10.4933 10.971 0.307805
10.4933 10.971 0.307805
10.4933 10.971 0.307805
10.4933 10.971 0.307805
10.4933 10.971 0.307805
10.4933 10.971 0.307805
10.4933 10.971 0.307805
11.1241 10.9257 0.315329
11.1241 10.9257 0.315329
11.1241 10.9257 0.315329
11.1241 10.9257 0.315329
11.1241 10.9257 0.315329
11.1241 10.9257 0.315329
11.1241 10.9257 0.315329
11.1241 10.9257 0.315329
11.1241 10.9257 0.315329
11.1241 10.9257 0.315329
11.1241 10.9257 0.315329
11.1241 10.9257 0.315329
11.1241 10.9257 0.315329
10.875 11.2918 0.28219
10.875 11.2918 0.28219
10.875 11.2918 0.28219
10.875 11.2918 0.28219
10.875 11.2918 0.28219
10.875 11.2918 0.28219
10.875 11.2918 0.28219
10.875 11.2918 0.28219
10.875 11.2918 0.28219
7.30296 7.73336 0.329273
7.30296 7.73336 0.329273
7.30296 7.73336 0.329273
7.30296 7.73336 0.329273
7.30296 7.73336 0.329273
7.30296 7.73336 0.329273
7.30296 7.73336 0.329273
7.30296 7.73336 0.329273
7.30296 7.73336 0.329273
7.30296 7.73336 0.329273
7.30296 7.73336 0.329273
7.30296 7.73336 0.329273
7.30296 7.73336 0.329273
7.30296 7.73336 0.329273
7.30296 7.73336 0.329273
7.30296 7.73336 0.329273
7.30296 7.73336 0.329273
7.30296 7.73336 0.329273
7.30296 7.73336 0.329273
7.30296 7.73336 0.329273
7.30296 7.73336 0.329273
7.46055 7.45275 0.316035
7.46055 7.45275 0.316035
7.46055 7.45275 0.316035
7.46055 7.45275 0.316035
7.46055 7.45275 0.316035
7.46055 7.45275 0.316035
7.46055 7.45275 0.316035
7.46055 7.45275 0.316035
7.46055 7.45275 0.316035
7.46055 7.45275 0.316035
7.46055 7.45275 0.316035
7.46055 7.45275 0.316035
7.46055 7.45275 0.316035
7.46055 7.45275 0.316035
13.3307 13.6802 0.312185
13.3307 13.6802 0.312185
13.3307 13.6802 0.312185
13.3307 13.6802 0.312185
13.3307 13.6802 0.312185
13.3307 13.6802 0.312185
13.3307 13.6802 0.312185
13.1281 13.3562 0.289483
13.1281 13.3562 0.289483
13.1281 13.3562 0.289483
13.1281 13.3562 0.289483
13.7924 14.1169 0.291067
13.7924 14.1169 0.291067
13.7924 14.1169 0.291067
13.7924 14.1169 0.291067
13.7924 14.1169 0.291067
13.7924 14.1169 0.291067
