23.8977 23.9878 0.245892
16.4344 16.8535 0.281515
40.2162 40.2864 0.171836
31.9523 31.9993 0.190278
20.8937 20.9118 0.267489
29.3601 29.9798 0.207581
14.9372 15.478 0.295899
16.3974 16.354 0.296558
11.3528 11.3776 0.301853
26.1582 26.495 0.24146
30.0577 29.3271 0.216039
27.641 28.0375 0.242506
25.4012 25.2057 0.261885
14.9555 14.2265 0.292377
36.8631 37.1039 0.180969
19.0045 19.2179 0.253847
45.2065 44.857 0.165738
20.743 20.5869 0.243734
31.9523 31.9993 0.190278
27.8771 27.9785 0.21889
24.0654 23.9651 0.270039
26.704 27.0953 0.228099
36.9289 37.6913 0.211457
27.1544 27.6444 0.232376
6.41059 6.44927 0.336636
16.2032 15.9965 0.292768
25.4012 25.2057 0.261885
30.6947 30.7218 0.218197
27.7889 27.0273 0.211622
10.1126 10.2139 0.294161
47.6196 48.2352 0.167501
22.4534 22.2854 0.27058
17.6598 16.5701 0.288201
6.41392 6.84292 0.31191
20.6769 20.5088 0.273307
36.9289 37.6913 0.211457
13.3332 13.3111 0.296966
11.8814 11.5121 0.315714
12.7976 13.2285 0.304061
16.0587 15.7292 0.318592
26.4588 26.3875 0.24176
46.6097 46.4029 0.158061
18.8795 19.3555 0.261025
30.0882 29.5871 0.21811
18.298 17.9685 0.298419
6.41059 6.44927 0.336636
7.76867 7.80736 0.344634
22.9475 22.7795 0.264937
14.3047 14.2334 0.283516
27.791 27.27 0.225368
24.5492 24.3814 0.235597
6.41059 6.44927 0.336636
37.6007 37.2314 0.221086
36.8631 37.1039 0.180969
46.5828 45.973 0.182654
31.9523 31.9993 0.190278
26.1582 26.495 0.24146
36.8631 37.1039 0.180969
40.9001 41.2914 0.184149
7.28648 7.68299 0.328781
12.8201 13.2115 0.301444
44.9642 44.8868 0.165538
11.9919 12.8229 0.308825
27.254 27.683 0.217443
36.8631 37.1039 0.180969
19.5649 18.6535 0.297894
24.5945 24.2252 0.258789
26.5862 26.4153 0.234756
40.9426 41.3391 0.187812
41.6136 40.8326 0.17027
10.7197 10.6194 0.333591
36.8631 37.1039 0.180969
30.6947 30.7218 0.218197
26.1813 26.1325 0.242214
15.8208 16.3301 0.271449
10.7197 10.6194 0.333591
20.0885 20.5076 0.290812
26.4694 26.3968 0.239085
15.2874 15.567 0.284193
27.0556 27.0827 0.222249
22.2132 21.7731 0.255546
32.4712 32.1817 0.219636
9.22828 9.25309 0.302213
46.7482 46.8183 0.171251
46.4651 46.1357 0.183886
35.3951 35.8818 0.191582
26.7857 26.9883 0.219243
13.3332 13.3111 0.296966
50.5306 50.7958 0.170459
43.1555 42.866 0.188671
6.63728 6.66439 0.29874
28.6233 28.1023 0.223838
41.2584 41.3942 0.177192
16.3545 16.2819 0.298069
15.8112 16.2818 0.307003
34.8305 35.2595 0.187659
15.4497 15.3771 0.290848
46.5185 46.732 0.16232
14.7453 14.6678 0.281354
9.5903 10.0193 0.311043
42.6965 43.2233 0.156171
42.6965 43.2233 0.156171
43.5609 42.4655 0.1711
43.5609 42.4655 0.1711
43.5609 42.4655 0.1711
43.0775 43.4167 0.178488
42.8824 43.2238 0.168827
43.0572 43.4662 0.168188
43.1979 43.4573 0.145749
43.1979 43.4573 0.145749
43.1979 43.4573 0.145749
43.1979 43.4573 0.145749
42.7931 43.2559 0.17503
42.7931 43.2559 0.17503
42.7931 43.2559 0.17503
42.7931 43.2559 0.17503
43.0442 42.5805 0.154343
43.0442 42.5805 0.154343
43.33 43.1508 0.161643
43.33 43.1508 0.161643
43.33 43.1508 0.161643
43.33 43.1508 0.161643
43.33 43.1508 0.161643
42.8709 43.2501 0.151286
42.8244 43.1629 0.136556
42.8561 42.7666 0.164511
43.1981 42.8359 0.179184
43.1981 42.8359 0.179184
43.1981 42.8359 0.179184
43.1981 42.8359 0.179184
43.3358 43.2069 0.163633
43.3358 43.2069 0.163633
43.3358 43.2069 0.163633
43.1933 43.2288 0.142624
43.1933 43.2288 0.142624
43.1933 43.2288 0.142624
43.1933 43.2288 0.142624
43.1933 43.2288 0.142624
43.1933 43.2288 0.142624
43.1933 43.2288 0.142624
38.1071 37.6516 0.197311
38.3555 37.9747 0.175032
38.3555 37.9747 0.175032
38.3555 37.9747 0.175032
38.3555 37.9747 0.175032
38.3555 37.9747 0.175032
38.3555 37.9747 0.175032
38.3555 37.9747 0.175032
38.3555 37.9747 0.175032
38.3555 37.9747 0.175032
38.3555 37.9747 0.175032
38.3555 37.9747 0.175032
38.3555 37.9747 0.175032
38.6764 38.1101 0.171132
38.6764 38.1101 0.171132
38.6764 38.1101 0.171132
37.7047 38.0562 0.190754
37.7047 38.0562 0.190754
37.7047 38.0562 0.190754
37.7047 38.0562 0.190754
37.7047 38.0562 0.190754
37.7047 38.0562 0.190754
37.7047 38.0562 0.190754
38.3004 38.663 0.190696
38.3004 38.663 0.190696
38.3004 38.663 0.190696
38.3004 38.663 0.190696
38.3004 38.663 0.190696
38.3004 38.663 0.190696
38.3004 38.663 0.190696
38.2829 37.6056 0.18686
38.2829 37.6056 0.18686
38.2829 37.6056 0.18686
38.2829 37.6056 0.18686
38.2829 37.6056 0.18686
38.2829 37.6056 0.18686
38.2829 37.6056 0.18686
38.2829 37.6056 0.18686
38.2829 37.6056 0.18686
38.2829 37.6056 0.18686
38.1758 38.3197 0.191676
38.1758 38.3197 0.191676
38.1758 38.3197 0.191676
38.1758 38.3197 0.191676
38.6582 38.1442 0.200067
38.6582 38.1442 0.200067
38.6582 38.1442 0.200067
38.6582 38.1442 0.200067
38.0852 38.3259 0.193875
38.0852 38.3259 0.193875
38.3783 38.3491 0.186482
38.3783 38.3491 0.186482
38.3751 37.8561 0.193509
38.3751 37.8561 0.193509
38.7172 37.8776 0.202685
38.7172 37.8776 0.202685
38.7172 37.8776 0.202685
38.7172 37.8776 0.202685
38.7172 37.8776 0.202685
38.7172 37.8776 0.202685
48.5325 48.287 0.155676
48.5325 48.287 0.155676
48.5325 48.287 0.155676
48.6521 48.2376 0.163646
48.3539 48.5922 0.158936
48.3539 48.5922 0.158936
48.5121 48.3185 0.154988
48.846 48.3244 0.159989
48.846 48.3244 0.159989
48.846 48.3244 0.159989
48.3305 48.6122 0.148026
48.1199 48.3058 0.154162
48.1199 48.3058 0.154162
48.1199 48.3058 0.154162
48.1199 48.3058 0.154162
48.1199 48.3058 0.154162
48.1199 48.3058 0.154162
48.1199 48.3058 0.154162
47.9583 49.1456 0.151626
47.9583 49.1456 0.151626
47.9583 49.1456 0.151626
47.9583 49.1456 0.151626
47.9583 49.1456 0.151626
48.6214 48.306 0.144905
48.6214 48.306 0.144905
48.6214 48.306 0.144905
48.5725 48.5147 0.162513
48.4276 48.7543 0.15791
48.1673 48.8647 0.152957
48.1673 48.8647 0.152957
48.1673 48.8647 0.152957
48.1673 48.8647 0.152957
48.1673 48.8647 0.152957
48.1673 48.8647 0.152957
48.1673 48.8647 0.152957
48.1673 48.8647 0.152957
48.1673 48.8647 0.152957
48.2907 48.049 0.172482
48.2907 48.049 0.172482
48.2525 48.345 0.169032
48.478 48.3963 0.150413
48.478 48.3963 0.150413
48.478 48.3963 0.150413
48.8434 48.3473 0.152376
48.8434 48.3473 0.152376
48.8434 48.3473 0.152376
48.4997 49.0845 0.154604
48.4997 49.0845 0.154604
48.9912 48.4779 0.158199
48.6324 48.7267 0.159813
47.9419 48.1851 0.148006
47.9419 48.1851 0.148006
47.9419 48.1851 0.148006
47.9419 48.1851 0.148006
48.3352 48.5057 0.159585
48.3352 48.5057 0.159585
48.4178 48.8669 0.166081
48.6608 48.1186 0.168052
48.2852 48.6717 0.170345
48.683 48.5927 0.141597
48.5003 47.6558 0.148282
48.5003 47.6558 0.148282
48.5003 47.6558 0.148282
48.5003 47.6558 0.148282
48.5003 47.6558 0.148282
48.8822 48.7326 0.153382
48.8822 48.7326 0.153382
48.8822 48.7326 0.153382
48.6723 48.7596 0.153435
47.9475 48.4521 0.179434
47.9475 48.4521 0.179434
48.6507 48.7583 0.142571
48.6507 48.7583 0.142571
48.6507 48.7583 0.142571
48.9402 48.7398 0.172503
48.571 48.7372 0.145737
48.4115 48.1352 0.176685
48.4115 48.1352 0.176685
48.4973 49.0045 0.166197
48.4973 49.0045 0.166197
48.4973 49.0045 0.166197
48.4973 49.0045 0.166197
48.4973 49.0045 0.166197
48.4973 49.0045 0.166197
48.6342 48.6809 0.174603
48.6342 48.6809 0.174603
48.6342 48.6809 0.174603
48.5435 48.6803 0.151956
48.5435 48.6803 0.151956
48.5435 48.6803 0.151956
44.2935 44.5216 0.180378
44.8073 44.3438 0.182986
44.8073 44.3438 0.182986
44.8073 44.3438 0.182986
44.8073 44.3438 0.182986
44.9038 43.9438 0.156876
44.7076 44.0074 0.174971
44.7076 44.0074 0.174971
44.3557 44.3028 0.158866
44.6028 44.3993 0.169316
