10.8895 10.5601 0.327694
22.8026 22.8553 0.256937
16.3348 15.9698 0.283498
5.95039 6.71278 0.00192008
22.8026 22.8553 0.256937
9.27978 8.51811 0.309053
15.4822 15.9013 0.298858
18.7137 18.1928 0.256871
20.037 19.9595 0.27989
24.5776 24.2281 0.244722
20.2944 20.8352 0.273593
22.5131 22.012 0.26019
13.7682 13.3281 0.274385
9.54755 8.63614 0.334419
6.62413 6.67677 0.295468
19.5738 20.4049 0.256407
23.0117 22.4019 0.269894
24.1769 24.4421 0.248324
22.449 22.7859 0.264377
14.0762 13.8435 0.277601
7.77147 7.61535 0.299868
19.0045 19.2179 0.253847
11.4454 11.648 0.316461
9.39852 9.87457 0.312378
18.0388 17.2771 0.264018
9.58977 9.43365 0.291005
9.50206 9.59218 0.289929
9.75382 8.97282 0.30782
15.5423 14.4526 0.304441
23.711 24.0265 0.249017
10.3778 10.4792 0.28731
5.95039 6.71278 0.00192008
17.2158 17.7024 0.264858
13.1468 12.85 0.281851
12.8031 13.6342 0.301171
23.0115 23.0586 0.260393
14.6529 14.6041 0.283581
14.0084 14.2219 0.274043
9.98836 9.22669 0.294127
8.21252 8.69956 0.305264
24.1007 24.0677 0.236653
16.9715 17.4586 0.260229
9.27978 8.51811 0.309053
15.9241 15.8911 0.291103
8.21252 8.69956 0.305264
10.5339 11.1495 0.291346
16.5589 16.1939 0.25512
15.9926 16.0489 0.301012
19.4282 19.2573 0.256317
20.6769 20.5088 0.273307
6.93656 6.81633 0.301809
21.8033 22.1402 0.264403
13.3629 12.4514 0.310199
6.29217 6.34845 0.315809
22.4068 22.1173 0.272798
9.54755 8.63614 0.334419
22.4251 22.3525 0.260377
20.4928 21.1477 0.277833
19.2348 18.4538 0.256467
22.2809 22.7 0.2722
11.4454 11.648 0.316461
19.6563 19.7464 0.264499
6.29217 6.34845 0.315809
9.27978 8.51811 0.309053
14.6298 14.9667 0.282827
17.2035 17.437 0.27525
8.10812 8.84108 0.344488
14.9372 15.478 0.295899
10.8895 10.5601 0.327694
13.3332 13.3111 0.296966
11.9919 12.8229 0.308825
9.75382 8.97282 0.30782
13.0605 13.3249 0.289885
7.86086 7.6541 0.315561
15.0194 14.9863 0.283881
12.8201 13.2115 0.301444
11.6142 11.2764 0.318521
12.6888 13.0256 0.29018
6.93656 6.81633 0.301809
20.5876 20.2898 0.277616
22.9446 22.7855 0.2818
17.2158 17.7024 0.264858
13.6923 13.3428 0.288881
18.8795 19.3555 0.261025
19.0876 18.357 0.267841
7.94892 8.07917 0.327881
15.4497 15.3771 0.290848
20.1409 20.5699 0.246024
20.081 20.3547 0.276685
19.2348 18.4538 0.256467
8.04784 7.85237 0.332648
14.9555 14.2265 0.292377
15.4497 15.3771 0.290848
19.0876 18.357 0.267841
18.0388 17.2771 0.264018
7.94892 8.07917 0.327881
10.1126 10.2139 0.294161
20.5414 20.3523 0.266493
24.1913 24.6813 0.257597
16.3348 15.9698 0.283498
24.0794 24.132 0.244199
24.5735 24.3784 0.254548
23.7176 24.4833 0.260795
24.2615 24.1698 0.254755
24.2615 24.1698 0.254755
23.6542 24.3872 0.272278
23.5741 23.911 0.24602
24.5664 24.4857 0.244912
24.8259 24.0642 0.236843
24.1679 24.5741 0.263277
24.5311 24.4584 0.24362
24.5311 24.4584 0.24362
24.2883 24.3353 0.247655
23.7732 24.2825 0.245378
24.0196 24.1209 0.233367
24.0196 24.1209 0.233367
24.2904 24.1343 0.222625
23.6721 24.4639 0.247465
23.6721 24.4639 0.247465
24.2909 24.72 0.242664
24.0657 23.7411 0.250466
24.2876 24.3263 0.267391
24.2876 24.3263 0.267391
24.2876 24.3263 0.267391
24.135 23.8372 0.256507
23.9878 24.4584 0.252553
24.4411 24.4592 0.24638
24.4086 23.8596 0.24804
23.8226 24.0252 0.244464
23.8226 24.0252 0.244464
24.3354 24.2579 0.244521
23.9906 24.224 0.248075
23.9979 24.3743 0.244866
24.4545 23.6735 0.239441
24.4545 23.6735 0.239441
24.4539 24.524 0.245752
23.711 24.0265 0.249017
23.711 24.0265 0.249017
24.3396 24.4297 0.232645
23.984 23.5439 0.237164
24.5945 24.2252 0.258789
24.5945 24.2252 0.258789
23.7586 24.2457 0.233054
24.1607 23.745 0.233484
24.239 24.0871 0.251876
24.239 24.0871 0.251876
24.239 24.0871 0.251876
24.3424 24.1877 0.227497
24.3424 24.1877 0.227497
24.0015 24.1317 0.260423
24.1007 24.0677 0.236653
24.1007 24.0677 0.236653
24.0993 24.2351 0.246363
24.1769 24.4421 0.248324
24.3208 24.5616 0.235132
24.3208 24.5616 0.235132
24.3868 24.8059 0.255443
24.3868 24.8059 0.255443
24.2482 23.3368 0.26604
24.2482 23.3368 0.26604
24.2213 24.0622 0.269062
24.1757 24.7913 0.237403
24.2884 23.6787 0.257155
9.28712 9.75771 0.320932
9.28712 9.75771 0.320932
9.74046 9.75854 0.314759
9.74046 9.75854 0.314759
9.74046 9.75854 0.314759
9.74046 9.75854 0.314759
9.74046 9.75854 0.314759
9.74046 9.75854 0.314759
9.28997 9.5234 0.316454
9.28997 9.5234 0.316454
9.75321 9.82333 0.314131
9.75321 9.82333 0.314131
9.75321 9.82333 0.314131
9.75321 9.82333 0.314131
9.87331 9.82992 0.310488
9.87331 9.82992 0.310488
9.87331 9.82992 0.310488
9.68618 10.1053 0.323822
9.68618 10.1053 0.323822
8.78117 8.44332 0.333806
8.78117 8.44332 0.333806
8.78117 8.44332 0.333806
8.78117 8.44332 0.333806
8.78117 8.44332 0.333806
8.78117 8.44332 0.333806
8.78117 8.44332 0.333806
8.78117 8.44332 0.333806
8.78117 8.44332 0.333806
8.78117 8.44332 0.333806
8.78117 8.44332 0.333806
8.78117 8.44332 0.333806
8.78117 8.44332 0.333806
8.78117 8.44332 0.333806
9.03156 8.68204 0.316932
9.03156 8.68204 0.316932
9.03156 8.68204 0.316932
9.03156 8.68204 0.316932
17.5056 18.0727 0.275273
17.8294 17.9291 0.28891
17.8294 17.9291 0.28891
17.8294 17.9291 0.28891
17.8294 17.9291 0.28891
17.8294 17.9291 0.28891
17.499 17.4118 0.294243
17.499 17.4118 0.294243
17.499 17.4118 0.294243
17.499 17.4118 0.294243
17.499 17.4118 0.294243
17.499 17.4118 0.294243
17.3037 17.4754 0.264061
17.3037 17.4754 0.264061
17.3037 17.4754 0.264061
17.3037 17.4754 0.264061
17.3037 17.4754 0.264061
16.8921 17.9166 0.262999
16.8921 17.9166 0.262999
16.8921 17.9166 0.262999
16.8921 17.9166 0.262999
16.8921 17.9166 0.262999
17.4521 17.3018 0.273799
17.4521 17.3018 0.273799
17.4521 17.3018 0.273799
17.4521 17.3018 0.273799
17.2938 17.5527 0.281956
17.2938 17.5527 0.281956
17.2938 17.5527 0.281956
17.2938 17.5527 0.281956
17.2938 17.5527 0.281956
17.2938 17.5527 0.281956
17.136 17.2065 0.265239
17.136 17.2065 0.265239
17.136 17.2065 0.265239
17.136 17.2065 0.265239
17.136 17.2065 0.265239
16.5565 17.2594 0.282076
17.4596 17.5851 0.273255
17.6135 17.0668 0.26744
17.6135 17.0668 0.26744
17.6135 17.0668 0.26744
17.6135 17.0668 0.26744
17.6135 17.0668 0.26744
17.6135 17.0668 0.26744
17.6135 17.0668 0.26744
17.8377 17.023 0.278522
17.8377 17.023 0.278522
17.8377 17.023 0.278522
17.8377 17.023 0.278522
17.875 17.3735 0.27414
17.875 17.3735 0.27414
17.7784 16.8714 0.274539
17.7784 16.8714 0.274539
17.7784 16.8714 0.274539
17.7784 16.8714 0.274539
17.7784 16.8714 0.274539
17.7784 16.8714 0.274539
17.7784 16.8714 0.274539
17.7784 16.8714 0.274539
17.7784 16.8714 0.274539
17.7784 16.8714 0.274539
17.7784 16.8714 0.274539
17.7784 16.8714 0.274539
17.7784 16.8714 0.274539
17.7784 16.8714 0.274539
17.7784 16.8714 0.274539
17.7784 16.8714 0.274539
17.7784 16.8714 0.274539
17.0666 18.0388 0.276435
17.0666 18.0388 0.276435
17.0666 18.0388 0.276435
17.0666 18.0388 0.276435
17.0666 18.0388 0.276435
17.0666 18.0388 0.276435
17.0666 18.0388 0.276435
17.0666 18.0388 0.276435
17.0666 18.0388 0.276435
17.0666 18.0388 0.276435
17.0666 18.0388 0.276435
17.0666 18.0388 0.276435
17.0666 18.0388 0.276435
17.0666 18.0388 0.276435
17.0666 18.0388 0.276435
17.9196 17.8407 0.293119
17.3503 17.6582 0.280553
17.3503 17.6582 0.280553
17.3503 17.6582 0.280553
17.3503 17.6582 0.280553
17.3503 17.6582 0.280553
17.3075 17.4568 0.282353
17.3075 17.4568 0.282353
17.3075 17.4568 0.282353
17.3075 17.4568 0.282353
17.3075 17.4568 0.282353
17.3075 17.4568 0.282353
17.3075 17.4568 0.282353
17.3075 17.4568 0.282353
17.3075 17.4568 0.282353
17.5537 17.1309 0.266849
12.4235 12.4385 0.308457
12.4235 12.4385 0.308457
12.4235 12.4385 0.308457
12.4235 12.4385 0.308457
12.4235 12.4385 0.308457
12.4235 12.4385 0.308457
12.4235 12.4385 0.308457
12.4235 12.4385 0.308457
12.4235 12.4385 0.308457
12.2397 13.2525 0.297834
12.2397 13.2525 0.297834
12.2397 13.2525 0.297834
12.2397 13.2525 0.297834
12.2397 13.2525 0.297834
12.2397 13.2525 0.297834
12.2397 13.2525 0.297834
12.2397 13.2525 0.297834
12.2397 13.2525 0.297834
12.2397 13.2525 0.297834
12.2397 13.2525 0.297834
12.2397 13.2525 0.297834
12.2397 13.2525 0.297834
12.2397 13.2525 0.297834
12.2397 13.2525 0.297834
12.2397 13.2525 0.297834
12.2397 13.2525 0.297834
12.2397 13.2525 0.297834
12.2397 13.2525 0.297834
12.2397 13.2525 0.297834
8.10741 8.01578 0.319242
8.10741 8.01578 0.319242
8.10741 8.01578 0.319242
8.10741 8.01578 0.319242
8.10741 8.01578 0.319242
8.10741 8.01578 0.319242
8.10741 8.01578 0.319242
8.10741 8.01578 0.319242
8.10741 8.01578 0.319242
8.10741 8.01578 0.319242
8.10741 8.01578 0.319242
8.10741 8.01578 0.319242
8.10741 8.01578 0.319242
8.10741 8.01578 0.319242
8.10741 8.01578 0.319242
8.10741 8.01578 0.319242
8.10741 8.01578 0.319242
8.10741 8.01578 0.319242
8.10741 8.01578 0.319242
8.10741 8.01578 0.319242
8.10741 8.01578 0.319242
8.10741 8.01578 0.319242
8.10741 8.01578 0.319242
8.10741 8.01578 0.319242
11.3915 11.8052 0.302082
11.3915 11.8052 0.302082
11.3915 11.8052 0.302082
11.2391 11.7447 0.314575
11.2391 11.7447 0.314575
11.3047 10.6887 0.279379
11.3047 10.6887 0.279379
11.3047 10.6887 0.279379
11.3047 10.6887 0.279379
11.3047 10.6887 0.279379
11.3047 10.6887 0.279379
11.3047 10.6887 0.279379
11.3047 10.6887 0.279379
11.3047 10.6887 0.279379
14.0713 13.7364 0.292535
14.0713 13.7364 0.292535
14.0713 13.7364 0.292535
13.6309 14.122 0.271891
13.6309 14.122 0.271891
13.6309 14.122 0.271891
13.6309 14.122 0.271891
13.6309 14.122 0.271891
13.6309 14.122 0.271891
13.6309 14.122 0.271891
13.6309 14.122 0.271891
13.6309 14.122 0.271891
13.6309 14.122 0.271891
13.6309 14.122 0.271891
13.6309 14.122 0.271891
13.6309 14.122 0.271891
13.6309 14.122 0.271891
13.6309 14.122 0.271891
13.6309 14.122 0.271891
13.6309 14.122 0.271891
13.6309 14.122 0.271891
13.6309 14.122 0.271891
14.5067 13.9526 0.27134
14.5067 13.9526 0.27134
14.5067 13.9526 0.27134
14.0736 13.2995 0.275308
14.0736 13.2995 0.275308
14.0736 13.2995 0.275308
14.0736 13.2995 0.275308
14.0654 14.1822 0.287526
13.8759 13.9688 0.280928
13.8759 13.9688 0.280928
13.8759 13.9688 0.280928
