11.9624 12.0525 0.304642
26.4588 26.3875 0.24176
15.8208 16.3301 0.271449
46.6097 46.4029 0.158061
14.7453 14.6678 0.281354
14.9555 14.2265 0.292377
30.0577 29.3271 0.216039
7.76867 7.80736 0.344634
50.0946 50.4859 0.175455
30.6947 30.7218 0.218197
50.7382 50.5636 0.174864
36.8631 37.1039 0.180969
44.6129 44.1728 0.158181
18.298 17.9685 0.298419
15.2874 15.567 0.284193
19.2758 19.6126 0.28139
46.4651 46.1357 0.183886
18.298 17.9685 0.298419
10.7993 10.8174 0.300323
16.111 16.1497 0.32184
34.4622 35.2246 0.194155
11.3271 11.9821 0.313649
37.2678 37.176 0.217052
14.0762 13.8435 0.277601
8.04784 7.85237 0.332648
52.0836 52.5145 0.147172
30.6947 30.7218 0.218197
52.0378 52.8689 0.153841
48.444 48.1463 0.170325
55.5521 56.3178 0.145246
9.22828 9.25309 0.302213
41.5015 41.3469 0.158326
15.2874 15.567 0.284193
20.0885 20.5076 0.290812
52.0654 51.7004 0.127937
15.5643 15.9557 0.307769
60.8701 60.5407 0.140286
30.6947 30.7218 0.218197
16.0716 15.1602 0.320489
27.8771 27.9785 0.21889
46.5848 46.4286 0.148125
58.8556 58.7749 0.149306
52.0836 52.5145 0.147172
46.6861 46.5659 0.176038
24.6296 25.1389 0.246413
40.7333 41.0701 0.17685
13.2839 13.3401 0.290723
26.1601 26.1484 0.213712
22.4534 22.2854 0.27058
20.5414 20.3523 0.266493
26.704 27.0953 0.228099
22.8236 22.4544 0.277171
9.75382 8.97282 0.30782
56.1618 55.8239 0.146047
61.1841 61.0163 0.111741
32.0035 32.0937 0.175268
29.9812 30.2463 0.224626
12.8201 13.2115 0.301444
8.04784 7.85237 0.332648
60.675 61.33 0.132867
24.6296 25.1389 0.246413
42.8272 42.9285 0.150714
39.2625 39.2138 0.168559
18.298 17.9685 0.298419
30.6947 30.7218 0.218197
10.1126 10.2139 0.294161
22.2132 21.7731 0.255546
16.3974 16.354 0.296558
28.9438 28.9218 0.232835
36.701 36.6893 0.183929
22.8236 22.4544 0.277171
26.704 27.0953 0.228099
17.4042 17.8942 0.284772
30.6947 30.7218 0.218197
29.8238 29.9252 0.209669
15.2874 15.567 0.284193
30.6947 30.7218 0.218197
27.8771 27.9785 0.21889
54.0802 54.6999 0.144363
16.0716 15.1602 0.320489
34.5716 34.2748 0.182687
30.6947 30.7218 0.218197
30.6947 30.7218 0.218197
29.131 29.149 0.230373
11.8814 11.5121 0.315714
47.8238 47.617 0.168417
25.4012 25.2057 0.261885
16.0587 15.7292 0.318592
10.1126 10.2139 0.294161
44.6577 44.5851 0.170055
48.3979 48.2087 0.159202
44.8202 45.3101 0.178614
22.9475 22.7795 0.264937
31.4178 30.7799 0.218725
6.41059 6.44927 0.336636
54.8792 54.3302 0.150046
44.7663 43.7427 0.172389
10.1126 10.2139 0.294161
13.3332 13.3111 0.296966
14.7453 14.6678 0.281354
18.4705 18.3523 0.286602
18.4705 18.3523 0.286602
18.4705 18.3523 0.286602
18.4705 18.3523 0.286602
18.4705 18.3523 0.286602
18.4705 18.3523 0.286602
41.2733 41.4349 0.188707
41.2733 41.4349 0.188707
41.2733 41.4349 0.188707
41.2733 41.4349 0.188707
41.2733 41.4349 0.188707
41.2733 41.4349 0.188707
41.2733 41.4349 0.188707
41.2733 41.4349 0.188707
41.2733 41.4349 0.188707
41.2733 41.4349 0.188707
41.2733 41.4349 0.188707
41.2733 41.4349 0.188707
41.2733 41.4349 0.188707
41.2733 41.4349 0.188707
41.2733 41.4349 0.188707
41.2733 41.4349 0.188707
46.588 46.217 0.169554
46.588 46.217 0.169554
46.588 46.217 0.169554
46.588 46.217 0.169554
46.588 46.217 0.169554
46.2231 46.8257 0.171979
46.2231 46.8257 0.171979
46.2231 46.8257 0.171979
46.2231 46.8257 0.171979
46.2231 46.8257 0.171979
46.3557 47.0616 0.195295
46.3557 47.0616 0.195295
46.3557 47.0616 0.195295
45.9764 46.2054 0.159721
45.9764 46.2054 0.159721
45.9764 46.2054 0.159721
45.9764 46.2054 0.159721
45.9764 46.2054 0.159721
46.7606 46.4806 0.192786
45.9832 46.4358 0.182921
45.9832 46.4358 0.182921
46.5397 46.351 0.168319
46.3829 46.893 0.169067
46.3829 46.893 0.169067
46.3829 46.893 0.169067
46.3829 46.893 0.169067
46.3829 46.893 0.169067
46.3829 46.893 0.169067
46.3829 46.893 0.169067
46.3829 46.893 0.169067
46.3829 46.893 0.169067
46.3829 46.893 0.169067
46.3829 46.893 0.169067
46.2904 46.061 0.167889
46.2904 46.061 0.167889
46.2904 46.061 0.167889
46.2904 46.061 0.167889
46.2904 46.061 0.167889
46.6869 46.5301 0.17356
46.6869 46.5301 0.17356
46.6869 46.5301 0.17356
46.6869 46.5301 0.17356
46.6869 46.5301 0.17356
46.6869 46.5301 0.17356
46.6869 46.5301 0.17356
46.6869 46.5301 0.17356
46.6869 46.5301 0.17356
46.6869 46.5301 0.17356
46.8413 46.2763 0.174336
46.8413 46.2763 0.174336
46.3989 46.5556 0.195701
46.3989 46.5556 0.195701
46.3989 46.5556 0.195701
46.3989 46.5556 0.195701
46.3989 46.5556 0.195701
46.3989 46.5556 0.195701
46.3989 46.5556 0.195701
46.4419 46.8782 0.167006
46.4419 46.8782 0.167006
46.4419 46.8782 0.167006
46.4419 46.8782 0.167006
46.4419 46.8782 0.167006
46.4419 46.8782 0.167006
46.4419 46.8782 0.167006
46.4419 46.8782 0.167006
46.4419 46.8782 0.167006
46.4419 46.8782 0.167006
46.4419 46.8782 0.167006
45.8527 45.9904 0.183802
45.8527 45.9904 0.183802
45.8527 45.9904 0.183802
45.8527 45.9904 0.183802
45.8527 45.9904 0.183802
46.1551 46.5383 0.196072
46.1551 46.5383 0.196072
46.1551 46.5383 0.196072
46.1551 46.5383 0.196072
46.2613 46.9616 0.179607
23.7444 23.1061 0.271919
24.0611 23.4616 0.244943
24.0611 23.4616 0.244943
24.0611 23.4616 0.244943
24.0611 23.4616 0.244943
24.0611 23.4616 0.244943
24.0611 23.4616 0.244943
24.0611 23.4616 0.244943
24.0611 23.4616 0.244943
24.0611 23.4616 0.244943
24.0611 23.4616 0.244943
24.0611 23.4616 0.244943
24.0611 23.4616 0.244943
24.0611 23.4616 0.244943
24.0611 23.4616 0.244943
24.0611 23.4616 0.244943
24.0611 23.4616 0.244943
24.0062 23.5733 0.258792
24.0062 23.5733 0.258792
24.0062 23.5733 0.258792
24.0062 23.5733 0.258792
24.0062 23.5733 0.258792
24.0062 23.5733 0.258792
12.4235 12.4385 0.308457
12.4235 12.4385 0.308457
12.4235 12.4385 0.308457
12.2397 13.2525 0.297834
12.2397 13.2525 0.297834
12.2397 13.2525 0.297834
12.2397 13.2525 0.297834
12.2397 13.2525 0.297834
12.2397 13.2525 0.297834
12.2397 13.2525 0.297834
12.2397 13.2525 0.297834
12.2397 13.2525 0.297834
12.2397 13.2525 0.297834
8.10741 8.01578 0.319242
8.10741 8.01578 0.319242
8.10741 8.01578 0.319242
8.10741 8.01578 0.319242
8.10741 8.01578 0.319242
8.10741 8.01578 0.319242
8.10741 8.01578 0.319242
8.10741 8.01578 0.319242
11.3047 10.6887 0.279379
11.3047 10.6887 0.279379
11.3047 10.6887 0.279379
11.3047 10.6887 0.279379
11.3047 10.6887 0.279379
11.3047 10.6887 0.279379
11.3047 10.6887 0.279379
11.3047 10.6887 0.279379
11.3047 10.6887 0.279379
11.3047 10.6887 0.279379
11.3047 10.6887 0.279379
11.3047 10.6887 0.279379
11.3047 10.6887 0.279379
11.3047 10.6887 0.279379
11.3047 10.6887 0.279379
13.6309 14.122 0.271891
13.6309 14.122 0.271891
13.6309 14.122 0.271891
13.6309 14.122 0.271891
13.6309 14.122 0.271891
13.6309 14.122 0.271891
14.5067 13.9526 0.27134
14.5067 13.9526 0.27134
14.5067 13.9526 0.27134
14.5067 13.9526 0.27134
14.5067 13.9526 0.27134
14.5067 13.9526 0.27134
14.5067 13.9526 0.27134
14.5067 13.9526 0.27134
14.5067 13.9526 0.27134
14.5067 13.9526 0.27134
14.5067 13.9526 0.27134
14.5067 13.9526 0.27134
14.5067 13.9526 0.27134
14.5067 13.9526 0.27134
14.5067 13.9526 0.27134
14.5067 13.9526 0.27134
14.5067 13.9526 0.27134
14.5067 13.9526 0.27134
14.5067 13.9526 0.27134
14.5067 13.9526 0.27134
14.5067 13.9526 0.27134
14.5067 13.9526 0.27134
14.5067 13.9526 0.27134
14.5067 13.9526 0.27134
14.5067 13.9526 0.27134
14.5067 13.9526 0.27134
14.5067 13.9526 0.27134
14.5067 13.9526 0.27134
14.5067 13.9526 0.27134
14.5067 13.9526 0.27134
14.5067 13.9526 0.27134
14.5067 13.9526 0.27134
14.5067 13.9526 0.27134
14.5067 13.9526 0.27134
14.5067 13.9526 0.27134
