6.13101 6.72968 0.31345
6.46883 6.48691 -0.00085994
6.41392 6.84292 0.31191
6.72044 7.33605 0.288672
6.24756 6.58443 -0.0012458
5.84763 6.20259 0.0118414
6.99864 7.06876 0.297021
6.14254 6.24391 0.302612
6.09339 5.76887 0.00322547
6.70348 6.69177 0.289361
6.61044 6.28592 0.301735
6.20232 6.25496 0.313444
5.68194 6.41489 0.0250378
6.20339 6.819 -0.00983748
6.57683 6.64695 0.314997
6.55733 6.98822 0.00104322
6.63728 6.66439 0.29874
6.87931 6.35343 0.00233969
6.19692 6.25321 -0.000677008
5.88158 6.36862 0.302299
6.09351 6.11832 -0.00231162
6.13101 6.72968 0.31345
6.09351 6.11832 -0.00231162
6.46883 6.48691 -0.00085994
7.09037 6.36129 0.306814
6.20339 6.819 -0.00983748
5.95039 6.71278 0.00192008
5.95039 6.71278 0.00192008
6.87931 6.35343 0.00233969
6.60537 6.25585 -0.00251845
7.09037 6.36129 0.306814
6.29863 6.91424 0.306648
6.37694 6.35486 0.318088
6.12699 6.26278 -0.00087697
6.73609 7.22606 0.308866
6.26677 6.11479 0.00463575
6.31814 6.16202 -0.0246146
6.46744 7.22983 0.30043
6.76462 7.10149 0.297264
6.12023 6.14733 0.000230269
6.61015 6.50989 0.321309
6.92935 6.75472 0.303999
6.64404 6.77983 0.297633
7.39637 6.87048 0.30085
6.36729 6.45741 -0.0145954
6.63434 6.26931 0.298294
6.46534 6.31068 0.296743
6.48158 6.55171 -0.00148843
6.36201 6.21003 0.321121
6.72237 6.43292 0.305685
6.25794 5.96018 0.325753
6.37694 6.35486 0.318088
6.83572 7.26473 0.293934
6.37116 5.45975 0.335285
6.01834 6.25177 0.000834648
6.21979 6.49938 -0.00646185
6.20339 6.819 -0.00983748
6.41498 6.18223 0.309625
7.07438 7.50527 0.299553
6.71266 7.1189 0.314547
6.26297 5.93353 0.0169025
6.55733 6.98822 0.00104322
6.36309 6.28561 -0.00271934
6.37694 6.35486 0.318088
6.61044 6.28592 0.301735
6.19692 6.25321 -0.000677008
6.79875 6.77667 0.300112
6.78002 6.45059 0.315412
7.07584 7.00322 0.294889
6.26867 7.09974 0.304316
7.11117 7.03049 0.296182
6.06785 6.72284 0.00948402
6.56407 6.58215 0.315626
6.63728 6.66439 0.29874
5.77718 6.51013 0.341524
6.31616 5.70639 0.00991534
6.88434 6.97447 0.283914
6.48158 6.55171 -0.00148843
5.88158 6.36862 0.302299
6.02559 6.40205 -0.00237446
6.57693 6.40911 -0.0116427
6.93656 6.81633 0.301809
6.21547 6.24258 0.316716
6.4195 6.29928 0.00329886
6.4195 6.29928 0.00329886
6.09351 6.11832 -0.00231162
6.10062 6.26359 0.0170654
6.1631 6.81809 0.32597
6.70544 6.28978 0.284754
6.12023 6.14733 0.000230269
5.84763 6.20259 0.0118414
6.71743 6.34814 0.328034
6.22364 6.19063 0.305899
6.76894 6.98241 0.288091
5.97352 6.23796 -0.00151411
6.71743 6.34814 0.328034
6.79297 5.88156 0.317309
6.87931 6.35343 0.00233969
6.79297 5.88156 0.317309
6.03062 6.51724 -0.00955697
6.71398 6.77026 0.297833
6.71398 6.77026 0.297833
6.5354 6.76883 0.299344
6.54265 6.9191 0.296135
6.99864 7.06876 0.297021
6.28568 6.67704 0.30459
6.25576 6.57126 0.300287
6.88434 6.97447 0.283914
6.88434 6.97447 0.283914
6.26867 7.09974 0.304316
7.13924 6.76995 0.310059
6.83679 6.60404 0.291649
6.70544 6.28978 0.284754
6.70544 6.28978 0.284754
6.78382 6.63184 0.303146
6.88715 6.73249 0.278767
6.88715 6.73249 0.278767
6.54627 6.67652 0.311692
6.54627 6.67652 0.311692
6.64545 6.61244 0.287923
6.64545 6.61244 0.287923
6.72171 6.98688 0.299593
6.86554 7.10633 0.286401
6.9316 7.35071 0.306713
6.79297 5.88156 0.317309
6.79297 5.88156 0.317309
6.76612 6.60699 0.320332
6.72044 7.33605 0.288672
6.36309 6.28561 -0.00271934
6.01834 6.25177 0.000834648
6.48219 5.70119 -0.0077991
6.48219 5.70119 -0.0077991
5.76862 6.15999 0.00607986
5.7387 6.0542 0.00177696
6.01174 5.57162 -0.0100762
5.75162 6.58269 0.00580643
6.62219 6.2529 0.0115487
6.62219 6.2529 0.0115487
6.26677 6.11479 0.00463575
6.26677 6.11479 0.00463575
6.26677 6.11479 0.00463575
6.26677 6.11479 0.00463575
6.3701 6.21544 -0.019743
6.4195 6.29928 0.00329886
6.4195 6.29928 0.00329886
6.60168 6.55829 -0.00513132
6.1284 6.09539 -0.0105868
6.12699 6.26278 -0.00087697
6.55733 6.98822 0.00104322
6.55733 6.98822 0.00104322
6.55733 6.98822 0.00104322
6.24907 6.08994 0.0218217
6.24907 6.08994 0.0218217
6.24907 6.08994 0.0218217
6.31616 5.70639 0.00991534
6.31616 5.70639 0.00991534
6.25189 6.46536 -0.0104192
6.87931 6.35343 0.00233969
6.87931 6.35343 0.00233969
6.5482 6.47693 -0.000945724
6.03576 6.63444 -0.00303544
6.30056 6.01111 0.323661
6.30056 6.01111 0.323661
6.34724 6.17916 0.321444
6.34724 6.17916 0.321444
6.64344 6.57218 0.31554
6.64344 6.57218 0.31554
6.0564 5.53544 0.309091
5.73257 6.35226 0.311603
6.31503 6.59463 0.310024
6.31503 6.59463 0.310024
6.31503 6.59463 0.310024
6.31503 6.59463 0.310024
6.31503 6.59463 0.310024
6.70061 6.3511 0.313967
6.19587 6.35884 0.333551
6.21547 6.24258 0.316716
6.21547 6.24258 0.316716
6.21547 6.24258 0.316716
6.15507 5.85826 0.306937
6.15507 5.85826 0.306937
6.04563 6.80803 0.318406
6.76261 5.73906 0.315199
6.50754 6.33291 0.321974
6.67218 6.50435 0.304843
6.21178 6.02266 0.31463
6.36591 6.31713 0.315994
6.34281 6.67968 0.31524
6.34281 6.67968 0.31524
6.34281 6.67968 0.31524
6.63434 6.26931 0.298294
6.63434 6.26931 0.298294
6.93859 6.30063 0.317245
6.18875 6.21356 0.314174
6.50277 6.29601 0.307564
6.50277 6.29601 0.307564
6.22214 6.69819 0.313244
6.22214 6.69819 0.313244
6.20232 6.25496 0.313444
6.20232 6.25496 0.313444
6.51971 6.11992 -0.00274263
6.51971 6.11992 -0.00274263
6.51971 6.11992 -0.00274263
6.51971 6.11992 -0.00274263
6.51971 6.11992 -0.00274263
6.89551 5.5831 0.000841502
6.89551 5.5831 0.000841502
5.37296 6.07986 0.0139143
5.37296 6.07986 0.0139143
6.72995 6.57367 0.0197732
6.67312 6.41786 -0.00618043
5.88526 6.05868 -0.0130028
6.85061 6.53331 -0.00682532
6.05876 6.78583 -0.0154643
6.05876 6.78583 -0.0154643
6.05876 6.78583 -0.0154643
6.05876 6.78583 -0.0154643
6.74086 6.46138 -0.00431504
6.00171 6.4246 -0.00362233
6.00171 6.4246 -0.00362233
6.19696 6.31516 0.00884036
6.45138 6.32967 0.00905545
6.45138 6.32967 0.00905545
5.9686 6.37419 -0.011886
5.9686 6.37419 -0.011886
5.9686 6.37419 -0.011886
5.9686 6.37419 -0.011886
5.61489 6.38126 -0.0167707
6.34239 6.14704 0.00360822
6.7347 6.15754 0.00862243
6.21228 6.29932 -0.0018564
6.21228 6.29932 -0.0018564
6.21228 6.29932 -0.0018564
5.92339 6.79584 -0.000844911
5.92339 6.79584 -0.000844911
6.29438 5.78988 0.0156743
6.29438 5.78988 0.0156743
6.10857 6.56301 0.00226633
6.10857 6.56301 0.00226633
6.47718 6.79444 -0.0157866
6.4453 6.46421 -0.0204914
6.4453 6.46421 -0.0204914
6.26236 6.52609 0.00188925
6.03261 6.31338 0.0115906
6.03261 6.31338 0.0115906
5.9702 6.16501 0.00122311
6.20866 6.14849 0.0101452
6.20866 6.14849 0.0101452
6.20866 6.14849 0.0101452
6.20866 6.14849 0.0101452
6.19416 6.14329 -0.0137798
6.29101 6.08482 -0.00455627
6.29101 6.08482 -0.00455627
6.29101 6.08482 -0.00455627
6.29101 6.08482 -0.00455627
6.59491 6.59584 0.00249969
6.44557 6.36763 -0.00784492
5.82496 6.16304 0.00437316
5.82496 6.16304 0.00437316
6.01356 6.63385 -0.00691264
6.01356 6.63385 -0.00691264
5.46569 6.13024 0.00328808
5.46569 6.13024 0.00328808
5.46569 6.13024 0.00328808
5.46569 6.13024 0.00328808
6.11282 6.6059 0.00144861
6.45347 6.27221 0.00112941
6.45347 6.27221 0.00112941
6.45347 6.27221 0.00112941
6.4848 6.37385 -0.000742685
6.4848 6.37385 -0.000742685
6.4848 6.37385 -0.000742685
6.13088 6.33899 -0.00667397
6.28562 5.76307 0.00453917
6.28562 5.76307 0.00453917
6.02994 5.92462 -0.00827983
6.02994 5.92462 -0.00827983
6.26458 6.30854 0.00382151
6.26458 6.30854 0.00382151
6.26458 6.30854 0.00382151
6.26458 6.30854 0.00382151
6.26458 6.30854 0.00382151
6.26458 6.30854 0.00382151
6.45646 5.63955 0.00253498
6.29623 6.56127 0.00863332
5.78582 6.23804 -0.0153945
6.07787 5.95127 0.000706479
6.12998 6.43558 0.0203838
5.89812 5.62182 -0.00842591
5.89812 5.62182 -0.00842591
5.89812 5.62182 -0.00842591
6.43192 6.422 -0.00858075
6.6266 5.95185 -0.0291633
6.31773 6.1756 -0.00199755
6.31773 6.1756 -0.00199755
6.19717 6.74945 -0.00406781
6.43983 5.99434 -0.0149768
6.43983 5.99434 -0.0149768
6.21917 6.53224 0.000490663
6.17084 6.45257 -0.00611247
5.95789 5.44347 0.000593762
5.95789 5.44347 0.000593762
5.95789 5.44347 0.000593762
6.38679 5.83256 0.000952197
6.38679 5.83256 0.000952197
6.38679 5.83256 0.000952197
6.38679 5.83256 0.000952197
6.46849 6.23384 -0.0028571
6.05009 6.69315 -0.00913348
6.05009 6.69315 -0.00913348
6.05009 6.69315 -0.00913348
6.23537 6.87397 0.00309244
6.23537 6.87397 0.00309244
6.23537 6.87397 0.00309244
6.32802 6.31849 -0.00325451
6.32802 6.31849 -0.00325451
6.32802 6.31849 -0.00325451
6.00546 6.33817 -0.0140607
6.29835 6.39693 0.01738
5.84044 5.9681 0.000871596
6.59785 5.94002 0.00475209
6.59785 5.94002 0.00475209
6.59785 5.94002 0.00475209
6.30561 5.98905 -0.000888433
6.30561 5.98905 -0.000888433
6.30561 5.98905 -0.000888433
6.0442 6.24898 -0.0163698
6.04093 6.16698 -0.0118577
6.04093 6.16698 -0.0118577
6.13222 5.89132 -0.0119418
6.13222 5.89132 -0.0119418
6.13222 5.89132 -0.0119418
6.13222 5.89132 -0.0119418
6.13222 5.89132 -0.0119418
6.19379 6.01192 -0.0217815
5.54736 6.28259 -0.013481
5.54736 6.28259 -0.013481
6.74686 6.62657 -0.00083419
6.74686 6.62657 -0.00083419
6.74686 6.62657 -0.00083419
6.75887 6.07731 0.0127715
6.75887 6.07731 0.0127715
5.77034 6.06862 0.00591812
6.30292 6.16712 -0.000834839
6.30292 6.16712 -0.000834839
5.98212 6.50898 0.0131392
5.98212 6.50898 0.0131392
5.98212 6.50898 0.0131392
5.98212 6.50898 0.0131392
5.98212 6.50898 0.0131392
6.35562 5.83804 -0.00869581
6.35562 5.83804 -0.00869581
6.23915 6.14454 0.0161156
6.20851 6.14067 -0.025106
6.1656 6.60658 0.00998136
6.1656 6.60658 0.00998136
6.1656 6.60658 0.00998136
6.1656 6.60658 0.00998136
6.1656 6.60658 0.00998136
6.1656 6.60658 0.00998136
6.1656 6.60658 0.00998136
6.28878 6.73728 0.00160271
6.06415 6.13162 -0.0091343
6.06415 6.13162 -0.0091343
6.06415 6.13162 -0.0091343
6.06415 6.13162 -0.0091343
6.38371 5.9837 -0.00503964
6.07745 6.09105 -0.00342443
6.07745 6.09105 -0.00342443
6.07745 6.09105 -0.00342443
5.98562 6.26415 -0.00765518
6.07407 5.93378 -0.00602222
6.07407 5.93378 -0.00602222
6.07407 5.93378 -0.00602222
6.12809 5.73432 0.000711613
6.12809 5.73432 0.000711613
6.12809 5.73432 0.000711613
6.05046 6.06752 0.00366413
6.31605 6.43742 -0.00816262
6.85538 5.92592 0.00707675
6.03907 6.4759 0.000978049
5.49104 6.55237 -0.0131028
5.49104 6.55237 -0.0131028
5.49104 6.55237 -0.0131028
5.49104 6.55237 -0.0131028
6.15088 6.34558 -0.000157379
6.23591 6.80087 -0.00838894
6.23591 6.80087 -0.00838894
6.87596 6.41134 0.0071575
5.98737 6.39596 -0.00609698
6.92056 6.31913 0.014004
6.92056 6.31913 0.014004
6.32664 6.28455 -0.000411923
6.32664 6.28455 -0.000411923
6.32664 6.28455 -0.000411923
6.32664 6.28455 -0.000411923
6.56851 6.70138 -0.00285386
6.44323 6.44902 -0.00189769
6.25618 6.03368 0.00257212
6.49408 6.097 -0.00225113
6.49408 6.097 -0.00225113
5.872 6.03148 0.00498045
5.71999 6.09736 0.0029617
6.36427 6.33352 0.00367416
6.36427 6.33352 0.00367416
6.36427 6.33352 0.00367416
6.3241 6.58378 0.00125239
6.3241 6.58378 0.00125239
6.3241 6.58378 0.00125239
6.36679 6.26377 0.011129
6.36679 6.26377 0.011129
6.36679 6.26377 0.011129
6.36679 6.26377 0.011129
5.50481 5.97042 -0.00529914
5.91506 6.58427 0.0161045
5.91506 6.58427 0.0161045
5.91506 6.58427 0.0161045
5.91506 6.58427 0.0161045
5.99701 5.94832 0.00846179
5.88397 6.45744 0.00246188
6.20415 6.59718 0.00493265
6.20415 6.59718 0.00493265
6.83851 6.1068 -0.00159714
6.03926 6.23564 0.0159804
6.7382 5.71206 -0.00174834
6.7382 5.71206 -0.00174834
5.96591 6.56757 0.0035453
5.92303 5.96078 0.000366238
5.92303 5.96078 0.000366238
5.92303 5.96078 0.000366238
5.92303 5.96078 0.000366238
6.33761 6.36574 -0.00815466
6.33761 6.36574 -0.00815466
6.80933 6.2976 0.00660069
6.80933 6.2976 0.00660069
6.59975 5.97883 -0.00512408
6.59975 5.97883 -0.00512408
6.14352 5.73764 0.00895811
6.26063 5.8582 -0.00277269
6.08811 6.46337 0.0326969
5.76615 5.94812 0.00586411
6.33587 5.78037 -0.00453833
6.02641 6.33436 0.008277
6.19812 6.40592 -0.00583916
6.19812 6.40592 -0.00583916
5.95682 6.39911 0.0073034
6.46208 6.24734 0.0110804
5.85611 5.99186 3.42062e-05
6.45369 5.81554 -0.0024198
6.45369 5.81554 -0.0024198
6.45369 5.81554 -0.0024198
6.0865 5.63204 0.0124065
6.0865 5.63204 0.0124065
6.0865 5.63204 0.0124065
6.36037 6.13124 0.00558993
6.36037 6.13124 0.00558993
6.45284 6.13422 -0.0131805
6.35861 6.21532 0.00789303
5.85427 6.91379 0.00430533
5.85427 6.91379 0.00430533
6.0016 6.00858 0.00321521
6.0016 6.00858 0.00321521
6.0016 6.00858 0.00321521
6.0016 6.00858 0.00321521
6.29795 6.40483 -0.00676055
6.29795 6.40483 -0.00676055
6.03098 6.41087 0.00972368
6.19276 6.26559 -0.0156264
6.19276 6.26559 -0.0156264
6.19276 6.26559 -0.0156264
6.19276 6.26559 -0.0156264
6.36505 6.53615 0.0156073
6.2249 6.29133 5.17073e-05
6.2249 6.29133 5.17073e-05
6.67902 6.10115 0.000620317
6.14945 6.61185 0.0220428
6.14945 6.61185 0.0220428
6.07229 5.95096 -0.00351848
6.07229 5.95096 -0.00351848
6.07229 5.95096 -0.00351848
5.99942 6.17913 -0.00437094
5.84421 5.85216 -0.00136421
5.84421 5.85216 -0.00136421
6.15433 6.3314 -0.0136494
5.92898 6.08692 0.00832582
5.92898 6.08692 0.00832582
5.92898 6.08692 0.00832582
6.16451 6.12772 -0.000851931
6.39834 6.79823 -0.00612908
6.15907 6.55178 0.00587802
6.15907 6.55178 0.00587802
6.15907 6.55178 0.00587802
6.04011 6.48125 0.00796391
6.2756 6.41007 0.00520143
6.0739 6.39727 0.00501753
6.10005 6.60358 -0.00565782
6.57193 6.58618 0.0036354
6.57193 6.58618 0.0036354
6.36152 6.3255 -0.000637912
6.00516 6.27471 0.00252813
6.07274 6.74172 0.00980879
6.35499 5.78995 -0.0155413
5.57434 6.14391 0.0304142
5.78028 6.22139 0.00229386
5.78028 6.22139 0.00229386
5.78028 6.22139 0.00229386
6.72851 6.03581 0.0128859
6.72851 6.03581 0.0128859
6.72851 6.03581 0.0128859
5.98431 5.93286 -0.000655173
5.98431 5.93286 -0.000655173
5.98431 5.93286 -0.000655173
6.80535 6.16789 4.9866e-05
6.16607 5.75214 0.00269489
6.16607 5.75214 0.00269489
6.16607 5.75214 0.00269489
6.16607 5.75214 0.00269489
5.8004 6.46557 -0.00621037
5.8004 6.46557 -0.00621037
6.40977 6.5553 -0.00364251
6.40977 6.5553 -0.00364251
6.40977 6.5553 -0.00364251
6.40977 6.5553 -0.00364251
6.55639 6.28029 0.00852361
6.60798 6.23448 0.00846742
6.3766 6.50417 -0.0129741
6.3766 6.50417 -0.0129741
6.3766 6.50417 -0.0129741
6.28068 6.52215 -0.00806497
6.28068 6.52215 -0.00806497
5.95158 6.3584 0.0152496
5.95158 6.3584 0.0152496
6.34 6.49395 -0.00428924
5.99617 6.77532 -0.0129861
5.99617 6.77532 -0.0129861
6.39393 5.96072 0.00525464
6.39393 5.96072 0.00525464
6.39393 5.96072 0.00525464
6.03505 5.74438 0.0168411
6.77702 5.75342 -0.000486419
6.01586 6.19884 -0.0159607
6.01586 6.19884 -0.0159607
6.01586 6.19884 -0.0159607
5.84142 6.37057 -0.0135183
5.87412 6.24049 0.00670088
5.87412 6.24049 0.00670088
6.302 6.41376 -0.00487452
6.302 6.41376 -0.00487452
6.302 6.41376 -0.00487452
6.302 6.41376 -0.00487452
5.5978 5.95653 -0.0101975
5.5978 5.95653 -0.0101975
6.09529 6.28811 0.317199
6.51742 6.70213 0.327235
6.24081 6.09487 0.318945
7.01869 6.29915 0.340917
6.05884 6.02837 0.322372
6.21346 6.55482 0.31199
6.21346 6.55482 0.31199
6.05542 6.13772 0.315688
6.60097 6.5085 0.304096
6.60097 6.5085 0.304096
6.38693 6.6135 0.328856
6.63738 6.51161 0.30334
6.85986 5.97991 0.304621
6.85986 5.97991 0.304621
6.88416 6.67293 0.321582
6.39987 6.37122 0.31034
6.39987 6.37122 0.31034
6.16698 6.47173 0.301652
6.16698 6.47173 0.301652
6.16698 6.47173 0.301652
6.16698 6.47173 0.301652
6.03857 6.24647 0.314762
6.53228 6.35072 0.329274
6.83271 6.59186 0.310127
6.82599 6.61052 0.31135
6.87187 6.45841 0.306736
5.87444 6.7625 0.314988
5.75706 6.35573 0.308594
5.75706 6.35573 0.308594
6.81387 5.94987 0.324303
6.81387 5.94987 0.324303
6.58613 5.78408 0.330558
6.58613 5.78408 0.330558
6.53642 6.42738 0.317329
5.77224 6.55361 0.308243
6.48435 6.41528 0.317675
6.48435 6.41528 0.317675
6.15218 6.04053 0.336963
6.15218 6.04053 0.336963
6.15218 6.04053 0.336963
6.15218 6.04053 0.336963
6.33943 6.43154 0.305274
5.91563 6.13617 0.32164
6.2635 6.14367 0.323401
6.2635 6.14367 0.323401
6.29091 5.82822 0.316203
5.97106 6.16069 0.317525
5.97106 6.16069 0.317525
7.06643 6.88889 0.302192
6.28543 6.44731 0.308851
6.51701 6.60184 0.314292
5.88024 6.35478 0.299067
5.88024 6.35478 0.299067
5.88024 6.35478 0.299067
6.4475 5.9902 0.324535
5.91766 6.64467 0.3071
6.20907 6.40343 0.315675
6.20907 6.40343 0.315675
6.09367 5.92521 0.321958
5.68942 6.50956 0.325477
5.68942 6.50956 0.325477
6.20183 6.57352 0.306193
6.20183 6.57352 0.306193
6.6273 6.31796 0.315885
6.6273 6.31796 0.315885
6.6273 6.31796 0.315885
6.6273 6.31796 0.315885
6.6273 6.31796 0.315885
6.42349 6.36623 0.314432
6.42349 6.36623 0.314432
6.44968 6.19691 0.326558
6.47538 6.69529 0.312658
6.15152 6.72266 0.321034
6.48736 6.21893 0.314998
5.96761 6.28891 0.325733
6.70769 6.25906 0.325097
6.70769 6.25906 0.325097
6.85887 6.01243 0.33037
6.85887 6.01243 0.33037
6.06822 6.76158 0.333199
6.43649 6.38026 0.320081
6.43649 6.38026 0.320081
7.17316 6.71821 0.323601
7.17316 6.71821 0.323601
6.45497 6.64809 0.325841
6.45497 6.64809 0.325841
6.05996 6.29716 0.326916
6.18074 6.28062 0.335174
6.71565 6.40373 0.312555
6.37784 5.82848 0.303068
6.66229 6.32176 0.308704
6.72324 6.06962 0.317254
6.72324 6.06962 0.317254
6.40768 6.12996 0.3178
6.40768 6.12996 0.3178
6.51634 6.18661 0.307947
6.17948 6.20526 0.32705
6.5104 6.84553 0.327939
6.5104 6.84553 0.327939
6.5104 6.84553 0.327939
5.41549 6.55482 0.310597
6.19611 6.43881 0.31345
6.19611 6.43881 0.31345
6.21235 6.29822 0.321196
6.11005 6.49499 0.320961
6.07405 6.75345 0.311798
6.57099 6.04309 0.316746
6.7215 6.74363 0.269365
6.71988 6.72804 0.299811
7.24444 6.81979 0.281325
7.24444 6.81979 0.281325
6.53001 6.74253 0.314345
6.53001 6.74253 0.314345
6.68262 7.05796 0.308531
6.89059 6.59171 0.310114
6.89059 6.59171 0.310114
7.03644 6.77448 0.298481
7.03644 6.77448 0.298481
6.48431 6.54954 0.320554
6.27604 6.76059 0.308243
6.27604 6.76059 0.308243
6.27604 6.76059 0.308243
7.00715 6.7724 0.299443
6.70369 6.53821 0.287686
6.89346 7.14546 0.304973
6.96767 6.68328 0.312663
6.96767 6.68328 0.312663
6.99574 6.58211 0.305105
6.99574 6.58211 0.305105
6.69255 6.18858 0.302794
6.85409 6.76928 0.307322
6.59311 6.17929 0.27713
6.8554 6.53985 0.288145
6.64545 6.60345 0.285829
6.64545 6.60345 0.285829
6.69282 6.67785 0.324769
6.69282 6.67785 0.324769
6.47115 6.75118 0.313538
7.02515 6.57657 0.301766
6.21865 6.95961 0.296642
6.44085 6.89352 0.307192
6.29573 7.14931 0.322586
6.49503 7.07273 0.302231
6.49503 7.07273 0.302231
6.55281 7.12095 0.29749
6.69431 6.29116 0.286828
7.02501 6.91682 0.284982
6.8677 7.01974 0.301584
6.52016 6.92767 0.313671
6.66094 6.6666 0.304504
6.66094 6.6666 0.304504
7.12769 7.16808 0.306819
7.12769 7.16808 0.306819
6.8301 6.72233 0.290185
6.8301 6.72233 0.290185
6.9328 6.61443 0.296035
6.91281 6.70419 0.292082
6.8888 6.95353 0.302637
6.53467 6.20462 0.313985
6.89764 6.54093 0.298708
6.97433 6.22854 0.293754
6.97433 6.22854 0.293754
7.2491 6.88122 0.293199
6.37543 6.88096 0.297784
6.57 6.49633 0.274796
6.65048 6.9685 0.29239
7.03827 6.6311 0.294881
6.77091 6.96553 0.306317
6.77091 6.96553 0.306317
6.77091 6.96553 0.306317
6.5613 6.91295 0.295299
6.5613 6.91295 0.295299
6.89317 6.9157 0.297081
6.91992 6.5636 0.313018
6.91992 6.5636 0.313018
6.70594 6.63903 0.300715
7.25632 6.25393 0.306541
6.89333 6.75976 0.29625
6.89333 6.75976 0.29625
7.00442 6.44655 0.308683
6.98946 7.04006 0.306868
7.29375 6.47315 0.302721
6.35945 6.65845 0.306541
6.35945 6.65845 0.306541
6.35945 6.65845 0.306541
6.52329 6.81825 0.306844
6.52329 6.81825 0.306844
6.52329 6.81825 0.306844
6.98788 6.12294 0.303257
6.98788 6.12294 0.303257
6.62624 6.69936 0.29549
7.44286 6.77574 0.298887
7.44286 6.77574 0.298887
6.46766 6.81717 0.300809
6.50929 7.09269 0.304577
6.75172 7.01574 0.300985
6.72389 7.1945 0.302901
6.60422 6.8149 0.294187
6.50428 6.6884 0.290031
6.74425 6.70007 0.292757
6.95321 7.10099 0.306177
6.95321 7.10099 0.306177
6.80656 6.8455 0.312789
6.80656 6.8455 0.312789
7.26859 7.28407 0.294913
7.26859 7.28407 0.294913
7.26859 7.28407 0.294913
6.8563 6.26437 0.290416
6.90664 6.93527 0.275803
6.90664 6.93527 0.275803
7.01942 6.59229 0.304564
6.97659 6.97769 0.315199
6.97659 6.97769 0.315199
6.48908 5.89492 0.309981
6.67874 7.07129 0.306183
6.67874 7.07129 0.306183
6.67874 7.07129 0.306183
6.46463 6.5138 0.307041
6.82256 6.61702 0.30592
6.65887 7.67455 0.305282
6.65887 7.67455 0.305282
6.60296 6.31291 0.284446
6.83952 6.76301 0.27951
7.03713 7.04715 0.318139
7.03713 7.04715 0.318139
7.03713 7.04715 0.318139
7.00383 6.69278 0.32232
6.62565 6.82215 0.290723
6.86408 6.44484 0.307746
6.86408 6.44484 0.307746
7.394 7.1081 0.317108
6.07559 6.08418 0.294264
6.42912 6.57304 0.296527
7.23888 6.78925 0.312019
6.85608 6.39874 0.307419
6.69932 6.97034 0.2946
6.93441 6.60933 0.311501
6.89741 6.76904 0.269695
6.75269 6.21652 0.292567
6.75269 6.21652 0.292567
6.46478 6.56283 0.302278
6.64749 7.33286 0.282866
6.73666 6.87085 0.296658
6.73666 6.87085 0.296658
7.49445 6.6804 0.287947
6.22533 6.54981 0.302254
6.48698 6.41795 0.286725
6.48698 6.41795 0.286725
6.83236 6.57519 0.299011
6.74412 7.0003 0.316054
7.09274 6.91868 0.289738
6.89935 6.99759 0.301678
6.48894 7.26607 0.321349
6.6486 6.79584 0.298154
6.89972 7.22053 0.290827
6.38506 6.5066 0.309522
6.91463 6.87599 0.297099
6.90995 6.70984 0.301395
6.81181 6.70648 0.308335
6.81181 6.70648 0.308335
6.73214 6.94962 0.310599
7.11333 6.21967 0.286949
6.82161 6.84417 0.308999
6.82161 6.84417 0.308999
6.82161 6.84417 0.308999
6.88404 7.26747 0.299747
7.30653 7.16948 0.305039
7.30653 7.16948 0.305039
7.07058 6.81767 0.295646
7.07058 6.81767 0.295646
6.92126 6.41018 0.29203
6.72049 6.34182 0.297827
6.72049 6.34182 0.297827
6.91441 6.67396 0.293031
6.34891 6.74246 0.296806
6.55119 6.63918 0.292934
6.55119 6.63918 0.292934
6.21069 7.1761 0.303713
6.21069 7.1761 0.303713
6.21069 7.1761 0.303713
6.76138 7.03571 0.301546
6.76138 7.03571 0.301546
6.63256 7.07461 0.296244
6.59009 7.2228 0.315922
6.52242 6.36023 0.289565
6.55811 6.73956 0.299759
6.43716 6.80644 0.29654
6.43716 6.80644 0.29654
6.17574 6.37271 0.29585
6.29858 6.74519 0.297382
6.29858 6.74519 0.297382
6.88472 6.97062 0.302472
6.79357 6.91291 0.304262
6.86653 6.53964 0.296689
6.51343 6.74933 0.29177
6.51343 6.74933 0.29177
6.8293 7.18063 0.297106
6.32755 6.60538 0.317724
6.32755 6.60538 0.317724
6.56391 6.28266 0.296057
7.02605 6.58067 0.285861
7.30041 7.10111 0.304313
6.29863 6.77111 0.301921
6.52202 6.61941 0.291188
7.03497 7.06358 0.302856
7.0502 6.36827 0.307062
6.53796 6.61471 0.287027
7.02309 6.51196 0.293329
6.8512 6.90521 0.310053
6.75247 6.43782 0.29776
6.04113 6.63604 0.29485
6.87508 6.33431 0.287698
6.92835 6.58732 0.286629
6.82136 6.9654 0.292907
6.60449 6.95311 0.295807
6.89357 6.56528 0.298453
6.89357 6.56528 0.298453
6.64916 6.86272 0.287171
6.9746 6.93172 0.295997
6.77711 6.98324 0.302787
6.77926 6.91429 0.284109
6.77926 6.91429 0.284109
6.8964 7.22775 0.295952
6.8964 7.22775 0.295952
6.8964 7.22775 0.295952
6.8964 7.22775 0.295952
6.54018 6.29149 0.296038
6.81765 6.67074 0.300601
6.61046 7.03195 0.295318
6.61046 7.03195 0.295318
7.22177 6.49158 0.310992
7.22475 6.53259 0.294022
7.10326 6.92211 0.300797
6.74594 6.71157 0.300033
6.54347 6.31491 0.309804
7.06679 6.77994 0.305167
6.86655 6.42406 0.315344
7.0709 6.65596 0.300842
6.7 6.71676 0.302924
6.5355 6.64731 0.296548
6.5355 6.64731 0.296548
6.37873 6.8519 0.292355
7.24796 7.1387 0.291666
7.41427 6.67895 0.295931
7.41427 6.67895 0.295931
6.50676 6.69777 0.295679
6.50676 6.69777 0.295679
6.77022 6.57383 0.290987
6.77022 6.57383 0.290987
6.08686 6.43719 0.296733
6.74607 6.54411 0.289535
6.77793 6.91962 0.30898
6.7174 6.61266 0.283517
6.97065 6.54923 0.310799
6.96902 7.18285 0.311943
6.10785 6.66611 0.283347
6.10785 6.66611 0.283347
6.10785 6.66611 0.283347
7.15146 7.10773 0.302368
6.73324 6.27259 0.291935
6.73324 6.27259 0.291935
6.83841 7.00134 0.296991
6.83841 7.00134 0.296991
6.54918 6.7109 0.314037
6.88748 6.98129 0.283095
6.47237 6.74978 0.292106
6.93961 6.94171 0.289453
6.93961 6.94171 0.289453
6.71918 7.03625 0.297103
6.71918 7.03625 0.297103
6.98563 6.99027 0.289516
6.61806 6.94072 0.290419
6.85498 6.5511 0.298067
6.82229 7.03957 0.318879
6.30217 6.07217 0.291903
6.30217 6.07217 0.291903
6.77288 7.47592 0.293134
6.77288 7.47592 0.293134
6.60192 6.62978 0.312226
6.98916 7.01593 0.298625
6.60661 6.53935 0.296338
7.58417 7.26375 0.314958
7.58417 7.26375 0.314958
6.51523 6.85418 0.323685
6.53857 7.35454 0.324417
6.5001 6.32619 0.285178
6.5001 6.32619 0.285178
6.68841 6.89873 0.299736
7.1895 6.48769 0.316073
7.1895 6.48769 0.316073
7.50754 6.66988 0.314502
7.05889 7.13544 0.290508
7.05889 7.13544 0.290508
7.05718 6.43338 0.307326
7.0158 6.97356 0.287476
6.98378 6.74615 0.317777
6.98378 6.74615 0.317777
6.73587 6.67959 0.292543
6.82671 6.40685 0.290694
7.16456 6.62826 0.304161
6.90412 6.56725 0.29789
6.90412 6.56725 0.29789
6.90595 7.03692 0.296185
6.57767 7.13852 0.297156
6.97837 6.86229 0.304963
6.97837 6.86229 0.304963
6.71803 6.7016 0.283128
6.87168 7.29647 0.286243
6.87168 7.29647 0.286243
6.87795 6.53557 0.311669
6.60765 6.45746 0.296032
6.357 6.70771 0.303801
6.79224 6.62671 0.278776
7.26165 6.85759 0.286309
6.88464 6.81788 0.296796
6.40936 6.7162 0.281083
6.40936 6.7162 0.281083
7.35656 6.8545 0.308915
6.46423 6.18303 0.316205
5.93808 6.82346 0.30918
5.93808 6.82346 0.30918
6.87028 7.07619 0.292774
6.53242 6.96412 0.297608
6.50311 6.47913 0.295887
6.50311 6.47913 0.295887
6.50311 6.47913 0.295887
6.86508 6.85724 0.313141
6.7069 6.56722 0.316301
6.86597 6.59321 0.285613
6.73494 6.61745 0.304913
6.73494 6.61745 0.304913
7.06178 6.62517 0.302119
6.46889 6.45004 0.302301
7.37326 6.9797 0.299652
6.66762 6.77182 0.294221
6.66762 6.77182 0.294221
6.64498 6.55668 0.308371
7.0761 6.76623 0.301738
7.0761 6.76623 0.301738
6.42403 6.49775 0.307941
6.42403 6.49775 0.307941
7.14145 6.55556 0.30165
6.60703 6.75257 0.299973
6.60703 6.75257 0.299973
6.68856 6.77266 0.287208
6.68856 6.77266 0.287208
7.18779 6.88483 0.284746
7.18779 6.88483 0.284746
7.03462 6.41327 0.309056
7.03462 6.41327 0.309056
6.81721 7.4308 0.286161
6.93216 7.00193 0.298712
7.04222 6.27598 0.309261
7.04222 6.27598 0.309261
6.65433 6.3275 0.297834
6.59933 6.92237 0.292544
6.71914 6.97976 0.287686
6.61795 6.59937 0.293653
6.6617 6.60435 0.29291
6.6617 6.60435 0.29291
6.95446 6.255 0.313412
6.78728 6.95984 0.29794
6.73272 6.35394 0.299463
6.73272 6.35394 0.299463
6.35034 6.6388 0.307156
6.3163 6.90929 0.284649
6.3163 6.90929 0.284649
6.77749 7.18283 0.28885
6.77749 7.18283 0.28885
6.32974 6.97325 0.305022
6.32974 6.97325 0.305022
6.61098 6.21904 0.30148
6.61098 6.21904 0.30148
6.63332 6.5266 0.300818
6.63332 6.5266 0.300818
6.63332 6.5266 0.300818
6.81271 6.81432 0.302472
6.44543 6.34292 0.294925
6.63622 7.21956 0.295544
7.03756 7.15081 0.306347
6.84105 6.41879 0.302038
6.84105 6.41879 0.302038
6.13943 6.64396 0.30568
6.6617 6.92061 0.30019
7.40826 6.18309 0.30265
6.70699 6.82731 0.301244
6.70699 6.82731 0.301244
6.93263 6.2149 0.298844
6.77089 7.00286 0.30951
6.83227 7.18397 0.308942
7.35823 6.77644 0.307014
7.35823 6.77644 0.307014
7.35823 6.77644 0.307014
6.31898 6.95303 0.302864
6.62223 7.05075 0.292905
6.91844 7.16013 0.295534
6.91844 7.16013 0.295534
6.98061 6.87689 0.307258
6.7705 6.53 0.278816
7.14332 7.07107 0.300323
7.14332 7.07107 0.300323
6.56398 6.90709 0.307271
6.4554 6.01948 0.298766
6.81767 7.08661 0.274016
6.68259 6.653 0.290592
7.19294 7.20528 0.304695
7.19294 7.20528 0.304695
6.32531 6.99748 0.316417
7.10867 6.87812 0.28834
5.90886 7.00496 0.305543
6.73918 7.33017 0.276006
6.738 6.56346 0.282544
6.39899 6.66084 0.31053
6.39899 6.66084 0.31053
6.61672 6.59478 0.292128
6.85346 6.93738 0.305889
6.85346 6.93738 0.305889
6.86486 6.84775 0.306276
6.25159 6.29939 0.303098
7.1535 7.0716 0.295005
6.97903 6.4094 0.301185
6.49932 6.88745 0.310396
6.95881 6.55528 0.297366
6.7463 6.88481 0.307905
6.7463 6.88481 0.307905
6.62533 6.64393 0.313971
6.89556 7.32135 0.293644
6.89556 7.32135 0.293644
6.75943 6.81129 0.293466
6.76268 6.75841 0.294914
6.76268 6.75841 0.294914
6.76268 6.75841 0.294914
6.93199 7.00134 0.288258
7.04061 6.60891 0.309163
7.04061 6.60891 0.309163
7.10934 6.74764 0.295467
6.58137 6.89087 0.289935
6.93572 6.99326 0.297381
6.41132 6.45603 0.300189
6.41132 6.45603 0.300189
6.73149 6.97394 0.306418
6.5363 6.65367 0.30691
6.69094 6.80576 0.301729
6.75938 6.72031 0.301475
6.98419 6.7937 0.286421
6.64258 6.57141 0.306724
7.28103 7.07858 0.310332
6.83997 6.65327 0.296368
6.66845 6.57761 0.312629
7.16063 6.04644 0.291909
7.23191 6.49001 0.2933
6.88081 6.52205 0.277253
6.28965 6.77408 0.297436
6.28965 6.77408 0.297436
6.65509 6.11168 0.290588
6.94793 7.17129 0.311202
6.72996 6.79485 0.274151
6.65339 6.80261 0.303086
6.65339 6.80261 0.303086
6.64505 6.80375 0.304931
6.64505 6.80375 0.304931
6.54178 6.58687 0.289829
6.61263 6.75412 0.297328
6.85877 6.4046 0.295574
6.62601 6.54036 0.300297
6.8891 6.24838 0.294178
6.8891 6.24838 0.294178
6.57165 6.47385 0.285939
6.4416 6.53503 0.300834
6.4416 6.53503 0.300834
6.95599 7.16119 0.304568
7.40744 6.62279 0.28788
7.27688 6.80739 0.309402
7.00056 6.60362 0.302632
6.82847 7.15511 0.282028
6.61179 6.67494 0.288082
6.61179 6.67494 0.288082
6.84699 7.49743 0.282183
6.84699 7.49743 0.282183
6.84699 7.49743 0.282183
6.55645 6.83811 0.323884
6.55645 6.83811 0.323884
7.23737 6.9833 0.300332
6.39789 6.77649 0.307967
6.46136 6.58925 0.273444
6.46136 6.58925 0.273444
6.76661 6.46635 0.293812
6.5844 6.84648 0.296936
6.85426 7.39566 0.30799
6.7832 6.96218 0.299109
6.67115 6.80142 0.279317
6.78241 7.08898 0.289993
6.78241 7.08898 0.289993
6.94501 7.04001 0.305982
6.57497 6.49393 0.292316
6.57497 6.49393 0.292316
6.68139 6.3736 0.292943
6.66174 6.59173 0.300833
6.98417 7.25375 0.295163
6.78823 6.76613 0.29642
7.07669 7.13099 0.292817
6.21308 6.54935 0.308641
6.64702 6.51126 0.305367
6.64702 6.51126 0.305367
6.64702 6.51126 0.305367
7.2244 6.65128 0.295263
6.82894 7.40277 0.306118
6.94469 7.44252 0.293228
6.59629 7.03883 0.284929
6.44757 7.08208 0.300733
7.07267 6.36333 0.310377
7.30771 7.33268 0.295323
6.97174 7.36466 0.288411
6.97174 7.36466 0.288411
6.88616 7.18186 0.283564
7.00737 6.84119 0.288756
6.52039 6.69804 0.297538
6.47412 6.75438 0.303617
6.80836 6.79265 0.291606
6.60323 6.64076 0.294673
7.18049 6.69495 0.300681
6.84047 6.86524 0.290721
6.92676 6.44775 0.293916
7.09064 6.63749 0.310833
7.09064 6.63749 0.310833
6.42699 6.70984 0.294091
7.11215 6.97036 0.290676
7.11215 6.97036 0.290676
6.50841 6.51802 0.311944
6.70996 6.62726 0.282275
6.62278 6.69772 0.286821
6.53783 6.12327 0.296395
6.98551 6.84102 0.300204
6.98551 6.84102 0.300204
6.72947 6.55471 0.293744
6.49477 6.44111 0.285902
6.49477 6.44111 0.285902
6.76681 6.93526 0.30961
7.00877 7.06323 0.308826
7.00877 7.06323 0.308826
6.76474 6.44895 0.29526
6.76474 6.44895 0.29526
7.20494 6.66368 0.287839
7.00625 6.83824 0.321993
6.19116 6.66781 0.287305
6.19116 6.66781 0.287305
6.79953 6.97704 0.299382
6.84491 7.13099 0.310712
6.60452 6.45002 -0.0061124
6.36408 6.71882 -0.00675379
6.36408 6.71882 -0.00675379
6.36408 6.71882 -0.00675379
6.45856 6.42886 0.0141427
6.45546 5.81456 -0.00610933
6.45546 5.81456 -0.00610933
6.45546 5.81456 -0.00610933
6.12152 6.37982 -0.00961034
6.12152 6.37982 -0.00961034
6.12152 6.37982 -0.00961034
6.34206 6.42056 0.0155537
6.92517 5.84329 0.00563389
6.76795 5.96191 0.00448084
5.96633 6.48848 -0.0157292
5.96633 6.48848 -0.0157292
6.0979 6.275 0.000574986
6.82515 6.13064 0.00342185
6.82515 6.13064 0.00342185
6.83709 6.27215 -0.00934258
6.83709 6.27215 -0.00934258
6.83709 6.27215 -0.00934258
6.10811 5.44331 -0.00664959
6.74255 6.64071 0.00400399
6.74255 6.64071 0.00400399
6.74255 6.64071 0.00400399
6.40852 6.49749 -0.000127406
5.39976 5.7649 -0.0160783
5.39976 5.7649 -0.0160783
6.34736 5.9781 -0.0254993
6.04783 6.23315 0.00122725
5.55331 6.389 0.000379935
5.831 6.0098 -0.022804
5.831 6.0098 -0.022804
5.831 6.0098 -0.022804
5.831 6.0098 -0.022804
6.09749 6.49644 0.00529514
7.15128 6.49258 0.00213205
7.15128 6.49258 0.00213205
6.20592 6.47213 -0.00152185
6.04066 6.32426 0.0122364
6.22922 6.04213 -0.000609575
6.22922 6.04213 -0.000609575
6.45245 6.43548 0.000576207
6.45245 6.43548 0.000576207
6.45245 6.43548 0.000576207
5.94926 6.02058 -0.0072462
6.25902 6.62124 0.00551941
6.25902 6.62124 0.00551941
6.25902 6.62124 0.00551941
6.01322 5.90734 -0.00868962
6.01322 5.90734 -0.00868962
6.27438 6.555 -0.00770491
6.27438 6.555 -0.00770491
6.27438 6.555 -0.00770491
6.27438 6.555 -0.00770491
6.27438 6.555 -0.00770491
6.62549 6.46648 0.0142596
6.62549 6.46648 0.0142596
6.62549 6.46648 0.0142596
6.62549 6.46648 0.0142596
6.2987 5.67484 0.0159786
5.85035 6.08896 -0.00639676
5.85035 6.08896 -0.00639676
6.5183 6.43025 -0.00142055
5.88536 6.73295 0.00724185
6.91688 6.17276 -0.0162462
6.8478 6.37639 -0.0151338
6.11648 6.51757 0.00403507
6.12963 6.28325 -0.002755
6.12963 6.28325 -0.002755
5.98798 7.04411 0.0114207
5.98798 7.04411 0.0114207
6.34735 6.41841 -0.000181743
6.34735 6.41841 -0.000181743
6.06553 6.41727 0.00236405
6.19995 6.57103 0.0102319
6.19995 6.57103 0.0102319
6.39656 6.24172 -0.00506733
6.39656 6.24172 -0.00506733
6.14615 5.97484 0.0020089
6.45068 6.49311 0.01501
6.45068 6.49311 0.01501
6.13546 6.60513 -0.00991461
6.75612 5.81607 0.00740515
6.31103 6.41103 -0.00125439
6.31103 6.41103 -0.00125439
6.35616 6.07818 0.0121718
5.82566 6.77408 -0.00707027
6.15099 5.83841 -0.0199627
6.15099 5.83841 -0.0199627
6.15099 5.83841 -0.0199627
6.11191 6.40156 0.00888932
6.11191 6.40156 0.00888932
6.11191 6.40156 0.00888932
6.58179 6.37431 -0.00113985
6.58179 6.37431 -0.00113985
6.28487 6.51365 0.00488928
6.7117 6.23625 0.00854215
6.7117 6.23625 0.00854215
6.7117 6.23625 0.00854215
6.40605 6.18723 -0.000958666
6.40605 6.18723 -0.000958666
6.50862 5.9984 -0.0159103
6.50862 5.9984 -0.0159103
6.50862 5.9984 -0.0159103
6.50862 5.9984 -0.0159103
6.58624 5.8485 0.0231184
6.58624 5.8485 0.0231184
6.31943 5.94179 0.0111282
5.92706 6.17555 0.00314912
5.92706 6.17555 0.00314912
6.13538 6.30679 0.00287128
6.46434 6.23865 -0.0183354
6.26297 6.75854 -0.0321617
6.26297 6.75854 -0.0321617
6.08504 6.09875 -0.0081743
6.08504 6.09875 -0.0081743
5.90235 6.81541 0.00823574
5.90235 6.81541 0.00823574
6.14394 5.99622 -9.1259e-05
6.14394 5.99622 -9.1259e-05
6.14394 5.99622 -9.1259e-05
6.59427 6.537 0.0105791
6.59427 6.537 0.0105791
6.1268 6.04098 0.00751344
6.1268 6.04098 0.00751344
6.1268 6.04098 0.00751344
6.1268 6.04098 0.00751344
6.49899 6.26966 0.0126114
6.49899 6.26966 0.0126114
5.95169 6.0617 -0.0141852
5.95169 6.0617 -0.0141852
6.28789 6.44499 -0.00052692
6.28789 6.44499 -0.00052692
6.15221 6.49619 -0.00815397
6.22537 6.30577 0.00507651
6.22537 6.30577 0.00507651
6.33526 6.35178 0.00122237
6.18006 5.41023 0.00100482
5.78727 6.60597 -0.00378044
5.78727 6.60597 -0.00378044
6.21454 6.94272 -0.0267877
6.21454 6.94272 -0.0267877
6.37401 6.0748 0.00307415
6.37401 6.0748 0.00307415
6.37401 6.0748 0.00307415
5.90252 6.15961 0.0100636
5.90252 6.15961 0.0100636
5.90252 6.15961 0.0100636
5.90252 6.15961 0.0100636
6.4768 6.64167 -0.00790588
6.4768 6.64167 -0.00790588
6.19475 6.39842 0.00360391
6.46157 6.46804 -0.00681603
6.29364 6.35356 -0.00160002
6.04278 6.7948 0.0164937
6.04278 6.7948 0.0164937
6.22722 5.96173 0.00274176
6.22722 5.96173 0.00274176
6.61994 6.80597 -0.00551868
6.29399 6.79212 -0.0106937
6.29399 6.79212 -0.0106937
5.99354 6.11415 -0.00723187
5.99354 6.11415 -0.00723187
6.47843 6.26563 -0.00415373
5.76109 6.48786 0.00950246
6.33321 5.99698 0.0256372
6.33321 5.99698 0.0256372
6.33321 5.99698 0.0256372
6.33321 5.99698 0.0256372
6.34043 6.43278 -0.00897665
6.16388 6.13424 0.0168164
6.16388 6.13424 0.0168164
6.24149 6.43749 0.00449126
6.38384 6.57223 -0.00515951
6.05492 6.27008 0.01044
5.75981 6.47858 0.00835216
6.4899 6.24014 -0.0134383
6.4899 6.24014 -0.0134383
6.76747 6.24163 0.000433278
6.17837 6.37666 -0.00431399
6.09096 6.00304 -0.00130837
5.76582 6.15232 -0.00311394
6.35549 5.92846 0.000761441
6.35549 5.92846 0.000761441
6.37768 6.33232 -0.00446777
6.22201 6.52112 0.00360147
6.22201 6.52112 0.00360147
6.16396 5.93615 0.0152673
6.16396 5.93615 0.0152673
6.71908 5.84675 -0.00038444
6.42357 6.69738 -0.0103486
6.54425 6.86318 -0.0197892
6.54425 6.86318 -0.0197892
6.54425 6.86318 -0.0197892
6.3909 6.18288 -0.0083197
5.88754 5.6725 0.0109277
6.18958 7.06673 0.00396186
6.7891 6.29173 -0.00574945
6.7891 6.29173 -0.00574945
6.7891 6.29173 -0.00574945
6.11057 6.17749 0.000216675
5.74886 5.96646 -0.0124291
6.79736 6.21296 -0.00571661
6.79736 6.21296 -0.00571661
6.79736 6.21296 -0.00571661
6.1256 6.2476 -0.0105352
6.1256 6.2476 -0.0105352
6.38086 6.16319 0.00348682
6.38086 6.16319 0.00348682
6.38086 6.16319 0.00348682
6.38086 6.16319 0.00348682
6.38086 6.16319 0.00348682
6.38086 6.16319 0.00348682
6.21123 6.24977 -0.00545218
6.21123 6.24977 -0.00545218
6.21123 6.24977 -0.00545218
6.479 6.46054 -0.00344145
6.479 6.46054 -0.00344145
6.11755 6.40941 -0.0107328
6.22479 6.74723 -0.00331306
6.24122 5.99597 -0.00802388
6.24122 5.99597 -0.00802388
6.12183 6.14037 -0.00268201
6.52053 5.82146 -0.0320923
6.11687 6.2754 -0.012367
6.11687 6.2754 -0.012367
7.02806 6.56739 0.00621821
7.02806 6.56739 0.00621821
7.02806 6.56739 0.00621821
7.02806 6.56739 0.00621821
7.02806 6.56739 0.00621821
7.02806 6.56739 0.00621821
7.02806 6.56739 0.00621821
7.02806 6.56739 0.00621821
6.74658 5.79495 0.00694101
6.74658 5.79495 0.00694101
6.28735 5.69285 0.00218445
6.28735 5.69285 0.00218445
6.28735 5.69285 0.00218445
6.28735 5.69285 0.00218445
6.87632 6.14113 0.000438949
6.87632 6.14113 0.000438949
6.37409 5.84254 0.0112397
6.37409 5.84254 0.0112397
6.63088 6.0784 0.00783962
6.03331 6.52848 0.00951897
6.90805 6.38412 0.0121898
6.27916 6.74269 0.00795353
6.40282 6.43447 -0.00123252
6.40282 6.43447 -0.00123252
6.40282 6.43447 -0.00123252
6.40282 6.43447 -0.00123252
6.25127 6.08794 -0.00121113
6.25127 6.08794 -0.00121113
6.03038 6.13089 0.0151725
6.03038 6.13089 0.0151725
6.64396 6.56519 0.0110304
6.64396 6.56519 0.0110304
6.64396 6.56519 0.0110304
6.08771 6.36821 -0.0170911
6.58901 6.20032 -4.34995e-05
6.44475 6.12344 -0.00178555
6.36251 5.73168 -0.00824866
6.35742 5.88588 -0.00996864
6.35742 5.88588 -0.00996864
6.35439 6.33393 -0.00986985
6.35439 6.33393 -0.00986985
6.35439 6.33393 -0.00986985
6.35439 6.33393 -0.00986985
6.35439 6.33393 -0.00986985
6.35047 6.20468 0.00110656
6.39656 6.01515 -0.00345348
6.39656 6.01515 -0.00345348
6.39656 6.01515 -0.00345348
6.39656 6.01515 -0.00345348
6.54167 6.19985 0.00951522
6.76056 6.041 0.00462978
6.76056 6.041 0.00462978
6.45764 6.41597 0.00876756
6.45764 6.41597 0.00876756
6.45764 6.41597 0.00876756
6.54938 6.23812 0.00233099
6.25609 6.70151 0.0149849
5.64985 7.061 0.00699223
5.64985 7.061 0.00699223
5.64985 7.061 0.00699223
5.64985 7.061 0.00699223
5.64985 7.061 0.00699223
5.64985 7.061 0.00699223
6.0717 6.46616 5.22844e-06
6.51787 6.16253 0.00954529
6.51787 6.16253 0.00954529
5.95909 6.68611 -0.014522
6.26072 6.27046 -0.000842233
6.26072 6.27046 -0.000842233
6.27057 6.23382 0.011468
6.27057 6.23382 0.011468
6.27057 6.23382 0.011468
6.35097 6.32025 0.00928992
7.04882 6.19113 -0.0131833
7.04882 6.19113 -0.0131833
5.75145 6.34128 0.013569
6.44461 6.12818 0.00399574
6.3834 5.99118 -0.000841756
6.79313 6.01859 0.00285389
6.79313 6.01859 0.00285389
6.08778 5.97768 0.00585969
6.08778 5.97768 0.00585969
6.08778 5.97768 0.00585969
6.08778 5.97768 0.00585969
6.08778 5.97768 0.00585969
6.08778 5.97768 0.00585969
6.11514 6.5443 -0.0177422
6.11514 6.5443 -0.0177422
6.11514 6.5443 -0.0177422
6.11514 6.5443 -0.0177422
6.11514 6.5443 -0.0177422
6.51207 6.85314 0.0235975
6.38467 5.93367 0.0136546
6.38467 5.93367 0.0136546
6.39213 6.33977 0.00960248
6.39213 6.33977 0.00960248
6.17121 5.9997 -0.00788235
6.17121 5.9997 -0.00788235
6.3379 5.87242 0.00174155
6.3379 5.87242 0.00174155
6.3379 5.87242 0.00174155
6.42556 6.14283 0.0115667
6.42556 6.14283 0.0115667
6.06656 6.45883 -0.0143082
6.06656 6.45883 -0.0143082
6.29568 6.13021 0.00925956
6.24206 6.34909 -0.00421747
5.94054 6.42883 0.00945785
5.94054 6.42883 0.00945785
5.85917 6.34293 -0.00749164
5.85917 6.34293 -0.00749164
6.86359 6.23693 -0.0118193
5.89825 6.27074 -0.0176732
5.89825 6.27074 -0.0176732
5.89825 6.27074 -0.0176732
5.89825 6.27074 -0.0176732
5.83204 6.41763 -0.00237009
5.83204 6.41763 -0.00237009
5.93856 6.62316 -0.0108335
5.93856 6.62316 -0.0108335
5.93856 6.62316 -0.0108335
6.20567 6.49586 0.0220695
6.20567 6.49586 0.0220695
6.82535 6.46258 0.00049888
6.82535 6.46258 0.00049888
6.82535 6.46258 0.00049888
6.39328 6.40508 -0.0055939
6.39328 6.40508 -0.0055939
6.39328 6.40508 -0.0055939
6.39328 6.40508 -0.0055939
6.24229 5.96343 0.000194017
6.24229 5.96343 0.000194017
6.24229 5.96343 0.000194017
6.66019 5.91114 0.00664764
6.46141 6.24896 -0.0102901
7.09074 7.11179 -0.00797979
7.09074 7.11179 -0.00797979
6.3558 6.33502 0.00846055
6.3558 6.33502 0.00846055
5.90149 6.46534 0.00618622
5.76808 6.16094 0.00957531
6.29072 6.12533 0.0204825
6.29072 6.12533 0.0204825
6.29072 6.12533 0.0204825
6.21124 6.86769 -0.0208406
6.21124 6.86769 -0.0208406
6.24824 6.08837 -0.00566606
6.24824 6.08837 -0.00566606
5.91594 6.41948 -0.0017181
5.91594 6.41948 -0.0017181
6.28613 6.28592 -0.00194991
6.28613 6.28592 -0.00194991
6.06707 6.44541 -0.00299966
6.08658 6.19597 -0.0161202
6.08658 6.19597 -0.0161202
6.08658 6.19597 -0.0161202
6.08658 6.19597 -0.0161202
6.08658 6.19597 -0.0161202
6.1842 5.71904 0.00388301
6.1501 6.0492 0.0058643
6.1501 6.0492 0.0058643
6.1501 6.0492 0.0058643
6.1501 6.0492 0.0058643
6.1501 6.0492 0.0058643
6.0466 6.23163 -0.00105652
6.4314 5.83252 -0.0164542
6.4314 5.83252 -0.0164542
6.4314 5.83252 -0.0164542
6.4314 5.83252 -0.0164542
5.89132 6.23276 0.00274589
5.89132 6.23276 0.00274589
5.89132 6.23276 0.00274589
6.42584 6.63248 0.020915
5.83897 5.84874 0.011872
5.83897 5.84874 0.011872
5.83818 5.94752 -0.00761065
6.01523 5.82805 0.000908424
6.11088 5.60123 0.014289
6.11088 5.60123 0.014289
6.11088 5.60123 0.014289
5.97251 5.88607 0.00207206
6.08978 6.47803 0.00640852
6.30781 6.50558 0.00179634
6.30781 6.50558 0.00179634
6.39231 5.98226 0.00691836
6.39231 5.98226 0.00691836
6.39231 5.98226 0.00691836
6.36416 6.14827 -0.0149604
6.36416 6.14827 -0.0149604
6.29162 6.29235 -0.00481619
6.29162 6.29235 -0.00481619
6.38099 6.20392 0.0020841
6.61391 6.146 0.00090098
6.24235 6.67739 0.0019055
6.24235 6.67739 0.0019055
6.24235 6.67739 0.0019055
6.24235 6.67739 0.0019055
6.24235 6.67739 0.0019055
6.24235 6.67739 0.0019055
6.43692 6.12666 0.000853764
6.37161 6.51356 0.0088476
6.37161 6.51356 0.0088476
6.37161 6.51356 0.0088476
6.48801 6.63251 0.00877565
6.48801 6.63251 0.00877565
6.53284 6.54183 0.306503
6.39752 6.37239 0.319274
6.77549 6.45605 0.319528
6.74541 6.05095 0.317995
6.74541 6.05095 0.317995
6.14893 6.20514 0.308011
6.14893 6.20514 0.308011
5.81617 6.59441 0.318473
5.81617 6.59441 0.318473
7.0539 6.37536 0.312819
6.59696 6.10088 0.302917
6.59696 6.10088 0.302917
6.59696 6.10088 0.302917
6.55229 6.23875 0.308158
6.55229 6.23875 0.308158
6.1311 5.93332 0.311207
6.78226 6.06065 0.320006
6.78226 6.06065 0.320006
6.0399 6.22284 0.317775
6.64875 6.55055 0.313409
6.64875 6.55055 0.313409
6.53348 5.91878 0.336273
6.53348 5.91878 0.336273
6.612 6.09251 0.31949
6.34003 6.36845 0.302913
6.07789 6.32941 0.318631
6.07789 6.32941 0.318631
6.06432 6.11409 0.302906
6.06432 6.11409 0.302906
6.06432 6.11409 0.302906
6.53945 6.29278 0.329047
6.53945 6.29278 0.329047
6.25197 6.15602 0.343081
6.1313 5.9035 0.322494
6.04377 6.09987 0.335392
6.30432 6.31722 0.290707
6.30432 6.31722 0.290707
6.30432 6.31722 0.290707
6.12499 6.35934 0.317784
6.12499 6.35934 0.317784
6.12499 6.35934 0.317784
6.11951 6.12428 0.325041
6.72037 6.02145 0.310604
6.27221 6.38432 0.300137
5.66341 6.35336 0.307939
6.44995 5.85037 0.314248
6.74624 6.07612 0.302745
6.74624 6.07612 0.302745
6.67002 5.88981 0.305588
6.74352 5.86506 0.316439
7.06094 6.46745 0.328882
6.50188 6.48973 0.321733
6.50188 6.48973 0.321733
5.89517 6.02367 0.325575
5.89517 6.02367 0.325575
6.4367 6.13245 0.317999
6.4367 6.13245 0.317999
6.34264 6.40454 0.311933
6.41698 6.16574 0.31991
6.41698 6.16574 0.31991
6.2064 6.79763 0.311885
6.2064 6.79763 0.311885
6.24603 6.73353 0.323539
6.24603 6.73353 0.323539
6.27054 6.34682 0.316113
6.19897 6.25125 0.29561
6.45841 6.51881 0.330009
6.13665 6.13105 0.312244
6.62213 5.99111 0.320589
6.62213 5.99111 0.320589
6.62213 5.99111 0.320589
6.71688 6.8172 0.328029
6.29421 7.10706 0.326194
6.50066 6.74712 0.333069
6.18632 6.19601 0.321858
6.18632 6.19601 0.321858
6.4528 5.95091 0.305208
6.4528 5.95091 0.305208
6.24033 6.54036 0.316762
6.24033 6.54036 0.316762
6.21872 6.46898 0.307526
6.12087 6.10149 0.309292
6.20922 7.12704 0.318268
6.20922 7.12704 0.318268
5.98071 6.71989 0.315514
5.98071 6.71989 0.315514
6.54805 6.50416 0.312507
6.54805 6.50416 0.312507
6.14305 6.83705 0.317944
6.14305 6.83705 0.317944
6.28424 6.38815 0.311572
6.27725 6.67629 0.316452
6.84872 6.50183 0.312544
6.84872 6.50183 0.312544
6.84872 6.50183 0.312544
6.3967 6.31574 0.321186
6.3967 6.31574 0.321186
6.38085 6.16687 0.309603
6.12205 6.63315 0.324484
6.12205 6.63315 0.324484
6.12205 6.63315 0.324484
6.215 6.66791 0.324492
6.27372 7.04826 0.323298
6.02989 6.03576 0.302337
6.02989 6.03576 0.302337
6.45433 6.3396 0.313565
5.68987 6.59586 0.318253
6.43838 6.69943 0.308854
6.43838 6.69943 0.308854
6.43838 6.69943 0.308854
6.43838 6.69943 0.308854
6.43838 6.69943 0.308854
6.43838 6.69943 0.308854
5.79661 5.71476 0.333027
5.79661 5.71476 0.333027
6.03516 6.53448 0.315464
6.03516 6.53448 0.315464
6.03516 6.53448 0.315464
5.65277 6.28348 0.31871
5.65277 6.28348 0.31871
5.65277 6.28348 0.31871
5.65277 6.28348 0.31871
6.47943 6.64481 0.324808
6.47943 6.64481 0.324808
6.35722 6.31102 0.305211
6.42973 6.50591 0.308164
6.42973 6.50591 0.308164
6.42973 6.50591 0.308164
6.42973 6.50591 0.308164
6.13615 6.32624 0.308198
6.13615 6.32624 0.308198
6.93638 5.96184 0.312907
6.3396 6.17453 0.31063
6.06076 6.49011 0.312219
6.06076 6.49011 0.312219
6.02359 6.58798 0.321517
6.02359 6.58798 0.321517
6.54465 6.38617 0.317568
6.54465 6.38617 0.317568
6.36111 6.55412 0.326888
6.68032 6.40163 0.328106
5.96987 6.35695 0.321593
6.27214 6.34968 0.323009
6.27214 6.34968 0.323009
6.27214 6.34968 0.323009
6.08935 5.78408 0.327129
6.26007 6.71158 0.332085
6.50124 6.80829 0.319667
6.74441 6.53623 0.329261
6.29257 6.26319 0.318636
6.46288 6.11488 0.309198
6.46288 6.11488 0.309198
6.3322 6.78077 0.303645
6.70722 6.08661 0.320711
6.70722 6.08661 0.320711
6.70722 6.08661 0.320711
6.70722 6.08661 0.320711
6.58846 6.37346 0.308779
6.58846 6.37346 0.308779
6.58846 6.37346 0.308779
6.55194 6.20243 0.327985
6.26547 6.65655 0.309506
6.35099 6.37682 0.314572
6.35099 6.37682 0.314572
6.35099 6.37682 0.314572
6.27619 6.27189 0.310593
6.27619 6.27189 0.310593
5.75294 5.70469 0.32375
5.75294 5.70469 0.32375
5.75294 5.70469 0.32375
5.75294 5.70469 0.32375
5.75294 5.70469 0.32375
5.75294 5.70469 0.32375
5.75294 5.70469 0.32375
5.75294 5.70469 0.32375
6.35695 6.91603 0.333494
6.35695 6.91603 0.333494
6.69403 6.96956 0.307191
6.69403 6.96956 0.307191
6.0096 6.2337 0.322442
6.68772 6.08363 0.309541
6.68772 6.08363 0.309541
6.68772 6.08363 0.309541
6.70796 6.07529 0.31199
6.70796 6.07529 0.31199
6.42467 6.80197 0.30434
6.35882 5.67804 0.304971
6.67288 6.11097 0.311742
6.67288 6.11097 0.311742
6.86105 6.40277 0.329042
6.86105 6.40277 0.329042
5.89916 6.18616 0.322326
5.89916 6.18616 0.322326
6.56696 6.11348 0.313001
6.56696 6.11348 0.313001
6.12738 6.25085 0.307507
6.72026 6.51901 0.314834
6.72026 6.51901 0.314834
6.72026 6.51901 0.314834
6.72026 6.51901 0.314834
6.18475 6.80761 0.320666
6.42298 6.48036 0.335034
6.15151 6.27122 0.331236
6.23979 6.56607 0.322927
5.76103 6.79493 0.327228
5.60366 6.51558 0.320593
6.04896 6.17492 0.321301
6.04896 6.17492 0.321301
6.06195 6.70378 0.32284
6.06195 6.70378 0.32284
6.25451 6.25962 0.327076
6.25451 6.25962 0.327076
6.13554 6.51888 0.323397
6.13554 6.51888 0.323397
6.13554 6.51888 0.323397
6.63452 5.99591 0.333424
6.28127 6.35088 0.323607
6.28127 6.35088 0.323607
6.28127 6.35088 0.323607
6.51064 6.02412 0.32846
6.51064 6.02412 0.32846
6.70478 6.27508 0.329472
6.70478 6.27508 0.329472
6.36973 6.02922 0.311327
6.38107 6.28004 0.316377
6.38107 6.28004 0.316377
6.19572 5.92767 0.2945
6.19572 5.92767 0.2945
6.19572 5.92767 0.2945
6.10469 6.08721 0.30561
6.10469 6.08721 0.30561
5.84738 6.54708 0.330757
5.84738 6.54708 0.330757
5.84738 6.54708 0.330757
5.84738 6.54708 0.330757
6.59596 6.0381 0.31226
6.40537 6.29604 0.317219
6.23917 6.60168 0.315854
6.68396 6.02875 0.32472
6.40362 6.53591 0.319113
6.40362 6.53591 0.319113
6.40362 6.53591 0.319113
6.19528 6.4824 0.305759
6.48643 6.38046 0.314205
6.75637 6.20215 0.326513
5.87145 6.56807 0.311914
5.87145 6.56807 0.311914
6.52514 5.99479 0.298546
6.09432 6.23318 0.313183
6.09432 6.23318 0.313183
6.13365 5.94016 0.322638
6.13365 5.94016 0.322638
6.13365 5.94016 0.322638
6.24625 6.29867 0.315865
6.24625 6.29867 0.315865
6.39813 6.75008 0.32438
6.39813 6.75008 0.32438
6.7402 6.49554 0.324847
6.7402 6.49554 0.324847
6.7402 6.49554 0.324847
6.81564 7.00818 0.328985
5.85258 5.91299 0.308759
6.30392 6.18567 0.329699
6.37827 6.19132 0.310483
6.37827 6.19132 0.310483
6.03324 6.39563 0.314855
6.47489 6.18837 0.316462
6.33372 6.57157 0.324501
6.28016 6.06356 0.32822
6.28016 6.06356 0.32822
6.28016 6.06356 0.32822
6.77722 6.06614 0.326219
6.77722 6.06614 0.326219
6.13156 6.41531 0.306065
5.74284 6.69005 0.313117
5.74284 6.69005 0.313117
6.19501 6.48333 0.308885
6.19501 6.48333 0.308885
6.2279 6.28835 0.313471
6.40473 6.62206 0.312966
6.27536 6.70597 0.301558
6.27536 6.70597 0.301558
6.567 6.92363 0.329691
6.567 6.92363 0.329691
6.25587 6.58947 0.324781
5.938 6.29526 0.3101
6.28422 6.063 0.308968
6.22221 6.83548 0.317102
6.59546 6.19891 0.297201
6.48206 6.61157 0.2915
6.48206 6.61157 0.2915
6.48206 6.61157 0.2915
6.48206 6.61157 0.2915
6.4743 6.63388 0.301531
6.4743 6.63388 0.301531
6.14159 6.42917 0.312919
6.14159 6.42917 0.312919
6.85888 6.64367 0.301342
6.15842 6.93036 0.325327
6.57565 6.02201 0.321795
6.43451 6.12266 0.303566
6.56773 5.57582 0.310483
6.56773 5.57582 0.310483
7.01422 6.22501 0.324668
7.01422 6.22501 0.324668
6.09876 6.30342 0.317295
6.65388 6.31603 0.303311
6.36656 5.5495 0.30975
6.34906 6.36652 0.324218
6.54898 6.70871 0.300408
6.54898 6.70871 0.300408
7.0945 6.4266 0.302394
7.24386 6.94578 0.281175
7.03293 6.6699 0.293393
7.03293 6.6699 0.293393
6.79848 6.66843 0.313009
6.7549 6.57291 0.303753
6.83577 6.76623 0.318234
6.83577 6.76623 0.318234
6.66352 6.64959 0.298787
6.66352 6.64959 0.298787
6.96335 7.02259 0.299096
7.10476 6.63271 0.306714
6.83827 7.12287 0.289463
6.61551 7.04877 0.310258
6.97712 6.60728 0.283695
7.06166 6.08799 0.309749
7.06166 6.08799 0.309749
6.94563 6.56632 0.300363
7.19128 6.25564 0.313991
6.68554 7.12539 0.292118
7.0348 6.53444 0.302046
6.82533 6.31309 0.288647
6.53636 6.58789 0.270895
7.05565 7.34066 0.296563
6.72294 7.01741 0.279966
6.58857 6.75022 0.302777
6.79308 6.61713 0.289015
7.02601 6.82345 0.296992
6.85369 6.81916 0.271037
7.15106 6.9142 0.305735
6.88054 6.68674 0.303378
6.88054 6.68674 0.303378
6.42491 6.86537 0.295994
6.85205 6.5748 0.29379
6.92232 7.11424 0.295933
6.59213 6.52093 0.316348
6.45512 6.20204 0.279263
6.92465 6.16963 0.293093
6.92465 6.16963 0.293093
7.34863 6.87072 0.300696
6.58646 6.63995 0.325029
6.86494 6.52336 0.285607
6.76082 6.63186 0.316775
6.40073 6.99177 0.276099
6.40073 6.99177 0.276099
6.84768 7.10596 0.307615
6.77728 6.61858 0.297056
6.77728 6.61858 0.297056
6.94383 6.80328 0.299072
7.10165 6.82332 0.298509
6.97583 6.40299 0.314207
6.97583 6.40299 0.314207
6.97583 6.40299 0.314207
6.40071 6.6658 0.307285
6.71423 6.70265 0.29923
6.71423 6.70265 0.29923
6.94084 6.50546 0.29947
6.94084 6.50546 0.29947
6.94084 6.50546 0.29947
6.98937 6.38245 0.299432
6.98937 6.38245 0.299432
6.98937 6.38245 0.299432
6.99309 7.0608 0.300839
6.85313 6.93408 0.286541
6.62947 6.88815 0.294165
6.65506 6.6215 0.307424
6.60859 6.27184 0.287798
6.41337 6.83785 0.29677
7.011 7.25934 0.292134
7.10136 6.88893 0.296892
6.66313 6.68568 0.297846
6.54719 7.21178 0.296731
6.54719 7.21178 0.296731
7.00469 6.86827 0.293891
6.7207 6.51275 0.302286
6.65389 6.50029 0.28125
6.78247 6.62366 0.296745
6.78247 6.62366 0.296745
6.46102 6.2265 0.318455
6.46102 6.2265 0.318455
6.35691 6.92367 0.28126
6.35691 6.92367 0.28126
6.43221 6.46737 0.308636
6.73764 6.91125 0.308502
7.14258 6.7137 0.296267
6.1428 6.501 0.292841
6.60252 7.21288 0.309211
7.19287 6.88683 0.275161
7.0035 7.60678 0.302354
6.88358 6.67664 0.316594
6.88358 6.67664 0.316594
6.88358 6.67664 0.316594
6.55154 6.98947 0.297294
6.55154 6.98947 0.297294
6.55154 6.98947 0.297294
6.95958 7.0098 0.293522
6.95958 7.0098 0.293522
6.95958 7.0098 0.293522
6.54735 7.26263 0.31319
6.75154 6.92258 0.298378
6.83737 7.466 0.291749
6.44366 6.87591 0.298952
6.44366 6.87591 0.298952
6.63319 6.98642 0.30313
6.63319 6.98642 0.30313
7.19559 6.98784 0.305757
6.8581 7.08054 0.293682
7.09978 6.89267 0.31612
7.24712 6.96177 0.29023
7.24712 6.96177 0.29023
7.24712 6.96177 0.29023
7.13599 6.1962 0.291544
7.13599 6.1962 0.291544
6.81966 6.47515 0.299978
6.72704 7.03227 0.295497
6.72704 7.03227 0.295497
7.01882 6.01568 0.298161
6.72857 6.85022 0.29555
7.4288 6.40281 0.304272
6.66613 6.39771 0.292846
6.66613 6.39771 0.292846
6.66613 6.39771 0.292846
6.28384 6.26198 0.304391
6.28384 6.26198 0.304391
6.95083 5.96133 0.295653
6.83297 6.68488 0.293406
6.87375 6.82105 0.296543
6.87375 6.82105 0.296543
6.4793 6.62466 0.296886
6.4793 6.62466 0.296886
6.7942 6.93229 0.308884
6.7942 6.93229 0.308884
6.79377 7.2059 0.293125
7.04914 7.19116 0.303857
6.55095 6.69034 0.285586
6.45523 6.75412 0.298419
6.40777 6.29324 0.302188
6.40777 6.29324 0.302188
6.78475 7.32504 0.291038
6.8276 6.4708 0.304834
5.94277 6.86442 0.321395
7.52266 6.73853 0.297744
7.52266 6.73853 0.297744
7.17935 6.51279 0.281906
6.65932 6.97154 0.293567
6.78438 6.95496 0.287768
7.08291 7.33673 0.318882
7.21933 6.64752 0.298144
6.66203 7.05776 0.302618
6.8054 6.25175 0.301656
6.8054 6.25175 0.301656
7.12634 6.66695 0.280658
6.86976 7.07754 0.298592
6.98393 6.66436 0.296199
6.88284 6.65201 0.296056
6.55966 7.15487 0.303068
6.55966 7.15487 0.303068
6.69574 6.51251 0.305274
6.66775 6.37333 0.295686
6.66775 6.37333 0.295686
6.64568 6.72063 0.307974
6.66214 6.15397 0.292336
7.25685 6.12131 0.288376
7.25685 6.12131 0.288376
7.00458 6.25879 0.301267
6.70034 6.38331 0.293813
7.05509 6.48986 0.290152
7.23515 6.59983 0.301606
7.17705 7.02615 0.283167
7.17171 6.67008 0.292416
7.17171 6.67008 0.292416
6.62092 6.8063 0.312071
6.62092 6.8063 0.312071
6.62914 6.16619 0.293302
6.62914 6.16619 0.293302
7.08843 6.68612 0.296812
7.08843 6.68612 0.296812
7.08843 6.68612 0.296812
6.79786 6.82249 0.291093
6.83034 6.98296 0.30407
6.65316 7.15319 0.280196
6.65316 7.15319 0.280196
6.5875 6.31237 0.283656
7.59171 7.31492 0.296071
6.94887 6.88042 0.284952
6.94887 6.88042 0.284952
6.94887 6.88042 0.284952
6.6024 6.74388 0.287042
7.08558 6.83256 0.293735
6.94719 6.64939 0.308092
6.94719 6.64939 0.308092
6.94719 6.64939 0.308092
6.93589 6.6309 0.301643
7.25053 6.71575 0.311369
6.65462 6.79972 0.283497
6.92868 6.90455 0.291963
6.30166 7.22062 0.308165
6.30166 7.22062 0.308165
6.82802 6.38713 0.302492
6.57756 6.35227 0.300754
6.67211 6.96434 0.296332
6.92791 6.71082 0.308408
7.13945 6.78277 0.300867
7.13945 6.78277 0.300867
7.13945 6.78277 0.300867
6.38574 6.72657 0.298314
6.36351 6.37307 0.287872
7.15303 7.07846 0.284795
6.56188 6.46615 0.309151
7.03738 7.29739 0.279016
7.40312 6.62019 0.305503
7.40312 6.62019 0.305503
6.88225 6.79166 0.298048
6.88225 6.79166 0.298048
7.12652 6.46086 0.300911
6.3736 6.37562 0.294807
6.95248 7.12692 0.309435
6.68577 6.02808 0.295014
6.68577 6.02808 0.295014
6.71503 6.64785 0.287055
6.66421 6.86983 0.312844
6.66421 6.86983 0.312844
7.52348 7.58165 0.280066
7.52348 7.58165 0.280066
7.52348 7.58165 0.280066
7.22198 6.70928 0.282248
6.63913 6.77221 0.292155
6.63913 6.77221 0.292155
6.63913 6.77221 0.292155
6.74048 6.84273 0.291417
6.89903 6.23653 0.308831
6.43096 6.61605 0.29764
6.50691 6.23769 0.307699
6.72465 6.82634 0.294151
6.5158 6.59551 0.29771
6.94188 6.9254 0.286134
6.33831 6.7981 0.297555
6.93902 6.97335 0.297296
6.96365 6.63393 0.29465
6.78705 6.91431 0.283454
6.32173 6.37468 0.290434
6.48183 6.89765 0.285234
6.8504 7.25376 0.306323
6.8504 7.25376 0.306323
6.98683 6.5684 0.301591
6.4593 6.5565 0.303253
6.81708 6.71408 0.286939
7.26343 7.09892 0.295254
7.26343 7.09892 0.295254
7.05694 6.54724 0.275778
6.99181 6.96749 0.304718
6.80536 6.65076 0.294525
6.80536 6.65076 0.294525
6.58679 7.19856 0.301746
6.79561 6.74799 0.293909
6.79561 6.74799 0.293909
5.99426 6.51072 0.318928
6.08737 6.59659 0.312517
6.08737 6.59659 0.312517
5.79979 6.21571 0.00965199
5.79979 6.21571 0.00965199
6.70325 6.56003 -0.00314776
6.70325 6.56003 -0.00314776
6.70325 6.56003 -0.00314776
6.82227 6.72023 0.000843406
6.82227 6.72023 0.000843406
5.97473 6.40027 -0.0192377
6.47297 6.38341 0.00692892
6.47297 6.38341 0.00692892
6.47297 6.38341 0.00692892
6.47297 6.38341 0.00692892
6.47297 6.38341 0.00692892
6.23268 6.00392 -0.0248975
6.70454 6.98862 0.00273673
6.3622 6.57952 -0.00490751
6.35731 6.47985 -0.0141816
6.39645 6.48794 0.00608874
6.39645 6.48794 0.00608874
6.16248 6.1131 0.017497
6.16248 6.1131 0.017497
6.16248 6.1131 0.017497
6.31558 6.52664 -0.00338523
6.50757 5.97528 0.00411373
5.74481 6.2398 0.0022158
6.69132 6.13475 -0.000878542
6.2016 5.85691 -0.00430111
6.2016 5.85691 -0.00430111
6.47002 6.34473 -0.0116705
6.3403 6.02852 0.0191007
6.3403 6.02852 0.0191007
6.22779 6.34668 0.0112911
6.22779 6.34668 0.0112911
5.91987 5.79362 0.0171348
5.91987 5.79362 0.0171348
5.91987 5.79362 0.0171348
6.29278 6.32153 0.00483112
6.29278 6.32153 0.00483112
6.15432 5.82843 -0.00606631
6.15432 5.82843 -0.00606631
6.14941 6.32433 -0.0093585
6.14941 6.32433 -0.0093585
6.69585 6.34764 0.00761261
6.91345 5.90338 0.0057686
6.91345 5.90338 0.0057686
6.91345 5.90338 0.0057686
6.91345 5.90338 0.0057686
6.21619 6.44309 -0.00627157
6.21619 6.44309 -0.00627157
5.91651 6.65681 0.0190277
6.44616 6.0543 0.00381259
6.44616 6.0543 0.00381259
6.44616 6.0543 0.00381259
6.69239 6.11091 -0.0053349
6.69239 6.11091 -0.0053349
5.98017 6.09192 0.00077641
6.62225 7.12551 0.296069
6.80858 6.819 0.287361
6.95228 6.61919 0.30855
6.43517 6.50855 0.304142
6.85664 7.26523 0.301643
6.91797 7.02514 0.295585
6.91797 7.02514 0.295585
6.91797 7.02514 0.295585
6.87067 6.72947 0.304622
7.04919 6.05533 0.309095
7.04919 6.05533 0.309095
6.56249 6.28061 0.29036
6.56249 6.28061 0.29036
5.96023 7.24634 0.301792
6.30987 6.54377 0.30035
7.09718 6.54737 0.305145
6.94422 6.82833 0.303929
7.00046 6.57191 0.295375
7.00046 6.57191 0.295375
6.63371 6.70128 0.309699
6.63371 6.70128 0.309699
6.78269 6.2171 0.313223
6.65213 6.79345 0.291918
7.13873 6.63947 0.280369
6.86509 7.43636 0.300728
6.27042 7.35218 0.30218
6.59112 6.74858 0.29762
6.49756 6.65197 0.294307
7.04402 6.44124 0.306587
7.04402 6.44124 0.306587
7.04402 6.44124 0.306587
6.29822 6.68167 0.315896
6.29822 6.68167 0.315896
6.29822 6.68167 0.315896
6.17209 6.85959 0.287475
6.88527 6.8217 0.315813
6.88527 6.8217 0.315813
6.87782 6.89418 0.292499
6.38172 6.45752 0.29787
6.7349 7.07711 0.307155
6.74556 6.64696 0.273075
6.63911 6.19925 -0.00732188
6.44737 5.73607 0.00679362
6.15228 6.80762 -0.00632429
6.14743 6.37932 -0.00634401
6.14743 6.37932 -0.00634401
6.22693 6.08153 0.00126048
6.22693 6.08153 0.00126048
5.78175 6.50904 -0.00141438
6.14612 6.06315 0.0300387
6.20813 5.8882 -0.0108767
6.20813 5.8882 -0.0108767
6.40373 5.79019 0.0157926
6.08586 6.03654 0.0017828
6.51987 6.48037 0.00516992
6.51987 6.48037 0.00516992
6.46893 6.35399 0.010449
6.22395 6.0262 0.00445695
6.22395 6.0262 0.00445695
6.70008 6.0342 -0.00303744
6.17395 6.65384 0.0196596
6.17395 6.65384 0.0196596
6.17395 6.65384 0.0196596
6.17395 6.65384 0.0196596
6.16121 6.25992 -0.0148239
6.16121 6.25992 -0.0148239
6.16121 6.25992 -0.0148239
6.16121 6.25992 -0.0148239
6.16121 6.25992 -0.0148239
6.21051 6.1116 -0.00359972
6.21051 6.1116 -0.00359972
6.21051 6.1116 -0.00359972
6.21051 6.1116 -0.00359972
6.24325 6.36714 -0.00406974
5.61534 6.26814 -0.000369011
5.61534 6.26814 -0.000369011
5.61534 6.26814 -0.000369011
6.13772 6.31426 0.00236595
6.13772 6.31426 0.00236595
6.58709 6.13345 0.326538
6.13275 6.37909 0.318737
6.27067 6.19866 0.312339
5.99269 6.00458 0.311341
5.78521 5.87867 0.327788
6.7087 6.18968 0.313548
6.30532 6.7278 0.314206
6.37501 7.23597 0.328984
6.66132 6.5629 0.31107
6.6713 6.58062 0.325054
6.6713 6.58062 0.325054
6.61188 6.5527 0.318155
6.40378 6.23229 0.325825
6.40378 6.23229 0.325825
6.40378 6.23229 0.325825
6.06101 6.7458 0.315329
6.06101 6.7458 0.315329
7.41876 6.09464 0.298114
6.43119 6.99943 0.309226
6.43119 6.99943 0.309226
6.51552 6.20541 0.312974
5.96145 6.47876 0.310047
5.80159 6.82302 0.31248
6.69432 6.33904 0.323684
6.11387 6.92937 0.299239
6.18242 5.91789 0.339993
6.18242 5.91789 0.339993
6.18242 5.91789 0.339993
6.08418 6.15062 0.331747
6.08418 6.15062 0.331747
5.79833 6.56081 0.316339
6.45066 6.15106 0.320462
6.27093 6.51375 0.313384
6.27093 6.51375 0.313384
6.19659 6.07626 0.31882
6.29548 6.35448 0.308294
6.29548 6.35448 0.308294
6.41839 6.21889 0.303863
6.41839 6.21889 0.303863
6.12226 6.62412 0.312025
6.12226 6.62412 0.312025
6.12226 6.62412 0.312025
6.12226 6.62412 0.312025
6.12226 6.62412 0.312025
6.5386 6.09669 0.310324
6.34379 6.61571 0.309306
6.34379 6.61571 0.309306
6.34379 6.61571 0.309306
6.37617 6.43201 0.310847
6.31423 6.42352 0.313499
6.78959 6.52796 0.337282
6.16868 6.18102 0.313514
6.16868 6.18102 0.313514
6.2338 6.44247 0.307907
6.19973 6.42131 0.286422
6.19973 6.42131 0.286422
6.60638 6.20871 0.313079
6.19624 5.79416 0.335608
6.3861 6.80029 0.309609
6.48293 6.66372 0.33282
6.31702 6.26177 0.328653
6.31702 6.26177 0.328653
6.57348 7.1485 0.306963
6.72248 6.70559 0.306847
7.06365 7.03798 0.308055
7.09178 6.76694 0.28881
7.46573 6.07861 0.311908
3.9382 46.556 -66.807
3.9382 46.556 -66.807
3.9382 46.556 -66.807
3.9382 46.556 -66.807
6.47277 6.32665 -0.00217135
6.60697 6.12504 0.00426616
6.18831 6.55845 -0.00054696
6.18831 6.55845 -0.00054696
6.4243 6.54679 0.0160478
6.09836 6.03378 -0.00259969
6.05006 6.50889 -0.0188627
5.92837 6.45598 -0.00182504
6.01998 6.48252 -0.0115455
6.13782 6.60016 0.0156272
6.40255 6.22241 -0.0173554
6.15796 6.40126 -0.00396698
6.19247 6.17904 -0.0153367
6.09804 6.14537 0.000585507
6.31318 6.16147 -0.00760273
6.44089 6.28682 0.014225
6.44089 6.28682 0.014225
6.3065 6.43374 0.00464194
6.28838 5.98052 0.0112194
6.27972 5.97753 -0.0023066
6.2715 6.16939 -0.0154241
5.7125 6.37239 -0.00587658
6.03463 6.70893 0.328866
6.4451 6.79127 0.324348
6.6037 6.36776 0.320172
6.83095 6.68272 0.325591
6.68083 6.12514 0.327962
6.26902 6.68636 0.311469
6.86751 6.06459 0.316486
5.84887 6.53581 0.30484
5.84887 6.53581 0.30484
5.84887 6.53581 0.30484
6.27388 5.94588 0.309674
6.34477 6.53121 0.310585
6.38983 6.2177 0.326777
6.77819 6.31437 0.321886
6.55846 5.94969 0.312184
6.36134 5.92406 0.295169
6.73806 6.84695 0.298402
7.06031 6.60606 0.321524
6.69607 6.16258 0.315986
6.86973 6.34484 0.303097
6.29483 6.43823 0.307613
6.09525 6.75981 0.317792
5.97726 6.29092 0.311849
6.11606 6.63768 0.311238
6.69854 6.27839 0.323688
6.71748 6.82626 0.292122
7.2303 7.05348 0.30689
6.82731 7.20954 0.305983
6.32073 7.04987 0.297433
6.22267 6.88076 0.311236
6.81328 7.10437 0.293273
6.81328 7.10437 0.293273
7.21163 6.66341 0.295677
6.40112 6.54073 0.301334
7.31302 6.91436 0.309002
7.08941 6.64441 0.301163
7.13113 7.42968 0.294211
6.65334 7.06067 0.292662
6.21666 6.71111 0.303212
6.75705 6.73889 0.322539
6.77936 6.20187 0.292272
6.97689 6.55414 0.296331
6.94176 6.91598 0.298194
6.33199 6.79204 0.288805
6.54996 6.64451 0.303688
6.36627 6.51925 0.29349
7.37648 7.04026 0.296286
7.29856 6.60956 0.294815
6.89399 6.03509 0.288777
6.65017 6.6285 0.302802
7.25759 7.43042 0.285267
3.9382 46.556 -66.807
3.9382 46.556 -66.807
3.9382 46.556 -66.807
3.9382 46.556 -66.807
3.9382 46.556 -66.807
3.9382 46.556 -66.807
3.9382 46.556 -66.807
6.08774 6.20284 -0.0255484
6.60697 6.12504 0.00426616
6.12651 6.00634 0.00669385
5.4721 6.06707 -0.0121194
6.6511 6.40756 -0.0197961
6.09836 6.03378 -0.00259969
6.05006 6.50889 -0.0188627
6.28662 7.21494 -0.0147462
6.01998 6.48252 -0.0115455
5.99613 6.66106 -0.00733499
6.11428 5.64396 -0.0165289
6.48469 5.98098 0.307259
6.48469 5.98098 0.307259
6.93113 6.20204 0.32222
6.01069 6.88645 0.323805
6.15105 6.19805 0.311619
6.6964 6.64514 0.322599
6.44404 6.53201 0.31412
6.19569 6.35717 0.328973
6.57187 6.02572 0.326
6.29729 6.63992 0.296038
6.29729 6.63992 0.296038
6.59257 6.61948 0.302479
6.13504 6.75063 0.317568
6.40225 6.46289 0.29822
6.18507 6.09438 0.298799
6.23471 6.70465 0.307468
6.0741 6.6291 0.314238
6.51715 6.44169 0.316535
6.51715 6.44169 0.316535
6.57185 6.40215 0.327272
6.39995 6.25685 0.316888
6.39995 6.25685 0.316888
6.84507 6.88261 0.321731
6.84507 6.88261 0.321731
6.06584 6.29906 0.309986
6.06584 6.29906 0.309986
6.56447 6.45243 0.318016
6.15788 6.17268 0.317918
6.15788 6.17268 0.317918
6.72678 5.62095 0.306712
6.72678 5.62095 0.306712
6.50781 6.60748 0.331179
6.53746 6.17977 0.332962
6.53746 6.17977 0.332962
5.95716 5.96402 0.325641
5.95716 5.96402 0.325641
6.46114 6.81866 0.333771
6.47676 6.03579 0.315693
6.47676 6.03579 0.315693
6.47676 6.03579 0.315693
6.61927 6.12861 0.320661
6.61927 6.12861 0.320661
6.06111 6.43694 0.301991
6.71564 5.70862 0.337173
6.57483 6.14697 0.32603
6.57483 6.14697 0.32603
6.57483 6.14697 0.32603
6.07486 6.47272 0.329509
6.07486 6.47272 0.329509
6.85289 6.45662 0.339343
6.44179 6.11748 0.306661
5.62924 6.82519 0.336159
6.61862 6.55559 0.310184
6.07855 6.10829 0.324122
6.07855 6.10829 0.324122
6.38768 6.36303 0.320405
6.99653 6.23503 0.31874
6.99653 6.23503 0.31874
6.99653 6.23503 0.31874
5.95878 6.39706 0.32915
6.11813 6.62327 0.305676
6.4801 6.58268 0.32377
6.05169 6.39712 0.313161
6.34926 6.68377 0.318245
6.34926 6.68377 0.318245
6.15714 6.36708 0.309154
6.47063 6.23706 0.32138
6.47063 6.23706 0.32138
7.10607 6.81347 0.322385
6.70398 6.27758 0.309649
6.4647 6.34352 0.320529
6.19106 6.35263 0.311313
6.19106 6.35263 0.311313
6.19106 6.35263 0.311313
6.19106 6.35263 0.311313
5.76093 6.14968 0.306886
6.4587 6.23873 0.323548
6.4587 6.23873 0.323548
6.4587 6.23873 0.323548
6.4587 6.23873 0.323548
6.64309 6.27588 0.318931
6.64309 6.27588 0.318931
6.4247 6.42771 0.31587
6.4247 6.42771 0.31587
6.18928 6.22665 0.329631
6.18928 6.22665 0.329631
6.48199 5.9845 0.320171
6.59271 6.71969 0.318558
6.29651 6.01056 0.296161
6.29651 6.01056 0.296161
6.39023 6.16039 0.30962
6.39023 6.16039 0.30962
6.27551 6.50314 0.325212
6.27551 6.50314 0.325212
6.70345 6.54843 0.324577
6.70345 6.54843 0.324577
6.07786 5.92516 0.333179
7.10417 6.54611 0.323071
7.10417 6.54611 0.323071
5.93983 6.45715 0.317529
6.25844 6.54808 0.322998
6.51677 6.30545 0.290011
6.51677 6.30545 0.290011
6.51677 6.30545 0.290011
6.58405 6.06189 0.319836
6.58405 6.06189 0.319836
6.58405 6.06189 0.319836
6.8218 6.31233 0.322476
6.8218 6.31233 0.322476
6.59263 6.19645 0.313154
5.87002 6.14703 0.31415
6.2371 7.02685 0.333766
5.52194 5.97796 0.304758
6.06917 6.63705 0.313827
6.06917 6.63705 0.313827
6.32053 7.0576 0.313306
5.85173 6.74775 0.297055
5.85173 6.74775 0.297055
5.85173 6.74775 0.297055
7.06648 6.27037 0.309049
7.06648 6.27037 0.309049
6.2311 6.51915 0.317374
6.2311 6.51915 0.317374
6.2311 6.51915 0.317374
6.1694 6.19747 0.311215
6.1694 6.19747 0.311215
6.29944 6.31997 0.320774
6.62995 6.78145 0.303771
6.51674 5.66767 0.327891
6.39977 6.41305 0.303175
6.39977 6.41305 0.303175
6.69951 6.4976 0.317582
6.37947 5.78096 0.319125
6.37947 5.78096 0.319125
6.52465 5.57296 0.319095
6.52465 5.57296 0.319095
6.19161 6.05825 0.306913
6.43929 5.74338 0.341141
6.43929 5.74338 0.341141
6.45245 5.85735 0.316558
6.06283 6.15171 0.319748
6.06283 6.15171 0.319748
6.06283 6.15171 0.319748
6.45589 6.05782 0.321264
6.7807 6.37877 0.311814
6.53316 6.21854 0.312037
6.10315 6.75396 0.301495
6.10315 6.75396 0.301495
6.10315 6.75396 0.301495
6.43845 5.7396 0.30672
6.43845 5.7396 0.30672
6.68683 6.78725 0.330159
6.68683 6.78725 0.330159
6.68683 6.78725 0.330159
6.08129 6.39263 0.316217
5.93208 5.94553 0.316746
6.36898 5.97174 0.325709
6.00895 6.02644 0.308627
6.00895 6.02644 0.308627
6.3619 6.72095 0.307154
6.3554 6.48554 0.340006
6.3554 6.48554 0.340006
6.3554 6.48554 0.340006
6.3554 6.48554 0.340006
6.17519 6.72092 0.339448
5.68529 6.50481 0.308409
6.75252 6.52432 0.308365
6.75252 6.52432 0.308365
5.85123 5.80429 0.29761
6.4485 6.12291 0.31555
6.25079 6.56029 0.310284
6.25079 6.56029 0.310284
6.25079 6.56029 0.310284
5.83449 6.1481 0.311433
6.29734 6.22545 0.318338
6.29734 6.22545 0.318338
6.08086 6.38532 0.312933
6.08086 6.38532 0.312933
6.54108 6.33303 0.333132
6.15755 6.72358 0.330734
6.28485 5.65429 0.32227
6.63846 6.07798 0.305795
6.63846 6.07798 0.305795
6.0375 6.24343 0.317061
6.0375 6.24343 0.317061
6.0375 6.24343 0.317061
6.0375 6.24343 0.317061
6.0375 6.24343 0.317061
6.56755 6.44708 0.327789
6.56755 6.44708 0.327789
6.42783 6.30192 0.317258
6.26725 5.95211 0.309134
6.23052 6.53332 0.310949
6.01276 6.06554 0.338311
6.67763 6.28202 0.313666
6.67763 6.28202 0.313666
6.67763 6.28202 0.313666
6.43402 6.5864 0.329495
6.41922 6.41559 0.338426
6.41922 6.41559 0.338426
6.41909 6.30988 0.314453
5.94759 6.42542 0.307957
6.34548 6.17446 0.341729
6.34548 6.17446 0.341729
6.34548 6.17446 0.341729
6.34548 6.17446 0.341729
6.64089 6.53703 0.323694
6.3493 6.43305 0.320913
6.15887 6.1793 0.313027
6.15887 6.1793 0.313027
6.23749 6.62171 0.300841
6.23749 6.62171 0.300841
6.0606 6.62536 0.315766
5.7556 6.52114 0.336546
6.67301 5.88789 0.308125
6.75026 6.43444 0.306824
6.30298 6.22168 0.327338
6.30298 6.22168 0.327338
5.94369 6.29405 0.330752
5.71658 6.77026 0.32514
5.71658 6.77026 0.32514
6.0435 6.20743 0.330789
6.0435 6.20743 0.330789
6.46583 6.39975 0.316354
6.95915 6.85761 0.31812
6.4626 6.70521 0.297069
6.4626 6.70521 0.297069
6.94627 6.24201 0.312672
5.90237 6.6237 0.307161
5.90237 6.6237 0.307161
6.1348 6.11272 0.315276
6.1348 6.11272 0.315276
6.45661 6.82392 0.315882
6.45661 6.82392 0.315882
6.45661 6.82392 0.315882
7.01313 6.78897 0.322048
7.01313 6.78897 0.322048
7.01313 6.78897 0.322048
7.01313 6.78897 0.322048
7.01313 6.78897 0.322048
6.13878 6.69922 0.321327
6.55953 6.31398 0.315922
6.28918 6.50045 0.305951
6.46749 6.62466 0.312176
6.43622 6.25755 0.323315
6.43622 6.25755 0.323315
6.43622 6.25755 0.323315
5.82311 5.98396 0.326084
5.82311 5.98396 0.326084
5.82311 5.98396 0.326084
6.28202 6.26002 0.317004
6.28202 6.26002 0.317004
6.38015 6.06719 0.306227
6.48209 6.89828 0.327069
6.48209 6.89828 0.327069
6.48209 6.89828 0.327069
5.92922 6.82824 0.328502
5.92922 6.82824 0.328502
5.92922 6.82824 0.328502
5.92922 6.82824 0.328502
5.92922 6.82824 0.328502
6.25366 6.2694 0.308726
6.6641 6.37413 0.305639
6.6641 6.37413 0.305639
6.37268 6.55524 0.316665
6.37268 6.55524 0.316665
6.84506 6.46306 0.328854
6.50181 6.75528 0.316255
6.50181 6.75528 0.316255
6.50181 6.75528 0.316255
6.50181 6.75528 0.316255
6.33946 6.59052 0.315526
6.0865 5.98999 0.32393
6.04668 5.97185 0.31028
6.04668 5.97185 0.31028
5.9505 6.7141 0.317523
5.9505 6.7141 0.317523
6.1202 6.45191 0.324989
6.73512 6.65742 0.307813
6.73512 6.65742 0.307813
5.94321 6.92557 0.316329
5.94321 6.92557 0.316329
5.94321 6.92557 0.316329
7.15847 6.0371 0.315513
7.15847 6.0371 0.315513
7.15847 6.0371 0.315513
6.27812 6.54767 0.324508
6.27812 6.54767 0.324508
6.36598 6.0469 0.309539
6.37016 6.08626 0.32027
6.20348 6.04842 0.331134
6.36534 6.15456 0.319499
6.36534 6.15456 0.319499
6.36445 6.54418 0.31873
6.36445 6.54418 0.31873
6.36445 6.54418 0.31873
6.36445 6.54418 0.31873
6.1737 6.63371 0.327752
6.1737 6.63371 0.327752
6.06941 6.59826 0.310392
6.62951 5.81607 0.313077
6.62951 5.81607 0.313077
6.62951 5.81607 0.313077
6.62951 5.81607 0.313077
6.74141 6.75165 0.330998
6.74141 6.75165 0.330998
6.55982 6.40695 0.326188
5.95106 6.85951 0.324252
7.18598 6.17225 0.318813
6.03695 6.31007 0.315675
6.23194 6.5865 0.329431
6.72188 6.74372 0.307493
6.26376 6.68339 0.308705
6.65376 6.53812 0.309036
5.75946 5.87721 0.297119
6.50064 6.60023 0.328778
6.32815 6.62659 0.315002
5.78673 6.68987 0.339316
5.80643 6.42734 0.337217
5.80643 6.42734 0.337217
5.65161 6.4211 0.310773
5.65161 6.4211 0.310773
5.91577 6.56156 0.337854
6.75319 6.13485 0.303833
6.3972 6.07995 0.336392
6.26366 6.23936 0.312719
6.11968 6.39869 0.321218
6.11968 6.39869 0.321218
6.40395 6.31054 0.325495
6.40395 6.31054 0.325495
6.55932 6.42275 0.327195
6.55932 6.42275 0.327195
6.55932 6.42275 0.327195
6.66229 6.13096 0.318781
6.66229 6.13096 0.318781
5.75386 6.342 0.305282
6.10474 5.93748 0.310581
6.10474 5.93748 0.310581
6.43958 6.01291 0.325854
6.43958 6.01291 0.325854
6.43958 6.01291 0.325854
6.26882 6.13162 0.325524
6.26882 6.13162 0.325524
6.39164 6.43334 0.293592
6.39164 6.43334 0.293592
6.02825 6.06221 0.296605
6.02825 6.06221 0.296605
6.6086 6.38028 0.322437
6.6086 6.38028 0.322437
6.33172 6.20413 0.325089
6.33172 6.20413 0.325089
6.33172 6.20413 0.325089
6.63907 6.68057 0.31961
6.63907 6.68057 0.31961
6.63907 6.68057 0.31961
6.8652 6.28481 0.308311
5.85045 6.14078 0.31326
6.42777 6.73132 0.316101
6.42777 6.73132 0.316101
6.1464 6.96465 0.313089
6.1464 6.96465 0.313089
5.42432 6.11008 0.314148
5.42432 6.11008 0.314148
6.8168 5.93276 0.330117
6.8168 5.93276 0.330117
6.8168 5.93276 0.330117
6.20773 6.2932 0.316307
6.27367 6.19278 0.302342
6.27367 6.19278 0.302342
6.19753 6.49716 0.324422
6.19753 6.49716 0.324422
6.05065 6.33773 0.311215
6.05065 6.33773 0.311215
6.58829 6.5394 0.323245
6.84119 6.30742 0.3161
6.84119 6.30742 0.3161
6.84119 6.30742 0.3161
6.84119 6.30742 0.3161
6.51297 6.03612 0.307735
6.20756 6.49028 0.330693
7.02821 6.6846 0.31385
7.02821 6.6846 0.31385
6.61126 6.13198 0.311845
6.25902 6.59342 0.315614
6.40219 6.52784 0.318801
6.40219 6.52784 0.318801
6.40219 6.52784 0.318801
6.40219 6.52784 0.318801
6.11889 6.0658 0.311746
6.11889 6.0658 0.311746
6.83936 6.11796 0.303415
6.83936 6.11796 0.303415
6.1791 6.59999 0.314638
6.1791 6.59999 0.314638
6.5497 5.99866 0.302252
6.68608 5.80356 0.326664
6.58144 6.21405 0.309543
6.14497 6.55557 0.322446
6.14497 6.55557 0.322446
6.94253 6.38411 0.310502
6.37139 6.72726 0.319871
6.51389 6.3312 0.314564
6.46952 5.60933 0.324073
6.37203 6.24452 0.305222
6.40534 5.95366 0.349584
6.40534 5.95366 0.349584
6.50378 6.28436 0.307244
6.31665 6.61626 0.306176
6.70617 6.34576 0.309198
6.70617 6.34576 0.309198
6.97299 5.84664 0.32464
6.97299 5.84664 0.32464
6.97299 5.84664 0.32464
6.97299 5.84664 0.32464
6.97299 5.84664 0.32464
6.30236 5.83155 0.329565
6.60539 5.88927 0.319516
6.34937 6.04737 0.325448
6.71781 5.96557 0.306214
6.71781 5.96557 0.306214
6.06498 6.35117 0.307287
6.89729 6.70312 0.321061
6.91088 5.81665 0.329896
6.128 6.49267 0.316574
6.15197 5.83167 0.315866
6.15197 5.83167 0.315866
6.21845 6.69677 0.321768
6.42056 6.26524 0.305928
6.39396 6.60054 0.329906
6.39396 6.60054 0.329906
6.17526 6.44815 0.321643
6.36072 6.19924 0.331021
6.14819 6.4255 0.317141
6.0528 6.41583 0.323906
6.87548 6.34943 0.319193
6.10234 6.56749 0.315111
6.5275 6.57212 0.321094
6.5275 6.57212 0.321094
6.5275 6.57212 0.321094
6.47851 6.51539 0.322113
6.23729 6.03756 0.319766
5.76562 6.45398 0.312657
6.7049 5.94816 0.315332
6.7049 5.94816 0.315332
6.732 6.21891 0.322853
6.732 6.21891 0.322853
6.28991 6.29488 0.321956
6.28991 6.29488 0.321956
6.28991 6.29488 0.321956
6.60725 6.25645 0.312887
6.10596 6.52677 0.33767
6.94539 6.39268 0.317453
6.43643 6.20043 0.296742
6.43643 6.20043 0.296742
6.43643 6.20043 0.296742
6.70642 6.39251 0.314721
6.70642 6.39251 0.314721
6.01631 6.89359 0.341549
6.01631 6.89359 0.341549
6.10911 5.82716 0.320009
6.10911 5.82716 0.320009
6.10911 5.82716 0.320009
6.33224 6.20197 0.312966
6.34527 6.63842 0.31346
6.34527 6.63842 0.31346
6.34527 6.63842 0.31346
6.30971 6.14946 0.316724
5.97395 6.26306 0.317704
6.55197 6.23575 0.297985
6.55197 6.23575 0.297985
6.55197 6.23575 0.297985
6.55197 6.23575 0.297985
6.13734 6.33845 0.303938
6.13734 6.33845 0.303938
6.08411 6.46309 0.321004
6.08411 6.46309 0.321004
6.08411 6.46309 0.321004
6.34959 5.93109 0.320528
6.68046 6.34516 0.318774
5.87155 5.98044 0.304317
5.87155 5.98044 0.304317
6.31925 6.49636 0.314435
6.68206 5.5653 0.328855
5.86789 6.60053 0.31957
5.86789 6.60053 0.31957
5.86789 6.60053 0.31957
5.86789 6.60053 0.31957
6.62861 6.0972 0.335426
6.62861 6.0972 0.335426
6.62861 6.0972 0.335426
6.40824 6.29784 0.310673
6.40824 6.29784 0.310673
6.40824 6.29784 0.310673
6.32644 6.30825 0.304836
6.32644 6.30825 0.304836
6.32278 5.89479 0.334328
6.16409 6.70439 0.323316
6.27902 6.3684 0.315602
6.27902 6.3684 0.315602
6.85167 5.75461 0.315828
6.85167 5.75461 0.315828
6.6684 6.23607 0.307985
6.6684 6.23607 0.307985
6.6684 6.23607 0.307985
6.32948 6.47291 0.29537
6.17704 6.52131 0.293115
6.01513 6.31472 0.320302
6.14091 6.56531 0.321444
6.23371 5.93788 0.316023
6.23371 5.93788 0.316023
6.25476 6.04249 0.318203
6.04647 6.60288 0.314906
6.18104 6.219 0.314242
6.10922 6.43796 0.305125
6.10922 6.43796 0.305125
6.46829 6.40474 0.304729
6.0293 6.27033 0.330749
6.0293 6.27033 0.330749
6.0293 6.27033 0.330749
6.39885 6.33494 0.298287
6.39885 6.33494 0.298287
6.61447 7.04445 0.322791
6.61447 7.04445 0.322791
6.12427 6.46628 0.332544
6.67678 6.21996 0.311652
6.67678 6.21996 0.311652
6.26534 6.31367 0.307004
6.26534 6.31367 0.307004
6.56109 6.43107 0.295895
6.16952 6.29754 0.326716
6.43879 6.34734 0.315311
6.43879 6.34734 0.315311
6.70536 5.96359 0.30485
6.70536 5.96359 0.30485
6.67561 6.32024 0.325214
5.94981 6.18058 0.308353
5.94981 6.18058 0.308353
6.20762 6.31535 0.316045
6.47887 6.75477 0.305719
5.95554 6.40799 0.309456
5.95554 6.40799 0.309456
6.75595 6.88824 0.296278
6.54633 6.33 0.321503
6.54633 6.33 0.321503
6.27181 6.71793 0.31338
6.27181 6.71793 0.31338
6.1216 6.26582 0.316185
5.97757 6.91473 0.320948
6.01296 6.72131 0.298742
6.25382 6.41841 0.30969
6.5642 6.563 0.30689
6.66098 6.24097 0.311588
6.66098 6.24097 0.311588
6.66098 6.24097 0.311588
6.10297 6.60294 0.311265
6.94005 6.38449 0.311403
6.94005 6.38449 0.311403
6.94005 6.38449 0.311403
6.16328 6.46369 0.324019
6.16328 6.46369 0.324019
6.03014 6.4908 0.318008
6.64209 6.59592 0.324669
6.64209 6.59592 0.324669
6.30184 6.37806 0.325377
6.50041 6.58389 0.316033
6.20184 6.96639 0.322236
6.7791 5.97149 0.331285
6.7791 5.97149 0.331285
6.7791 5.97149 0.331285
6.61157 5.74207 0.313365
6.61157 5.74207 0.313365
6.34937 6.21502 0.308711
6.34937 6.21502 0.308711
6.13648 6.7557 0.308026
6.65145 6.62965 0.317721
6.65145 6.62965 0.317721
6.65145 6.62965 0.317721
6.82151 6.51644 0.316405
6.56577 6.13461 0.314278
6.56577 6.13461 0.314278
6.56577 6.13461 0.314278
6.27813 6.088 0.317992
6.14467 6.45875 0.325794
6.6493 5.88144 0.312773
6.6493 5.88144 0.312773
6.6493 5.88144 0.312773
6.307 6.30408 0.31938
6.49745 5.83397 0.296911
6.21392 6.29443 0.3119
6.21392 6.29443 0.3119
6.20576 6.05279 0.307302
6.20576 6.05279 0.307302
6.00644 6.67829 0.3038
6.32201 5.91255 0.327427
6.32201 5.91255 0.327427
5.94444 5.61427 0.330785
6.2246 6.3335 0.320815
6.2246 6.3335 0.320815
6.16463 6.57936 0.300186
6.23663 6.41177 0.323839
5.7702 6.49256 0.317735
6.5823 6.75757 0.319544
6.59474 5.92231 0.329009
6.38661 5.97854 0.303909
6.38661 5.97854 0.303909
6.38661 5.97854 0.303909
6.48323 6.06455 0.302064
6.03251 6.59647 0.32285
6.03251 6.59647 0.32285
6.85302 6.73384 0.309373
6.85302 6.73384 0.309373
6.26327 6.33151 0.305061
6.26327 6.33151 0.305061
6.65534 5.63589 0.299196
6.65534 5.63589 0.299196
6.65534 5.63589 0.299196
6.28336 6.52844 0.331357
5.91616 5.90907 0.319856
5.91616 5.90907 0.319856
6.05306 6.59871 0.324265
6.21269 5.79644 0.315396
6.24011 6.2337 0.325037
6.29788 6.56117 0.319257
6.29788 6.56117 0.319257
6.29788 6.56117 0.319257
6.26108 6.11957 0.301319
6.26108 6.11957 0.301319
6.11538 6.98411 0.323644
6.71208 6.57324 0.326743
6.71208 6.57324 0.326743
6.19042 6.3173 0.296132
6.18558 5.99433 0.312161
6.9681 6.12498 0.301691
6.9681 6.12498 0.301691
6.27167 6.55586 0.305553
6.27167 6.55586 0.305553
6.27167 6.55586 0.305553
6.29053 6.13278 0.317482
6.29053 6.13278 0.317482
6.64664 6.60067 0.332574
6.64664 6.60067 0.332574
6.74157 6.06607 0.319465
6.74157 6.06607 0.319465
6.74157 6.06607 0.319465
6.07324 5.84528 0.316889
6.07324 5.84528 0.316889
6.6291 5.77355 0.335819
6.6291 5.77355 0.335819
6.16037 6.79691 0.307427
6.16037 6.79691 0.307427
6.37776 6.31674 0.310603
6.37776 6.31674 0.310603
6.01856 6.55628 0.311814
6.37923 6.79003 0.322999
5.83325 6.63171 0.33734
5.83325 6.63171 0.33734
6.87193 6.05573 0.313807
6.19618 6.31721 0.328817
6.19618 6.31721 0.328817
6.26801 6.31415 0.3112
6.26801 6.31415 0.3112
6.03817 6.17439 0.321875
6.67946 6.03641 0.329875
6.67946 6.03641 0.329875
6.67946 6.03641 0.329875
6.3028 6.84073 0.312338
6.72523 6.66648 0.295257
5.92236 6.22206 0.318883
5.92236 6.22206 0.318883
6.11462 6.34782 0.320702
6.56891 6.16528 0.31194
6.56891 6.16528 0.31194
6.56891 6.16528 0.31194
6.9103 5.94124 0.319707
6.9103 5.94124 0.319707
6.9103 5.94124 0.319707
6.05948 6.45195 0.318103
6.05948 6.45195 0.318103
6.05948 6.45195 0.318103
6.32101 6.07997 0.319298
6.60197 6.74429 0.322697
6.60197 6.74429 0.322697
6.23841 6.11702 0.324677
6.23841 6.11702 0.324677
6.23841 6.11702 0.324677
6.23841 6.11702 0.324677
6.3664 6.22453 0.321512
6.21552 6.05337 0.321436
6.80206 5.98542 0.00317921
6.80206 5.98542 0.00317921
6.80206 5.98542 0.00317921
6.80206 5.98542 0.00317921
5.97591 6.04422 -0.0016145
6.54113 6.51896 0.00721302
5.77498 6.09904 0.0091748
5.77498 6.09904 0.0091748
6.20424 6.32656 0.0196443
6.56072 6.20057 -0.00748432
6.25528 5.83118 6.07586e-05
6.25528 5.83118 6.07586e-05
6.49183 6.32075 0.00166764
6.49183 6.32075 0.00166764
6.49183 6.32075 0.00166764
6.93293 6.46929 0.00987188
6.93293 6.46929 0.00987188
6.93293 6.46929 0.00987188
6.50865 5.92079 0.014284
6.50865 5.92079 0.014284
6.49071 6.04931 0.00521265
6.49071 6.04931 0.00521265
7.05819 5.8732 0.0135288
5.91891 5.95148 0.00377805
5.91891 5.95148 0.00377805
6.38992 6.23154 -0.00771963
6.54342 6.53896 0.0146639
6.08248 6.16638 -0.00466011
6.08248 6.16638 -0.00466011
6.08248 6.16638 -0.00466011
6.47542 5.73785 0.000114523
6.47542 5.73785 0.000114523
6.47542 5.73785 0.000114523
6.22746 6.06769 0.000713676
6.22746 6.06769 0.000713676
5.93595 6.25466 -0.0115552
6.45811 6.29051 -0.000212044
6.2968 6.25629 0.0140914
6.2968 6.25629 0.0140914
6.73017 6.37159 -0.021661
6.73017 6.37159 -0.021661
6.09173 5.8971 0.0117418
6.09173 5.8971 0.0117418
6.04326 6.3615 -0.00624971
6.04326 6.3615 -0.00624971
6.36403 6.29404 -0.000436895
6.26548 6.08999 -0.00449698
6.26548 6.08999 -0.00449698
6.26548 6.08999 -0.00449698
6.16304 6.29618 0.00447766
6.16304 6.29618 0.00447766
6.35654 6.10927 0.0226586
6.20961 6.15928 0.0127069
6.20961 6.15928 0.0127069
6.20961 6.15928 0.0127069
6.20961 6.15928 0.0127069
5.77022 5.89622 -0.00711327
5.77022 5.89622 -0.00711327
5.95115 6.05978 -0.0146667
6.07741 6.26488 0.0031542
5.7797 6.55771 -0.00322806
5.7797 6.55771 -0.00322806
6.45649 6.25977 -0.0131623
6.00848 6.67147 0.0149318
6.00848 6.67147 0.0149318
6.72281 6.05596 -0.00108886
6.72281 6.05596 -0.00108886
5.40736 6.22741 -0.00130257
5.40736 6.22741 -0.00130257
5.40736 6.22741 -0.00130257
5.40736 6.22741 -0.00130257
5.40736 6.22741 -0.00130257
5.40736 6.22741 -0.00130257
6.32349 6.08467 -0.0125609
6.32349 6.08467 -0.0125609
6.32349 6.08467 -0.0125609
6.32349 6.08467 -0.0125609
6.48144 6.39233 0.0149236
5.67319 6.44053 -0.00145176
5.67319 6.44053 -0.00145176
5.67319 6.44053 -0.00145176
5.67319 6.44053 -0.00145176
6.31432 6.30194 -0.0147281
6.68693 6.43556 -0.01604
6.14862 6.51925 0.00313488
6.41929 6.67127 -0.00862156
6.41929 6.67127 -0.00862156
6.41929 6.67127 -0.00862156
6.41929 6.67127 -0.00862156
6.62811 6.03291 0.00526357
6.47491 6.33179 -0.00608982
6.02681 5.55092 -0.0145862
6.02681 5.55092 -0.0145862
6.1226 6.79094 0.00357857
6.40685 6.52625 -0.00946377
6.40685 6.52625 -0.00946377
6.40685 6.52625 -0.00946377
6.40685 6.52625 -0.00946377
6.40516 6.31443 -0.00141871
6.54805 6.04575 0.00186066
6.54805 6.04575 0.00186066
6.54805 6.04575 0.00186066
6.36153 6.38052 0.00152967
6.06173 5.63949 0.0195942
6.24719 6.17148 0.00103699
6.24719 6.17148 0.00103699
6.24719 6.17148 0.00103699
5.67779 5.88743 0.010487
5.89312 6.0068 5.1173e-05
5.89312 6.0068 5.1173e-05
5.89312 6.0068 5.1173e-05
6.48788 6.45635 0.00380094
6.47822 6.31559 0.0063398
6.47822 6.31559 0.0063398
6.47822 6.31559 0.0063398
6.47822 6.31559 0.0063398
5.91035 6.53818 0.00462196
5.91035 6.53818 0.00462196
5.91035 6.53818 0.00462196
6.1481 6.33984 0.00953467
6.44477 6.21137 0.00888945
6.65063 6.48132 0.0049479
6.65063 6.48132 0.0049479
6.26308 5.97016 -0.0111137
5.9553 5.99265 -0.00951957
6.27512 6.03756 0.0194295
6.27512 6.03756 0.0194295
6.32138 6.13949 -0.0130432
6.32138 6.13949 -0.0130432
6.55241 5.563 -0.0043742
6.15464 6.60784 0.00729993
6.15464 6.60784 0.00729993
5.88323 5.92436 0.00271655
5.87474 6.31695 0.0179345
5.87474 6.31695 0.0179345
5.87474 6.31695 0.0179345
5.87474 6.31695 0.0179345
6.21231 5.4349 -0.0130906
6.22217 6.20394 0.00598449
6.16553 6.0645 0.0004137
6.52237 6.24168 -0.00332965
6.06131 6.20428 0.000108621
6.06131 6.20428 0.000108621
6.06131 6.20428 0.000108621
6.22324 6.33838 -0.00674141
6.22324 6.33838 -0.00674141
6.22324 6.33838 -0.00674141
6.08991 6.78403 0.00241616
6.40515 5.79909 0.00366774
6.12818 6.43357 0.00431145
6.12818 6.43357 0.00431145
6.23739 6.59824 -0.0132445
5.82947 6.49503 -0.00652976
5.82947 6.49503 -0.00652976
6.12531 6.41993 0.0193901
6.12531 6.41993 0.0193901
6.12531 6.41993 0.0193901
6.51411 6.4657 -0.000961384
6.51411 6.4657 -0.000961384
6.51411 6.4657 -0.000961384
5.95747 6.36805 -0.0133639
6.44593 6.4636 -0.00468441
6.35901 6.52889 -0.00108537
6.35901 6.52889 -0.00108537
6.31682 6.30021 -0.00374307
6.31682 6.30021 -0.00374307
6.31682 6.30021 -0.00374307
6.31682 6.30021 -0.00374307
6.0683 6.23408 0.00969041
6.13998 6.11506 0.0126377
6.13998 6.11506 0.0126377
6.13998 6.11506 0.0126377
6.21383 5.82682 -0.00117022
5.99495 6.43651 0.00340105
5.99043 6.29412 0.0060109
5.99043 6.29412 0.0060109
5.99043 6.29412 0.0060109
5.75385 6.60579 -0.0105637
6.71908 6.48705 -0.00231194
6.71908 6.48705 -0.00231194
6.71908 6.48705 -0.00231194
6.2486 6.28249 -0.00808509
6.2486 6.28249 -0.00808509
6.26009 6.16838 0.00167737
6.15835 5.66663 -0.00259499
6.56133 6.09248 -0.00478757
6.08624 6.31542 0.0116715
6.08624 6.31542 0.0116715
6.11565 6.33284 0.000358407
6.11565 6.33284 0.000358407
6.11565 6.33284 0.000358407
6.06597 6.05575 -0.00125532
6.46508 5.89645 -0.00192322
6.07476 6.18986 0.0296037
6.07476 6.18986 0.0296037
6.25464 6.22891 0.00775945
6.05357 6.39069 0.0152341
6.05357 6.39069 0.0152341
6.05357 6.39069 0.0152341
6.59347 6.24451 -0.00430471
6.59347 6.24451 -0.00430471
6.28252 6.30972 -0.0134857
6.28252 6.30972 -0.0134857
6.28252 6.30972 -0.0134857
5.97131 6.59054 0.00428225
5.97131 6.59054 0.00428225
6.12591 6.16727 0.0190623
6.11173 6.32936 -0.00841329
6.70129 6.03548 -0.00523406
6.70129 6.03548 -0.00523406
6.22976 6.32415 0.0123058
6.22976 6.32415 0.0123058
6.22976 6.32415 0.0123058
5.94738 6.705 -0.000313708
5.94738 6.705 -0.000313708
5.94738 6.705 -0.000313708
6.32371 6.29537 0.010353
6.32371 6.29537 0.010353
5.73425 5.98857 0.0123124
6.41724 6.58286 0.00101385
6.7502 6.14278 -0.00580319
6.7502 6.14278 -0.00580319
6.43464 6.5364 0.00726292
6.35648 6.05689 0.00609154
6.41176 6.12702 -0.00363635
6.41176 6.12702 -0.00363635
6.41176 6.12702 -0.00363635
6.41176 6.12702 -0.00363635
5.80958 6.20207 -0.00265381
5.80958 6.20207 -0.00265381
5.80958 6.20207 -0.00265381
6.23518 6.2 0.00827078
6.23518 6.2 0.00827078
6.35334 5.99639 -0.0102519
6.35334 5.99639 -0.0102519
6.00784 6.69949 -0.0170356
6.00784 6.69949 -0.0170356
5.80446 5.77079 0.0132445
5.80446 5.77079 0.0132445
5.76414 6.10672 -0.000337005
5.76414 6.10672 -0.000337005
5.76414 6.10672 -0.000337005
6.24319 5.89142 -0.00477065
5.93909 5.87249 0.00521046
5.93909 5.87249 0.00521046
5.91795 5.99686 -0.0113417
6.58463 6.08478 -0.00267564
6.58463 6.08478 -0.00267564
6.0888 5.91377 -0.0107836
6.0888 5.91377 -0.0107836
6.0888 5.91377 -0.0107836
6.0888 5.91377 -0.0107836
6.38717 6.14229 0.00165772
6.38717 6.14229 0.00165772
5.65247 6.17133 -0.0121678
5.90536 6.01291 0.00551815
6.23672 6.19615 0.00534596
6.23672 6.19615 0.00534596
6.43467 6.19004 -0.0166157
6.17575 5.69217 -0.0062892
6.17575 5.69217 -0.0062892
6.13621 6.16647 -0.00608945
6.13621 6.16647 -0.00608945
6.11944 6.22219 0.00347868
6.33553 6.13749 -0.0129075
6.33553 6.13749 -0.0129075
6.57241 6.33081 -0.00776668
6.57241 6.33081 -0.00776668
6.01472 6.53006 -0.00883931
6.01472 6.53006 -0.00883931
5.98271 6.36414 -0.00435786
6.21966 6.26607 0.00801626
6.66503 6.36002 -0.00712343
6.66503 6.36002 -0.00712343
6.66503 6.36002 -0.00712343
6.07879 6.14388 0.000561002
6.07879 6.14388 0.000561002
6.07879 6.14388 0.000561002
6.24803 5.93669 0.0117655
6.24803 5.93669 0.0117655
6.24803 5.93669 0.0117655
6.05873 5.94843 0.000756964
6.05873 5.94843 0.000756964
6.05873 5.94843 0.000756964
6.05873 5.94843 0.000756964
6.05873 5.94843 0.000756964
6.05873 5.94843 0.000756964
6.05873 5.94843 0.000756964
6.30955 6.09308 0.00458047
6.30955 6.09308 0.00458047
5.86316 5.51854 -0.00447651
5.86316 5.51854 -0.00447651
5.86316 5.51854 -0.00447651
6.22619 6.25424 0.00905234
6.22619 6.25424 0.00905234
5.92749 6.48815 -0.0158712
6.4961 5.81912 -0.012792
6.32995 6.49839 -0.00591028
6.32995 6.49839 -0.00591028
5.90917 6.3269 0.00570883
5.90917 6.3269 0.00570883
6.07304 6.00189 0.00475046
6.07304 6.00189 0.00475046
6.07304 6.00189 0.00475046
6.07304 6.00189 0.00475046
6.25116 6.34933 -0.00836164
6.25116 6.34933 -0.00836164
6.24613 6.49076 -0.00413426
6.24287 6.4327 0.00777263
6.26739 6.58345 -0.00559318
6.07521 6.70156 -0.0128597
6.618 6.18772 -0.00292806
6.13939 6.16137 -0.00115984
6.18991 6.38892 0.00769465
6.50298 6.25559 0.296909
6.32054 6.78877 0.309192
6.60388 6.20903 0.324034
6.7337 6.21424 0.308087
5.97982 6.21786 0.325784
5.97982 6.21786 0.325784
6.74856 6.40865 0.307148
6.29179 6.76115 0.324705
6.04959 5.9256 0.336923
6.85444 6.32351 0.3276
6.25587 6.29049 0.326119
6.65796 6.10279 0.314698
6.42779 6.35618 0.309909
6.42779 6.35618 0.309909
6.42779 6.35618 0.309909
6.88703 7.14913 0.299604
6.88703 7.14913 0.299604
6.72105 6.75223 0.293994
6.59384 7.2032 0.320952
6.59384 7.2032 0.320952
6.59384 7.2032 0.320952
6.92715 6.95417 0.299862
6.74102 6.58702 0.291044
7.11483 6.65932 0.301203
6.80865 7.51051 0.308353
7.10713 6.71195 0.311534
7.09742 6.6968 0.296809
6.76801 6.84542 0.300373
7.31326 6.09056 0.299465
7.08809 6.69425 0.293003
7.18072 6.85904 0.293695
6.58443 6.87946 0.282936
6.39798 7.2772 0.30064
6.35636 6.63181 0.29718
6.35636 6.63181 0.29718
6.28952 7.0872 0.286521
6.75095 6.49711 0.30576
6.75095 6.49711 0.30576
7.6198 6.83423 0.299986
6.07457 6.97643 0.296088
6.34286 6.68119 0.298196
6.95806 5.98621 0.300674
6.70059 7.44755 0.298217
6.84035 6.87004 0.315736
6.73202 5.94625 0.305443
6.80031 7.32682 0.291225
6.91947 6.66916 0.290699
6.66915 7.14727 0.302148
6.73882 6.59372 0.2995
7.22448 6.91735 0.291601
6.8737 7.11882 0.306556
6.90721 6.69042 0.291918
6.90721 6.69042 0.291918
6.78319 6.79367 0.301938
7.09816 6.55376 0.307596
6.70614 6.8985 0.3004
6.67885 6.78709 0.294617
6.62377 6.68929 0.295818
6.62377 6.68929 0.295818
7.22717 6.28006 0.297675
6.7543 6.88466 0.30273
6.7543 6.88466 0.30273
6.28717 6.22767 0.314266
6.54226 6.33674 0.292359
6.54226 6.33674 0.292359
6.74112 6.69628 0.300097
6.54835 6.48714 0.297062
6.73545 6.91504 0.302479
6.73545 6.91504 0.302479
6.49001 7.08482 0.296082
6.55346 6.23777 0.311258
6.2676 6.98699 0.301782
6.91236 6.60608 0.304429
6.21399 6.75175 0.287744
6.7606 6.42001 0.305989
6.52882 6.84761 0.309652
6.52882 6.84761 0.309652
6.57013 6.8455 0.306743
6.57013 6.8455 0.306743
6.57013 6.8455 0.306743
6.52284 6.45484 0.310429
6.70045 7.00687 0.310218
6.70045 7.00687 0.310218
6.81789 6.69674 0.299045
6.63277 6.69209 0.284075
6.63277 6.69209 0.284075
6.74205 6.83303 0.299587
6.73544 6.60719 0.291414
7.18994 7.03164 0.299978
6.61313 6.97519 0.297256
6.92008 6.63898 0.304395
6.92556 6.50883 0.306617
6.92556 6.50883 0.306617
6.45982 6.56163 0.307474
6.45982 6.56163 0.307474
7.24159 6.75831 0.302014
6.65549 6.53111 0.302183
6.88353 6.91984 0.308475
