13.6923 13.3428 0.288881
23.8502 23.6174 0.253627
11.3271 11.9821 0.313649
23.3807 23.5833 0.257712
23.5741 23.911 0.24602
20.4928 21.1477 0.277833
10.7197 10.6194 0.333591
15.6069 16.0034 0.311432
8.04784 7.85237 0.332648
13.1193 13.7743 0.304848
10.8235 10.8798 0.310114
8.04784 7.85237 0.332648
13.2923 13.0028 0.298575
10.1126 10.2139 0.294161
14.0084 14.2219 0.274043
10.8895 10.5601 0.327694
20.8937 20.9118 0.267489
7.7201 7.56812 0.329119
10.8895 10.5601 0.327694
21.2785 20.5168 0.257952
6.41392 6.84292 0.31191
22.6691 22.9335 0.258465
16.3348 15.9698 0.283498
20.1426 19.3809 0.268697
16.0587 15.7292 0.318592
23.1865 23.4602 0.268824
9.39852 9.87457 0.312378
8.47849 8.40586 0.311079
20.4607 21.0593 0.265313
7.94892 8.07917 0.327881
9.877 9.52748 0.313101
11.3271 11.9821 0.313649
13.2839 13.3401 0.290723
8.73661 9.07348 0.303305
19.5242 19.7268 0.279834
23.044 23.2848 0.24787
7.86086 7.6541 0.315561
15.2874 15.567 0.284193
10.8895 10.5601 0.327694
16.8225 17.4422 0.269532
16.2032 15.9965 0.292768
5.95039 6.71278 0.00192008
14.6529 14.6041 0.283581
17.6598 16.5701 0.288201
7.77147 7.61535 0.299868
13.8834 14.3594 0.28122
8.21252 8.69956 0.305264
22.7889 22.4644 0.263204
12.0074 11.8328 0.324726
17.6598 16.5701 0.288201
16.2032 15.9965 0.292768
7.77147 7.61535 0.299868
23.5488 23.7822 0.261322
14.0762 13.8435 0.277601
13.0605 13.3249 0.289885
10.5016 9.95256 0.308835
15.4497 15.3771 0.290848
10.7197 10.6194 0.333591
22.8839 22.4683 0.246223
9.75382 8.97282 0.30782
7.86086 7.6541 0.315561
15.7432 15.5724 0.282706
23.6375 23.6901 0.257446
22.3479 22.4181 0.262509
9.58977 9.43365 0.291005
11.2885 11.4187 0.317347
16.9715 17.4586 0.260229
14.0084 14.2219 0.274043
16.3348 15.9698 0.283498
10.6001 10.8645 0.309277
15.5423 14.4526 0.304441
18.4714 17.9223 0.282317
19.923 19.7638 0.304431
6.12699 6.26278 -0.00087697
10.3778 10.4792 0.28731
12.8201 13.2115 0.301444
10.5475 9.76646 0.300236
10.3561 10.7326 0.298809
12.5519 12.0508 0.297585
7.28648 7.68299 0.328781
6.17317 6.44682 0.306846
10.3778 10.4792 0.28731
10.4961 11.0369 0.316036
10.7536 10.8893 0.309914
24.3354 24.2579 0.244521
19.605 19.652 0.279509
9.75382 8.97282 0.30782
16.2032 15.9965 0.292768
8.63151 8.34205 0.326626
9.75382 8.97282 0.30782
9.28337 8.84325 0.305543
11.3271 11.9821 0.313649
11.3528 11.3776 0.301853
13.4878 12.9388 0.296164
23.8418 24.3826 0.252484
22.4605 22.3798 0.26167
21.9933 22.1291 0.263121
23.6096 24.2293 0.242357
15.5423 14.4526 0.304441
10.1126 10.2139 0.294161
12.7612 12.7794 0.295932
13.0836 12.4456 0.303777
13.0836 12.4456 0.303777
12.3338 12.3586 0.300706
12.3338 12.3586 0.300706
12.1098 12.6506 0.308262
12.5295 12.4377 0.310533
12.5295 12.4377 0.310533
12.5295 12.4377 0.310533
12.5295 12.4377 0.310533
12.5295 12.4377 0.310533
12.5295 12.4377 0.310533
11.8421 12.179 0.301798
11.8421 12.179 0.301798
11.8421 12.179 0.301798
11.8421 12.179 0.301798
12.5753 11.8446 0.306593
12.4359 12.8421 0.319055
12.4359 12.8421 0.319055
12.4359 12.8421 0.319055
12.4359 12.8421 0.319055
12.4359 12.8421 0.319055
12.799 12.7264 0.299398
12.799 12.7264 0.299398
12.799 12.7264 0.299398
12.799 12.7264 0.299398
12.799 12.7264 0.299398
12.799 12.7264 0.299398
12.799 12.7264 0.299398
12.799 12.7264 0.299398
12.3336 12.0091 0.306244
12.3336 12.0091 0.306244
12.3336 12.0091 0.306244
12.3336 12.0091 0.306244
12.3336 12.0091 0.306244
12.3336 12.0091 0.306244
12.3336 12.0091 0.306244
12.3336 12.0091 0.306244
12.5556 12.5943 0.323169
12.0905 12.2931 0.300242
12.0905 12.2931 0.300242
12.0905 12.2931 0.300242
12.0905 12.2931 0.300242
12.0905 12.2931 0.300242
12.0905 12.2931 0.300242
12.0905 12.2931 0.300242
12.0905 12.2931 0.300242
12.0905 12.2931 0.300242
12.0905 12.2931 0.300242
12.0905 12.2931 0.300242
12.0905 12.2931 0.300242
12.0905 12.2931 0.300242
12.0905 12.2931 0.300242
12.0905 12.2931 0.300242
12.7218 12.792 0.30153
12.7218 12.792 0.30153
12.7218 12.792 0.30153
12.7218 12.792 0.30153
12.7218 12.792 0.30153
12.7218 12.792 0.30153
11.9919 12.8229 0.308825
11.9919 12.8229 0.308825
12.56 12.3272 0.296157
12.56 12.3272 0.296157
12.56 12.3272 0.296157
12.56 12.3272 0.296157
12.56 12.3272 0.296157
12.56 12.3272 0.296157
12.56 12.3272 0.296157
12.56 12.3272 0.296157
12.56 12.3272 0.296157
12.4286 12.013 0.289262
12.4286 12.013 0.289262
12.4286 12.013 0.289262
12.4286 12.013 0.289262
12.2695 12.3997 0.316201
12.2695 12.3997 0.316201
12.2695 12.3997 0.316201
12.2695 12.3997 0.316201
12.2695 12.3997 0.316201
12.2695 12.3997 0.316201
12.2695 12.3997 0.316201
12.2695 12.3997 0.316201
12.2695 12.3997 0.316201
12.2695 12.3997 0.316201
12.2695 12.3997 0.316201
12.2695 12.3997 0.316201
12.2695 12.3997 0.316201
12.2695 12.3997 0.316201
12.2695 12.3997 0.316201
12.2695 12.3997 0.316201
12.3672 12.503 0.302141
12.3672 12.503 0.302141
9.19459 8.89778 0.294976
9.19459 8.89778 0.294976
8.94596 9.34247 0.314267
9.97811 9.34015 0.305284
9.97811 9.34015 0.305284
9.97811 9.34015 0.305284
9.97811 9.34015 0.305284
24.157 23.7384 0.246097
24.4075 23.5716 0.268798
24.0189 24.5861 0.277216
24.0189 24.5861 0.277216
24.0189 24.5861 0.277216
24.4774 24.5728 0.247592
24.4774 24.5728 0.247592
24.4774 24.5728 0.247592
24.4774 24.5728 0.247592
23.99 23.9857 0.253455
24.1343 24.1996 0.255231
24.1096 24.2577 0.23522
24.1096 24.2577 0.23522
24.1825 24.2873 0.228541
23.9805 24.157 0.269013
24.0375 23.7865 0.251576
24.0932 23.5099 0.241706
24.0844 23.8846 0.274106
24.4413 24.9229 0.258883
24.3613 24.5286 0.24877
24.4644 24.3406 0.228472
24.3283 24.3557 0.248103
24.0653 24.1702 0.244908
24.0653 24.1702 0.244908
24.2269 23.6964 0.250877
24.1064 24.3651 0.237346
23.8916 24.0441 0.248559
24.4408 23.6347 0.263048
23.829 24.3508 0.240322
23.9551 23.8863 0.243143
24.4163 24.4029 0.228113
24.3416 24.5518 0.256887
24.0202 24.3549 0.252867
24.6526 23.7945 0.24607
23.8881 23.9629 0.253491
23.6203 24.5105 0.252383
24.09 24.0286 0.240997
24.4115 24.7405 0.265171
23.9772 24.4566 0.237602
23.9772 24.4566 0.237602
24.8913 23.781 0.256604
24.6801 24.3952 0.255881
24.9516 24.5991 0.25852
24.3627 24.059 0.228003
24.3627 24.059 0.228003
24.3627 24.059 0.228003
24.3627 24.059 0.228003
23.7892 24.0142 0.257377
24.1287 23.8606 0.246945
23.8871 24.3321 0.229554
24.4855 24.0722 0.24871
24.4855 24.0722 0.24871
24.479 24.4108 0.244974
24.479 24.4108 0.244974
24.0084 24.3222 0.239693
23.9644 24.3078 0.247308
24.3278 24.1267 0.259985
24.3278 24.1267 0.259985
24.3278 24.1267 0.259985
24.3278 24.1267 0.259985
24.1185 24.5785 0.256633
24.0523 24.1575 0.259702
23.9861 24.4916 0.247404
24.4266 24.2045 0.243351
24.4266 24.2045 0.243351
23.9973 23.4543 0.216502
23.9973 23.4543 0.216502
24.3252 24.3845 0.254303
24.3252 24.3845 0.254303
23.5118 23.892 0.238378
23.9807 24.5207 0.245907
24.3765 24.1983 0.254979
24.1893 24.5657 0.224724
23.855 24.2229 0.238373
24.5256 23.8674 0.2294
24.5256 23.8674 0.2294
24.5256 23.8674 0.2294
24.357 24.2985 0.250808
24.1142 23.789 0.239331
24.6227 23.7508 0.239401
24.6227 23.7508 0.239401
23.9947 23.7244 0.248707
17.5056 18.0727 0.275273
17.5056 18.0727 0.275273
17.5056 18.0727 0.275273
17.5056 18.0727 0.275273
17.5056 18.0727 0.275273
17.8294 17.9291 0.28891
17.8294 17.9291 0.28891
17.8294 17.9291 0.28891
17.8294 17.9291 0.28891
17.8294 17.9291 0.28891
17.499 17.4118 0.294243
17.499 17.4118 0.294243
17.499 17.4118 0.294243
17.499 17.4118 0.294243
17.499 17.4118 0.294243
17.499 17.4118 0.294243
17.3037 17.4754 0.264061
17.3037 17.4754 0.264061
9.91475 10.269 0.30109
20.0787 19.4396 0.284307
20.0787 19.4396 0.284307
20.0787 19.4396 0.284307
20.0787 19.4396 0.284307
19.4803 19.4763 0.294976
19.4803 19.4763 0.294976
19.4803 19.4763 0.294976
19.4803 19.4763 0.294976
19.4803 19.4763 0.294976
19.461 19.2472 0.274578
19.461 19.2472 0.274578
19.461 19.2472 0.274578
19.7709 19.6799 0.262833
19.7709 19.6799 0.262833
19.7709 19.6799 0.262833
19.4782 19.4897 0.260331
19.4782 19.4897 0.260331
19.4782 19.4897 0.260331
19.4782 19.4897 0.260331
19.5525 19.5486 0.256062
19.5525 19.5486 0.256062
19.5525 19.5486 0.256062
19.5525 19.5486 0.256062
19.5525 19.5486 0.256062
19.5525 19.5486 0.256062
19.5525 19.5486 0.256062
19.4189 19.8701 0.286021
19.4329 19.9025 0.273626
19.4329 19.9025 0.273626
19.2104 19.3939 0.278826
19.2104 19.3939 0.278826
19.2104 19.3939 0.278826
19.6268 19.7279 0.261867
19.6268 19.7279 0.261867
19.6268 19.7279 0.261867
19.6268 19.7279 0.261867
19.6268 19.7279 0.261867
19.1295 19.7143 0.281426
19.1295 19.7143 0.281426
19.1295 19.7143 0.281426
19.8989 19.6098 0.282526
19.6009 19.6346 0.276378
20.2662 19.6549 0.29161
20.2662 19.6549 0.29161
20.2662 19.6549 0.29161
19.331 19.776 0.273489
19.331 19.776 0.273489
19.8084 19.6588 0.289158
19.8084 19.6588 0.289158
19.8084 19.6588 0.289158
19.709 19.7968 0.26892
19.709 19.7968 0.26892
19.709 19.7968 0.26892
19.709 19.7968 0.26892
19.7774 19.4655 0.284581
19.4044 20.2569 0.285569
19.4044 20.2569 0.285569
19.2023 19.425 0.295165
19.2023 19.425 0.295165
19.2023 19.425 0.295165
19.4461 19.4172 0.289477
19.4285 18.9341 0.28448
19.4285 18.9341 0.28448
19.3817 19.517 0.27689
19.6291 19.6938 0.287923
19.6291 19.6938 0.287923
19.2352 19.4996 0.285722
19.2352 19.4996 0.285722
19.4507 19.2871 0.268169
19.4507 19.2871 0.268169
19.4507 19.2871 0.268169
19.3724 20.1463 0.289693
19.1319 19.3472 0.289264
19.4741 19.8918 0.265061
19.4741 19.8918 0.265061
19.4741 19.8918 0.265061
19.4741 19.8918 0.265061
16.3693 16.6337 0.272684
16.3693 16.6337 0.272684
16.3693 16.6337 0.272684
16.3693 16.6337 0.272684
16.3389 16.2436 0.267343
16.3389 16.2436 0.267343
16.3389 16.2436 0.267343
16.3389 16.2436 0.267343
16.3389 16.2436 0.267343
16.3389 16.2436 0.267343
16.3389 16.2436 0.267343
16.3389 16.2436 0.267343
16.5658 16.1268 0.269423
16.5658 16.1268 0.269423
16.5658 16.1268 0.269423
16.5658 16.1268 0.269423
16.5658 16.1268 0.269423
16.467 15.6171 0.28137
16.467 15.6171 0.28137
16.467 15.6171 0.28137
16.8374 15.9995 0.264546
16.8374 15.9995 0.264546
