10.4769 10.6795 0.308016
6.60168 6.55829 -0.00513132
6.26867 7.09974 0.304316
11.3795 11.4066 0.304395
6.41059 6.44927 0.336636
10.72 10.3954 0.314017
11.2035 11.0357 0.299149
9.00312 8.8353 0.307807
9.28337 8.84325 0.305543
8.47849 8.40586 0.311079
9.22787 9.12761 0.327324
6.93656 6.81633 0.301809
10.385 10.1523 0.301174
12.0074 11.8328 0.324726
6.60168 6.55829 -0.00513132
6.20232 6.25496 0.313444
7.97426 7.99251 0.317397
9.27978 8.51811 0.309053
10.3561 10.7326 0.298809
10.1584 10.0581 0.330834
6.0564 5.53544 0.309091
7.61602 7.31827 0.33375
7.76867 7.80736 0.344634
8.04784 7.85237 0.332648
6.26297 5.93353 0.0169025
11.8318 11.6363 0.317775
7.97426 7.99251 0.317397
9.22828 9.25309 0.302213
9.22828 9.25309 0.302213
8.08239 7.78463 0.323966
12.9076 11.8841 0.301732
10.9446 10.4187 0.310374
13.0872 13.6859 0.292329
6.63728 6.66439 0.29874
13.4945 13.2877 0.282478
13.1162 13.2464 0.304582
7.97426 7.99251 0.317397
10.5016 9.95256 0.308835
6.26297 5.93353 0.0169025
10.6558 10.786 0.323974
13.5616 12.4719 0.305185
10.6558 10.786 0.323974
9.30085 9.4311 0.328802
7.64894 8.05518 0.34052
7.32288 7.86367 0.329727
8.67818 8.51011 0.324408
6.26867 7.09974 0.304316
12.5753 11.8446 0.306593
13.1548 13.8098 0.300884
6.36729 6.45741 -0.0145954
10.385 10.1523 0.301174
6.29217 6.34845 0.315809
6.60168 6.55829 -0.00513132
7.94892 8.07917 0.327881
6.26867 7.09974 0.304316
8.04784 7.85237 0.332648
9.28337 8.84325 0.305543
7.77147 7.61535 0.299868
13.2035 13.0144 0.289544
7.2269 8.05797 0.324845
11.7966 11.5067 0.327031
8.08239 7.78463 0.323966
10.7993 10.8174 0.300323
7.95748 7.17648 0.31124
13.3332 13.3111 0.296966
10.4236 10.3234 0.323982
9.35381 9.84377 0.314881
9.46724 9.87348 0.331656
6.4195 6.29928 0.00329886
7.22063 7.98632 0.332594
6.4195 6.29928 0.00329886
8.04784 7.85237 0.332648
8.47849 8.40586 0.311079
13.2283 13.5306 0.299791
12.8879 13.3972 0.289537
6.01834 6.25177 0.000834648
8.04784 7.85237 0.332648
8.47849 8.40586 0.311079
13.6811 13.6004 0.289072
8.04784 7.85237 0.332648
9.28712 9.75771 0.320932
10.4236 10.3234 0.323982
6.26297 5.93353 0.0169025
6.63728 6.66439 0.29874
11.5746 11.6133 0.324316
11.3338 11.6493 0.321014
9.98836 9.22669 0.294127
11.8658 11.817 0.318745
6.4195 6.29928 0.00329886
6.41141 5.80163 0.326401
7.86086 7.6541 0.315561
10.9447 10.7886 0.286177
10.6558 10.786 0.323974
8.08239 7.78463 0.323966
6.60168 6.55829 -0.00513132
11.7802 11.7984 0.297079
13.4031 12.7933 0.301315
6.63728 6.66439 0.29874
12.5753 11.8446 0.306593
10.1808 10.3834 0.298408
11.1841 10.4224 0.290786
11.1841 10.4224 0.290786
10.6465 10.6936 0.301598
10.6465 10.6936 0.301598
10.4236 10.3234 0.323982
10.4236 10.3234 0.323982
13.2923 13.0028 0.298575
13.3389 13.1709 0.296358
13.6351 13.5639 0.290454
13.1227 13.7214 0.288364
13.0481 12.5271 0.284005
12.7243 13.344 0.286517
12.7243 13.344 0.286517
13.3067 13.5863 0.284938
13.3067 13.5863 0.284938
13.2283 13.5306 0.299791
13.6923 13.3428 0.288881
12.9346 13.2895 0.303241
13.1876 13.3505 0.308465
13.1468 12.85 0.281851
13.6603 12.9312 0.299704
13.6603 12.9312 0.299704
13.0373 13.7997 0.29332
13.7543 12.7308 0.290113
13.7543 12.7308 0.290113
13.4992 13.3246 0.296888
12.8981 13.2946 0.301142
13.2035 13.0144 0.289544
13.2884 12.9986 0.299193
13.3345 13.6714 0.290154
13.6595 13.464 0.305009
13.3686 13.3466 0.293001
13.6079 13.6261 0.284313
13.9303 13.2923 0.292159
13.5616 12.4719 0.305185
13.1804 13.2053 0.289088
13.1804 13.2053 0.289088
13.1548 13.8098 0.300884
13.4945 13.2877 0.282478
13.1176 13.6042 0.281843
13.2138 13.6899 0.288158
13.194 13.2467 0.288358
12.8323 13.598 0.304955
13.3499 13.0205 0.308302
13.3499 13.0205 0.308302
12.7689 13.5018 0.316437
12.6888 13.0256 0.29018
12.6888 13.0256 0.29018
13.6811 13.6004 0.289072
13.9405 13.1789 0.281002
13.4219 12.6913 0.294975
13.4219 12.6913 0.294975
13.6457 13.5731 0.287779
12.8879 13.3972 0.289537
13.7625 13.5917 0.28345
13.18 13.0798 0.314199
13.4051 13.249 0.266785
13.4056 13.8346 0.286824
13.1803 12.8558 0.294625
13.1803 12.8558 0.294625
13.3986 12.8975 0.285967
13.3986 12.8975 0.285967
13.1024 13.573 0.296713
13.1024 13.573 0.296713
13.5558 13.5738 0.29054
13.5233 12.9742 0.2922
12.9372 13.1398 0.288624
13.45 13.3726 0.28868
13.1053 13.3387 0.292234
13.1125 13.489 0.289025
13.5691 12.7881 0.2836
13.5685 13.6386 0.289911
12.8556 13.2469 0.297479
13.4542 13.5444 0.276804
13.0987 12.6586 0.281323
12.8386 13.6696 0.297206
12.8733 13.3603 0.277213
13.2753 12.8597 0.277644
13.3537 13.2017 0.296035
13.457 13.3024 0.271657
13.5064 13.3862 0.294698
13.1162 13.2464 0.304582
13.2153 13.1823 0.280813
13.2153 13.1823 0.280813
13.2139 13.3497 0.290523
13.4354 13.6762 0.279291
13.4354 13.6762 0.279291
13.5015 13.9206 0.299602
13.336 13.1769 0.313221
13.336 13.1769 0.313221
13.306 13.7959 0.301756
13.2903 13.9059 0.281562
10.0303 10.8222 0.301408
10.0303 10.8222 0.301408
10.0303 10.8222 0.301408
10.0303 10.8222 0.301408
10.0303 10.8222 0.301408
10.0303 10.8222 0.301408
10.6492 11.0782 0.296607
10.6492 11.0782 0.296607
7.5233 7.76856 0.314399
7.5233 7.76856 0.314399
7.5233 7.76856 0.314399
7.5233 7.76856 0.314399
7.5233 7.76856 0.314399
7.5233 7.76856 0.314399
7.5233 7.76856 0.314399
7.5233 7.76856 0.314399
7.5233 7.76856 0.314399
7.5233 7.76856 0.314399
7.5233 7.76856 0.314399
7.5233 7.76856 0.314399
7.5233 7.76856 0.314399
7.94607 7.95548 0.327622
7.94607 7.95548 0.327622
7.94607 7.95548 0.327622
7.94607 7.95548 0.327622
7.94607 7.95548 0.327622
7.94607 7.95548 0.327622
7.94607 7.95548 0.327622
7.82243 7.61597 0.329809
7.84761 7.78056 0.322285
7.84761 7.78056 0.322285
7.84761 7.78056 0.322285
7.62827 7.44646 0.316363
7.62827 7.44646 0.316363
7.62827 7.44646 0.316363
7.62827 7.44646 0.316363
7.62827 7.44646 0.316363
7.62827 7.44646 0.316363
7.62827 7.44646 0.316363
7.62827 7.44646 0.316363
7.62827 7.44646 0.316363
7.62827 7.44646 0.316363
7.74844 7.55877 0.317435
7.74844 7.55877 0.317435
7.74844 7.55877 0.317435
7.74844 7.55877 0.317435
7.74844 7.55877 0.317435
7.74844 7.55877 0.317435
7.74844 7.55877 0.317435
7.74844 7.55877 0.317435
8.11857 7.41453 0.31429
8.11857 7.41453 0.31429
8.11857 7.41453 0.31429
7.13367 8.06974 0.314357
7.13367 8.06974 0.314357
7.13367 8.06974 0.314357
7.13367 8.06974 0.314357
7.9211 7.93015 0.328467
7.9211 7.93015 0.328467
7.9211 7.93015 0.328467
7.9211 7.93015 0.328467
7.9211 7.93015 0.328467
7.46146 7.79137 0.325098
7.46146 7.79137 0.325098
7.46146 7.79137 0.325098
8.17194 8.15854 0.337421
8.17194 8.15854 0.337421
7.59209 8.01677 0.32646
7.59209 8.01677 0.32646
7.59209 8.01677 0.32646
7.59209 8.01677 0.32646
7.59209 8.01677 0.32646
7.59209 8.01677 0.32646
7.56164 6.84272 0.334335
7.56164 6.84272 0.334335
7.56164 6.84272 0.334335
7.56164 6.84272 0.334335
7.56164 6.84272 0.334335
7.56164 6.84272 0.334335
7.56164 6.84272 0.334335
7.46005 8.11264 0.331743
7.46005 8.11264 0.331743
7.46005 8.11264 0.331743
7.46005 8.11264 0.331743
7.46005 8.11264 0.331743
7.46005 8.11264 0.331743
7.58668 7.7596 0.336365
7.58668 7.7596 0.336365
7.58668 7.7596 0.336365
7.43212 8.04708 0.327393
7.43212 8.04708 0.327393
7.43212 8.04708 0.327393
8.48675 7.59895 0.313811
8.48675 7.59895 0.313811
7.59614 7.88027 0.334411
7.65029 7.46479 0.315769
7.65029 7.46479 0.315769
7.65029 7.46479 0.315769
7.34606 8.14528 0.318212
7.34606 8.14528 0.318212
7.34606 8.14528 0.318212
7.34606 8.14528 0.318212
7.34606 8.14528 0.318212
7.34606 8.14528 0.318212
7.63976 7.42211 0.328075
7.95233 7.33108 0.325408
7.95233 7.33108 0.325408
7.95233 7.33108 0.325408
7.95233 7.33108 0.325408
7.95233 7.33108 0.325408
7.95233 7.33108 0.325408
7.95233 7.33108 0.325408
7.95233 7.33108 0.325408
7.95233 7.33108 0.325408
7.95233 7.33108 0.325408
7.93326 7.81769 0.338173
7.93326 7.81769 0.338173
7.93326 7.81769 0.338173
7.93326 7.81769 0.338173
7.93326 7.81769 0.338173
7.77792 7.3873 0.319343
7.77792 7.3873 0.319343
7.77792 7.3873 0.319343
7.77792 7.3873 0.319343
7.77792 7.3873 0.319343
7.77792 7.3873 0.319343
7.77792 7.3873 0.319343
7.77792 7.3873 0.319343
7.77792 7.3873 0.319343
7.77792 7.3873 0.319343
7.77792 7.3873 0.319343
7.77792 7.3873 0.319343
7.80147 7.1547 0.335558
7.80147 7.1547 0.335558
7.80147 7.1547 0.335558
7.44857 7.49962 0.326612
7.44857 7.49962 0.326612
7.44857 7.49962 0.326612
7.38387 7.68008 0.323944
7.38387 7.68008 0.323944
7.38387 7.68008 0.323944
7.38387 7.68008 0.323944
7.38387 7.68008 0.323944
7.38387 7.68008 0.323944
7.44696 7.29553 0.32458
7.60818 7.34282 0.334998
7.60818 7.34282 0.334998
7.60818 7.34282 0.334998
7.60818 7.34282 0.334998
7.60818 7.34282 0.334998
7.60818 7.34282 0.334998
7.54631 7.41384 0.331893
7.54631 7.41384 0.331893
7.46897 7.48948 0.344783
7.46897 7.48948 0.344783
7.46897 7.48948 0.344783
7.46897 7.48948 0.344783
7.57502 7.36881 0.321997
7.57502 7.36881 0.321997
7.57502 7.36881 0.321997
7.57502 7.36881 0.321997
7.65783 7.65139 0.321131
8.24982 7.58064 0.321944
8.24982 7.58064 0.321944
8.24982 7.58064 0.321944
8.24982 7.58064 0.321944
8.24982 7.58064 0.321944
7.50716 7.70156 0.312848
7.50716 7.70156 0.312848
7.50716 7.70156 0.312848
7.56912 7.68988 0.323679
7.56912 7.68988 0.323679
7.56912 7.68988 0.323679
7.79048 7.74459 0.334863
7.79048 7.74459 0.334863
7.79048 7.74459 0.334863
7.38018 7.59418 0.323341
7.62135 7.71844 0.320603
7.62135 7.71844 0.320603
7.59228 7.48135 0.333663
7.83829 7.5442 0.337597
7.17186 7.66874 0.334861
8.04078 7.61879 0.322037
8.1118 7.93528 0.31201
7.62957 7.49024 0.31901
7.62957 7.49024 0.31901
7.62957 7.49024 0.31901
7.6632 8.29364 0.321231
7.6632 8.29364 0.321231
7.6632 8.29364 0.321231
7.6632 8.29364 0.321231
7.71477 7.51511 0.320743
7.71477 7.51511 0.320743
7.97369 7.49354 0.321657
7.97369 7.49354 0.321657
7.97369 7.49354 0.321657
7.97369 7.49354 0.321657
8.23794 7.04529 0.314327
7.60629 7.4485 0.30706
7.60629 7.4485 0.30706
7.60629 7.4485 0.30706
7.60629 7.4485 0.30706
7.60629 7.4485 0.30706
7.60629 7.4485 0.30706
7.60629 7.4485 0.30706
7.60629 7.4485 0.30706
7.60629 7.4485 0.30706
7.60629 7.4485 0.30706
7.60629 7.4485 0.30706
7.60629 7.4485 0.30706
7.60629 7.4485 0.30706
7.60629 7.4485 0.30706
7.99232 7.56541 0.315434
7.99232 7.56541 0.315434
7.99232 7.56541 0.315434
7.99232 7.56541 0.315434
7.99232 7.56541 0.315434
7.99232 7.56541 0.315434
7.99232 7.56541 0.315434
7.99232 7.56541 0.315434
7.99232 7.56541 0.315434
7.80627 7.80474 0.315157
7.80627 7.80474 0.315157
7.80627 7.80474 0.315157
7.80627 7.80474 0.315157
7.98764 7.77941 0.308188
7.98764 7.77941 0.308188
7.98764 7.77941 0.308188
7.98764 7.77941 0.308188
7.98764 7.77941 0.308188
7.98764 7.77941 0.308188
7.98764 7.77941 0.308188
7.98764 7.77941 0.308188
7.98764 7.77941 0.308188
7.98764 7.77941 0.308188
7.53283 7.79788 0.314795
7.53283 7.79788 0.314795
7.53283 7.79788 0.314795
7.53283 7.79788 0.314795
7.53283 7.79788 0.314795
7.53283 7.79788 0.314795
7.53283 7.79788 0.314795
7.53283 7.79788 0.314795
7.53283 7.79788 0.314795
7.84307 8.18615 0.320467
7.84307 8.18615 0.320467
7.84307 8.18615 0.320467
7.84307 8.18615 0.320467
7.84307 8.18615 0.320467
7.84307 8.18615 0.320467
7.68525 7.82115 0.330846
7.29272 7.96963 0.32975
7.29272 7.96963 0.32975
7.51577 7.36975 0.329004
7.51577 7.36975 0.329004
7.51577 7.36975 0.329004
7.66674 8.25238 0.317822
7.66674 8.25238 0.317822
7.66674 8.25238 0.317822
7.73932 7.78606 0.327385
6.89551 5.5831 0.000841502
6.89551 5.5831 0.000841502
6.89551 5.5831 0.000841502
5.88526 6.05868 -0.0130028
5.88526 6.05868 -0.0130028
5.88526 6.05868 -0.0130028
5.88526 6.05868 -0.0130028
5.88526 6.05868 -0.0130028
5.88526 6.05868 -0.0130028
5.88526 6.05868 -0.0130028
6.19696 6.31516 0.00884036
6.19696 6.31516 0.00884036
6.19696 6.31516 0.00884036
6.19696 6.31516 0.00884036
6.19696 6.31516 0.00884036
5.9686 6.37419 -0.011886
5.9686 6.37419 -0.011886
5.9686 6.37419 -0.011886
6.21228 6.29932 -0.0018564
6.21228 6.29932 -0.0018564
5.92339 6.79584 -0.000844911
5.92339 6.79584 -0.000844911
5.92339 6.79584 -0.000844911
5.92339 6.79584 -0.000844911
5.92339 6.79584 -0.000844911
5.92339 6.79584 -0.000844911
5.92339 6.79584 -0.000844911
5.92339 6.79584 -0.000844911
6.10857 6.56301 0.00226633
6.10857 6.56301 0.00226633
6.10857 6.56301 0.00226633
6.10857 6.56301 0.00226633
6.10857 6.56301 0.00226633
6.4453 6.46421 -0.0204914
6.4453 6.46421 -0.0204914
6.4453 6.46421 -0.0204914
6.4453 6.46421 -0.0204914
6.4453 6.46421 -0.0204914
6.4453 6.46421 -0.0204914
6.4453 6.46421 -0.0204914
6.4453 6.46421 -0.0204914
6.4453 6.46421 -0.0204914
6.26236 6.52609 0.00188925
6.03261 6.31338 0.0115906
6.03261 6.31338 0.0115906
6.20866 6.14849 0.0101452
6.20866 6.14849 0.0101452
6.20866 6.14849 0.0101452
6.20866 6.14849 0.0101452
6.20866 6.14849 0.0101452
6.29101 6.08482 -0.00455627
6.29101 6.08482 -0.00455627
6.01356 6.63385 -0.00691264
6.01356 6.63385 -0.00691264
6.01356 6.63385 -0.00691264
6.01356 6.63385 -0.00691264
6.01356 6.63385 -0.00691264
6.01356 6.63385 -0.00691264
6.01356 6.63385 -0.00691264
5.46569 6.13024 0.00328808
5.46569 6.13024 0.00328808
6.45347 6.27221 0.00112941
6.45347 6.27221 0.00112941
6.45347 6.27221 0.00112941
6.45347 6.27221 0.00112941
6.4848 6.37385 -0.000742685
6.4848 6.37385 -0.000742685
6.4848 6.37385 -0.000742685
6.4848 6.37385 -0.000742685
6.4848 6.37385 -0.000742685
6.4848 6.37385 -0.000742685
6.4848 6.37385 -0.000742685
6.4848 6.37385 -0.000742685
6.4848 6.37385 -0.000742685
6.02994 5.92462 -0.00827983
6.02994 5.92462 -0.00827983
6.02994 5.92462 -0.00827983
6.02994 5.92462 -0.00827983
6.02994 5.92462 -0.00827983
6.02994 5.92462 -0.00827983
6.02994 5.92462 -0.00827983
6.02994 5.92462 -0.00827983
6.02994 5.92462 -0.00827983
6.02994 5.92462 -0.00827983
6.26458 6.30854 0.00382151
6.26458 6.30854 0.00382151
6.26458 6.30854 0.00382151
6.26458 6.30854 0.00382151
6.26458 6.30854 0.00382151
6.26458 6.30854 0.00382151
6.29623 6.56127 0.00863332
6.07787 5.95127 0.000706479
6.07787 5.95127 0.000706479
6.07787 5.95127 0.000706479
5.89812 5.62182 -0.00842591
5.89812 5.62182 -0.00842591
5.89812 5.62182 -0.00842591
5.89812 5.62182 -0.00842591
5.89812 5.62182 -0.00842591
5.89812 5.62182 -0.00842591
6.43192 6.422 -0.00858075
6.43192 6.422 -0.00858075
6.43192 6.422 -0.00858075
6.43192 6.422 -0.00858075
6.43192 6.422 -0.00858075
6.43192 6.422 -0.00858075
6.43192 6.422 -0.00858075
6.43192 6.422 -0.00858075
6.43192 6.422 -0.00858075
6.43192 6.422 -0.00858075
6.43192 6.422 -0.00858075
6.43192 6.422 -0.00858075
6.43192 6.422 -0.00858075
6.43192 6.422 -0.00858075
6.43192 6.422 -0.00858075
6.43192 6.422 -0.00858075
6.43192 6.422 -0.00858075
6.43192 6.422 -0.00858075
6.43192 6.422 -0.00858075
6.43192 6.422 -0.00858075
6.31773 6.1756 -0.00199755
6.31773 6.1756 -0.00199755
6.31773 6.1756 -0.00199755
6.31773 6.1756 -0.00199755
6.43983 5.99434 -0.0149768
6.46849 6.23384 -0.0028571
6.05009 6.69315 -0.00913348
6.05009 6.69315 -0.00913348
6.05009 6.69315 -0.00913348
6.05009 6.69315 -0.00913348
6.05009 6.69315 -0.00913348
6.05009 6.69315 -0.00913348
6.05009 6.69315 -0.00913348
6.05009 6.69315 -0.00913348
6.05009 6.69315 -0.00913348
6.32802 6.31849 -0.00325451
6.32802 6.31849 -0.00325451
6.59785 5.94002 0.00475209
6.59785 5.94002 0.00475209
6.13222 5.89132 -0.0119418
6.13222 5.89132 -0.0119418
6.13222 5.89132 -0.0119418
6.13222 5.89132 -0.0119418
6.13222 5.89132 -0.0119418
5.54736 6.28259 -0.013481
5.54736 6.28259 -0.013481
5.54736 6.28259 -0.013481
6.74686 6.62657 -0.00083419
5.98212 6.50898 0.0131392
5.98212 6.50898 0.0131392
5.98212 6.50898 0.0131392
5.98212 6.50898 0.0131392
6.35562 5.83804 -0.00869581
6.35562 5.83804 -0.00869581
6.1656 6.60658 0.00998136
6.1656 6.60658 0.00998136
6.1656 6.60658 0.00998136
6.1656 6.60658 0.00998136
6.1656 6.60658 0.00998136
6.07745 6.09105 -0.00342443
5.98562 6.26415 -0.00765518
6.07407 5.93378 -0.00602222
6.07407 5.93378 -0.00602222
6.07407 5.93378 -0.00602222
6.12809 5.73432 0.000711613
6.05046 6.06752 0.00366413
6.05046 6.06752 0.00366413
6.03907 6.4759 0.000978049
6.03907 6.4759 0.000978049
6.03907 6.4759 0.000978049
6.03907 6.4759 0.000978049
6.03907 6.4759 0.000978049
6.03907 6.4759 0.000978049
6.15088 6.34558 -0.000157379
6.15088 6.34558 -0.000157379
6.23591 6.80087 -0.00838894
5.98737 6.39596 -0.00609698
5.98737 6.39596 -0.00609698
5.98737 6.39596 -0.00609698
5.98737 6.39596 -0.00609698
5.98737 6.39596 -0.00609698
5.98737 6.39596 -0.00609698
6.32664 6.28455 -0.000411923
6.32664 6.28455 -0.000411923
6.56851 6.70138 -0.00285386
6.56851 6.70138 -0.00285386
6.56851 6.70138 -0.00285386
6.56851 6.70138 -0.00285386
6.56851 6.70138 -0.00285386
6.56851 6.70138 -0.00285386
6.56851 6.70138 -0.00285386
6.56851 6.70138 -0.00285386
6.56851 6.70138 -0.00285386
6.56851 6.70138 -0.00285386
5.71999 6.09736 0.0029617
6.36679 6.26377 0.011129
6.36679 6.26377 0.011129
6.36679 6.26377 0.011129
6.36679 6.26377 0.011129
6.36679 6.26377 0.011129
6.36679 6.26377 0.011129
6.36679 6.26377 0.011129
6.36679 6.26377 0.011129
6.36679 6.26377 0.011129
6.36679 6.26377 0.011129
5.91506 6.58427 0.0161045
5.91506 6.58427 0.0161045
5.91506 6.58427 0.0161045
5.91506 6.58427 0.0161045
5.91506 6.58427 0.0161045
5.91506 6.58427 0.0161045
5.91506 6.58427 0.0161045
6.7382 5.71206 -0.00174834
6.7382 5.71206 -0.00174834
6.7382 5.71206 -0.00174834
6.7382 5.71206 -0.00174834
6.7382 5.71206 -0.00174834
6.7382 5.71206 -0.00174834
6.33761 6.36574 -0.00815466
6.33761 6.36574 -0.00815466
6.33761 6.36574 -0.00815466
6.59975 5.97883 -0.00512408
6.59975 5.97883 -0.00512408
6.59975 5.97883 -0.00512408
6.59975 5.97883 -0.00512408
6.59975 5.97883 -0.00512408
6.59975 5.97883 -0.00512408
6.59975 5.97883 -0.00512408
6.59975 5.97883 -0.00512408
6.59975 5.97883 -0.00512408
6.59975 5.97883 -0.00512408
6.59975 5.97883 -0.00512408
6.59975 5.97883 -0.00512408
6.26063 5.8582 -0.00277269
6.26063 5.8582 -0.00277269
6.26063 5.8582 -0.00277269
6.26063 5.8582 -0.00277269
6.26063 5.8582 -0.00277269
5.85611 5.99186 3.42062e-05
6.45369 5.81554 -0.0024198
6.0865 5.63204 0.0124065
6.0865 5.63204 0.0124065
6.0865 5.63204 0.0124065
6.0865 5.63204 0.0124065
6.0865 5.63204 0.0124065
6.0016 6.00858 0.00321521
6.0016 6.00858 0.00321521
6.29795 6.40483 -0.00676055
6.29795 6.40483 -0.00676055
6.29795 6.40483 -0.00676055
6.29795 6.40483 -0.00676055
6.29795 6.40483 -0.00676055
6.29795 6.40483 -0.00676055
6.29795 6.40483 -0.00676055
6.29795 6.40483 -0.00676055
6.19276 6.26559 -0.0156264
6.36505 6.53615 0.0156073
6.36505 6.53615 0.0156073
6.36505 6.53615 0.0156073
6.36505 6.53615 0.0156073
6.36505 6.53615 0.0156073
6.36505 6.53615 0.0156073
6.36505 6.53615 0.0156073
6.36505 6.53615 0.0156073
6.07229 5.95096 -0.00351848
6.07229 5.95096 -0.00351848
5.84421 5.85216 -0.00136421
5.84421 5.85216 -0.00136421
5.84421 5.85216 -0.00136421
5.84421 5.85216 -0.00136421
6.39834 6.79823 -0.00612908
6.0739 6.39727 0.00501753
6.0739 6.39727 0.00501753
6.0739 6.39727 0.00501753
6.0739 6.39727 0.00501753
6.57193 6.58618 0.0036354
6.07274 6.74172 0.00980879
6.35499 5.78995 -0.0155413
6.35499 5.78995 -0.0155413
6.16607 5.75214 0.00269489
6.16607 5.75214 0.00269489
6.16607 5.75214 0.00269489
6.16607 5.75214 0.00269489
6.16607 5.75214 0.00269489
6.16607 5.75214 0.00269489
6.16607 5.75214 0.00269489
6.16607 5.75214 0.00269489
6.40977 6.5553 -0.00364251
6.40977 6.5553 -0.00364251
6.40977 6.5553 -0.00364251
6.60798 6.23448 0.00846742
6.60798 6.23448 0.00846742
6.3766 6.50417 -0.0129741
6.3766 6.50417 -0.0129741
6.3766 6.50417 -0.0129741
6.3766 6.50417 -0.0129741
6.3766 6.50417 -0.0129741
6.3766 6.50417 -0.0129741
6.28068 6.52215 -0.00806497
6.28068 6.52215 -0.00806497
6.28068 6.52215 -0.00806497
6.28068 6.52215 -0.00806497
6.28068 6.52215 -0.00806497
6.28068 6.52215 -0.00806497
6.28068 6.52215 -0.00806497
6.28068 6.52215 -0.00806497
6.28068 6.52215 -0.00806497
6.28068 6.52215 -0.00806497
6.28068 6.52215 -0.00806497
5.95158 6.3584 0.0152496
5.95158 6.3584 0.0152496
5.95158 6.3584 0.0152496
5.99617 6.77532 -0.0129861
5.99617 6.77532 -0.0129861
6.01586 6.19884 -0.0159607
6.01586 6.19884 -0.0159607
6.01586 6.19884 -0.0159607
5.87412 6.24049 0.00670088
6.05884 6.02837 0.322372
6.60097 6.5085 0.304096
6.60097 6.5085 0.304096
6.60097 6.5085 0.304096
6.60097 6.5085 0.304096
6.60097 6.5085 0.304096
6.60097 6.5085 0.304096
6.60097 6.5085 0.304096
6.38693 6.6135 0.328856
6.38693 6.6135 0.328856
6.85986 5.97991 0.304621
6.85986 5.97991 0.304621
6.16698 6.47173 0.301652
6.16698 6.47173 0.301652
6.16698 6.47173 0.301652
6.16698 6.47173 0.301652
6.16698 6.47173 0.301652
6.82599 6.61052 0.31135
6.82599 6.61052 0.31135
6.82599 6.61052 0.31135
6.82599 6.61052 0.31135
6.82599 6.61052 0.31135
6.87187 6.45841 0.306736
6.87187 6.45841 0.306736
6.87187 6.45841 0.306736
6.87187 6.45841 0.306736
6.87187 6.45841 0.306736
6.87187 6.45841 0.306736
6.87187 6.45841 0.306736
5.87444 6.7625 0.314988
5.87444 6.7625 0.314988
5.87444 6.7625 0.314988
5.87444 6.7625 0.314988
5.87444 6.7625 0.314988
5.87444 6.7625 0.314988
5.75706 6.35573 0.308594
5.75706 6.35573 0.308594
6.53642 6.42738 0.317329
6.53642 6.42738 0.317329
6.53642 6.42738 0.317329
6.53642 6.42738 0.317329
6.48435 6.41528 0.317675
6.48435 6.41528 0.317675
6.48435 6.41528 0.317675
6.48435 6.41528 0.317675
6.15218 6.04053 0.336963
6.15218 6.04053 0.336963
6.33943 6.43154 0.305274
6.33943 6.43154 0.305274
6.33943 6.43154 0.305274
6.33943 6.43154 0.305274
6.2635 6.14367 0.323401
6.28543 6.44731 0.308851
6.28543 6.44731 0.308851
6.4475 5.9902 0.324535
6.4475 5.9902 0.324535
6.4475 5.9902 0.324535
6.4475 5.9902 0.324535
6.4475 5.9902 0.324535
6.4475 5.9902 0.324535
6.4475 5.9902 0.324535
6.4475 5.9902 0.324535
6.4475 5.9902 0.324535
6.4475 5.9902 0.324535
6.09367 5.92521 0.321958
6.09367 5.92521 0.321958
6.09367 5.92521 0.321958
6.09367 5.92521 0.321958
6.09367 5.92521 0.321958
6.09367 5.92521 0.321958
6.15152 6.72266 0.321034
6.15152 6.72266 0.321034
6.15152 6.72266 0.321034
6.15152 6.72266 0.321034
6.70769 6.25906 0.325097
6.70769 6.25906 0.325097
6.70769 6.25906 0.325097
6.70769 6.25906 0.325097
6.85887 6.01243 0.33037
6.85887 6.01243 0.33037
6.45497 6.64809 0.325841
6.45497 6.64809 0.325841
6.45497 6.64809 0.325841
6.45497 6.64809 0.325841
6.71565 6.40373 0.312555
6.71565 6.40373 0.312555
6.71565 6.40373 0.312555
6.71565 6.40373 0.312555
6.71565 6.40373 0.312555
6.71565 6.40373 0.312555
6.71565 6.40373 0.312555
6.71565 6.40373 0.312555
6.71565 6.40373 0.312555
6.40768 6.12996 0.3178
6.40768 6.12996 0.3178
6.40768 6.12996 0.3178
6.40768 6.12996 0.3178
6.40768 6.12996 0.3178
6.40768 6.12996 0.3178
6.17948 6.20526 0.32705
6.17948 6.20526 0.32705
6.5104 6.84553 0.327939
6.5104 6.84553 0.327939
6.5104 6.84553 0.327939
6.5104 6.84553 0.327939
5.41549 6.55482 0.310597
5.41549 6.55482 0.310597
5.41549 6.55482 0.310597
6.19611 6.43881 0.31345
6.19611 6.43881 0.31345
6.19611 6.43881 0.31345
6.07405 6.75345 0.311798
6.07405 6.75345 0.311798
6.07405 6.75345 0.311798
6.89059 6.59171 0.310114
7.03644 6.77448 0.298481
7.03644 6.77448 0.298481
7.03644 6.77448 0.298481
7.03644 6.77448 0.298481
7.03644 6.77448 0.298481
7.03644 6.77448 0.298481
7.03644 6.77448 0.298481
7.03644 6.77448 0.298481
7.03644 6.77448 0.298481
7.03644 6.77448 0.298481
7.03644 6.77448 0.298481
7.03644 6.77448 0.298481
7.03644 6.77448 0.298481
7.03644 6.77448 0.298481
7.03644 6.77448 0.298481
6.27604 6.76059 0.308243
6.27604 6.76059 0.308243
6.27604 6.76059 0.308243
6.27604 6.76059 0.308243
6.27604 6.76059 0.308243
6.27604 6.76059 0.308243
6.27604 6.76059 0.308243
6.27604 6.76059 0.308243
6.27604 6.76059 0.308243
6.27604 6.76059 0.308243
6.27604 6.76059 0.308243
6.27604 6.76059 0.308243
6.27604 6.76059 0.308243
6.27604 6.76059 0.308243
6.27604 6.76059 0.308243
6.27604 6.76059 0.308243
6.70369 6.53821 0.287686
6.70369 6.53821 0.287686
6.70369 6.53821 0.287686
6.99574 6.58211 0.305105
6.99574 6.58211 0.305105
6.99574 6.58211 0.305105
6.99574 6.58211 0.305105
6.99574 6.58211 0.305105
6.99574 6.58211 0.305105
6.99574 6.58211 0.305105
6.85409 6.76928 0.307322
6.85409 6.76928 0.307322
6.85409 6.76928 0.307322
6.85409 6.76928 0.307322
6.69282 6.67785 0.324769
6.69282 6.67785 0.324769
6.29573 7.14931 0.322586
6.29573 7.14931 0.322586
6.29573 7.14931 0.322586
6.29573 7.14931 0.322586
6.29573 7.14931 0.322586
6.29573 7.14931 0.322586
6.29573 7.14931 0.322586
6.29573 7.14931 0.322586
7.12769 7.16808 0.306819
7.12769 7.16808 0.306819
7.12769 7.16808 0.306819
7.12769 7.16808 0.306819
7.12769 7.16808 0.306819
7.12769 7.16808 0.306819
7.12769 7.16808 0.306819
7.12769 7.16808 0.306819
7.12769 7.16808 0.306819
7.12769 7.16808 0.306819
6.8301 6.72233 0.290185
6.8888 6.95353 0.302637
6.8888 6.95353 0.302637
6.89764 6.54093 0.298708
6.89764 6.54093 0.298708
7.03827 6.6311 0.294881
7.03827 6.6311 0.294881
6.77091 6.96553 0.306317
6.77091 6.96553 0.306317
6.77091 6.96553 0.306317
6.77091 6.96553 0.306317
6.5613 6.91295 0.295299
6.5613 6.91295 0.295299
6.91992 6.5636 0.313018
6.91992 6.5636 0.313018
6.91992 6.5636 0.313018
6.89333 6.75976 0.29625
6.98788 6.12294 0.303257
6.98788 6.12294 0.303257
6.98788 6.12294 0.303257
6.98788 6.12294 0.303257
6.98788 6.12294 0.303257
6.60422 6.8149 0.294187
6.60422 6.8149 0.294187
6.60422 6.8149 0.294187
6.60422 6.8149 0.294187
6.60422 6.8149 0.294187
6.74425 6.70007 0.292757
6.74425 6.70007 0.292757
6.74425 6.70007 0.292757
6.95321 7.10099 0.306177
6.95321 7.10099 0.306177
6.95321 7.10099 0.306177
6.95321 7.10099 0.306177
6.95321 7.10099 0.306177
6.95321 7.10099 0.306177
6.95321 7.10099 0.306177
6.95321 7.10099 0.306177
6.95321 7.10099 0.306177
6.95321 7.10099 0.306177
6.95321 7.10099 0.306177
6.80656 6.8455 0.312789
6.80656 6.8455 0.312789
7.26859 7.28407 0.294913
7.26859 7.28407 0.294913
13.0784 13.3841 0.298235
13.6354 13.0358 0.284754
13.6774 13.2345 0.30821
13.6774 13.2345 0.30821
13.261 13.2344 0.292652
12.4952 13.7571 0.289301
13.4148 14.0297 0.304722
13.1922 13.0623 0.308359
12.9073 12.9578 0.289232
13.1393 13.5199 0.300231
13.7612 13.4087 0.295574
13.2925 13.4586 0.284733
13.0233 13.4862 0.277844
13.3802 13.519 0.281315
13.3119 13.6379 0.292745
13.3119 13.6379 0.292745
13.154 13.344 0.291064
12.8829 13.4532 0.296477
13.5461 13.0425 0.296395
13.458 13.7184 0.305185
13.458 13.7184 0.305185
13.2303 13.3608 0.277214
13.1251 13.2825 0.269927
13.4292 13.077 0.315455
13.3496 13.4501 0.286557
13.3145 13.6589 0.288941
13.707 13.1626 0.298829
13.3785 13.0176 0.273983
13.1921 12.8578 0.305304
13.1921 12.8578 0.305304
13.016 13.0354 0.287158
13.5422 13.3012 0.283933
13.5422 13.3012 0.283933
13.1798 13.3583 0.300229
13.6715 13.4804 0.299235
13.6931 13.6052 0.281057
13.6931 13.6052 0.281057
12.9958 12.7093 0.28828
12.9958 12.7093 0.28828
12.6899 13.995 0.274256
12.6595 13.4474 0.308652
12.6595 13.4474 0.308652
12.6595 13.4474 0.308652
12.6595 13.4474 0.308652
13.4837 13.4473 0.293583
13.4837 13.4473 0.293583
13.4837 13.4473 0.293583
13.4837 13.4473 0.293583
13.1873 13.3283 0.269316
13.1921 13.2287 0.272318
13.2859 13.1927 0.285773
13.4802 13.8399 0.277578
13.4802 13.8399 0.277578
12.8571 13.6435 0.291411
13.4058 13.1569 0.294611
13.3988 13.5171 0.281219
13.3537 14.0689 0.304956
13.0035 12.5738 0.297644
13.0035 12.5738 0.297644
12.6418 13.478 0.279857
12.6418 13.478 0.279857
13.9968 13.7594 0.297689
13.5682 12.8794 0.288808
13.5682 12.8794 0.288808
13.3904 13.6661 0.311205
13.3904 13.6661 0.311205
13.6785 13.4377 0.298184
13.6785 13.4377 0.298184
13.5751 13.0133 0.291944
12.8616 13.3856 0.270735
13.1699 12.899 0.298922
13.0074 13.0748 0.2731
13.0074 13.0748 0.2731
13.0139 13.138 0.282866
13.0139 13.138 0.282866
13.0451 12.9542 0.275522
13.1718 13.5074 0.278311
13.4084 12.9144 0.277632
13.4809 13.3936 0.294804
13.4809 13.3936 0.294804
13.4538 13.5919 0.289175
13.3935 13.6755 0.298774
13.2707 13.2434 0.272639
13.2707 13.2434 0.272639
13.2707 13.2434 0.272639
13.168 12.9901 0.294193
13.168 12.9901 0.294193
13.168 12.9901 0.294193
13.5746 13.4616 0.281397
13.7833 13.2276 0.273736
13.9196 14.0815 0.310632
13.4102 13.2924 0.295772
13.3693 13.4212 0.267836
13.5511 13.3603 0.305991
13.3304 13.5421 0.314802
13.3304 13.5421 0.314802
13.7939 13.5488 0.306972
13.7492 13.0859 0.287921
13.5556 12.8473 0.291171
12.9773 13.1451 0.29078
13.5743 13.1014 0.288178
13.7365 13.4112 0.306725
13.0294 13.2823 0.286111
13.2847 13.4838 0.290693
13.2847 13.4838 0.290693
13.3861 13.1486 0.288003
13.308 13.215 0.286635
13.7709 13.5318 0.295756
13.7709 13.5318 0.295756
13.2549 13.2575 0.294496
12.822 13.5598 0.29732
13.2773 13.2984 0.292801
13.5028 13.0908 0.296151
13.2114 13.2437 0.28783
13.8814 13.9001 0.29729
13.4339 13.8139 0.294771
13.4339 13.8139 0.294771
13.6534 12.9733 0.285058
13.6534 12.9733 0.285058
12.4515 13.4178 0.295463
13.0802 13.2147 0.288642
12.7635 13.7451 0.307909
13.6269 13.2657 0.289772
13.6453 12.9699 0.322359
13.6292 12.9828 0.286444
13.2789 13.016 0.282957
13.2199 13.2935 0.298855
13.2199 13.2935 0.298855
13.7648 13.2349 0.295954
13.1137 13.5474 0.299053
13.7033 13.1981 0.285519
12.9279 13.4425 0.297899
12.9279 13.4425 0.297899
13.4829 13.4033 0.290822
13.4267 12.9667 0.28733
13.4267 12.9667 0.28733
12.9092 13.0916 0.297934
13.5551 13.3861 0.291468
13.2595 13.6681 0.284037
13.3743 13.0063 0.308029
13.3743 13.0063 0.308029
13.3743 13.0063 0.308029
13.7858 13.0767 0.302952
13.7858 13.0767 0.302952
12.9622 13.6032 0.297153
13.2506 13.6262 0.276882
13.3853 12.8765 0.27968
13.1893 13.2997 0.297378
13.3279 13.251 0.292227
13.2749 13.6863 0.271889
13.0154 13.2563 0.277254
13.0154 13.2563 0.277254
13.218 13.7144 0.285401
13.3964 13.549 0.274299
13.5677 13.3654 0.283476
13.5677 13.3654 0.283476
13.5677 13.3654 0.283476
13.3539 13.4191 0.298469
13.3539 13.4191 0.298469
12.6897 13.6485 0.289497
13.2315 13.0313 0.287845
13.135 13.5737 0.310298
13.135 13.5737 0.310298
13.3179 13.0981 0.285583
13.3179 13.0981 0.285583
13.912 13.2139 0.271659
13.5576 13.0716 0.305389
13.2178 12.9982 0.273924
13.2662 12.7574 0.280597
13.6011 13.4543 0.278858
13.0014 13.4621 0.303363
13.0014 13.4621 0.303363
13.7069 13.2768 0.294517
13.2963 13.5361 0.292301
13.0501 14.0366 0.300384
13.9427 13.1686 0.294275
13.3904 13.1516 0.301309
13.7154 13.3668 0.311944
13.7154 13.3668 0.311944
13.8352 13.4927 0.282026
13.8352 13.4927 0.282026
13.0092 12.8616 0.295192
13.2763 13.5654 0.285965
13.1979 12.7904 0.276863
13.1979 12.7904 0.276863
13.5752 13.33 0.280207
12.8967 13.4497 0.29659
13.1904 12.8965 0.277754
12.9655 13.5625 0.305683
13.549 13.0887 0.285333
13.2988 13.3162 0.303739
13.2988 13.3162 0.303739
12.9494 13.2935 0.304123
12.9494 13.2935 0.304123
13.2666 13.2854 0.299575
13.2311 13.4413 0.294114
13.2311 13.4413 0.294114
13.1707 13.2353 0.275897
12.9853 13.1975 0.301901
13.7659 13.3975 0.28616
13.5595 13.5213 0.292727
13.6809 13.4862 0.298329
13.3739 12.7299 0.276481
13.3739 12.7299 0.276481
13.3755 13.0863 0.308411
7.92972 8.18777 0.329915
7.92972 8.18777 0.329915
7.92972 8.18777 0.329915
7.92972 8.18777 0.329915
7.92972 8.18777 0.329915
8.12713 8.13868 0.306115
7.59315 7.43695 0.314399
7.59315 7.43695 0.314399
7.86203 7.29471 0.323281
7.86203 7.29471 0.323281
7.86203 7.29471 0.323281
7.86203 7.29471 0.323281
7.65857 7.67791 0.326123
10.4301 10.5285 0.281296
10.4301 10.5285 0.281296
10.4301 10.5285 0.281296
10.6849 10.9766 0.30001
10.6849 10.9766 0.30001
10.6849 10.9766 0.30001
10.6849 10.9766 0.30001
10.4662 11.4956 0.310735
10.4662 11.4956 0.310735
10.4662 11.4956 0.310735
10.4662 11.4956 0.310735
10.4662 11.4956 0.310735
10.4662 11.4956 0.310735
10.4662 11.4956 0.310735
10.4662 11.4956 0.310735
10.4662 11.4956 0.310735
10.4662 11.4956 0.310735
10.4662 11.4956 0.310735
10.9037 9.93094 0.291679
10.5639 10.2626 0.312851
10.5639 10.2626 0.312851
10.5639 10.2626 0.312851
10.281 10.6186 0.303276
10.281 10.6186 0.303276
10.281 10.6186 0.303276
10.0589 10.1814 0.30508
10.3373 10.6016 0.309949
10.3373 10.6016 0.309949
9.90107 10.8659 0.307744
9.90107 10.8659 0.307744
11.012 10.4946 0.314211
11.012 10.4946 0.314211
11.012 10.4946 0.314211
11.012 10.4946 0.314211
11.012 10.4946 0.314211
11.012 10.4946 0.314211
11.012 10.4946 0.314211
10.8279 10.3122 0.29672
10.8279 10.3122 0.29672
10.8279 10.3122 0.29672
10.4309 10.4105 0.313918
10.4309 10.4105 0.313918
10.1295 10.6788 0.29678
10.1295 10.6788 0.29678
10.1295 10.6788 0.29678
10.1295 10.6788 0.29678
10.9223 10.6502 0.314124
10.9223 10.6502 0.314124
10.9223 10.6502 0.314124
10.9223 10.6502 0.314124
10.9768 10.4517 0.300248
11.0577 10.4785 0.311295
11.0577 10.4785 0.311295
11.0577 10.4785 0.311295
11.0577 10.4785 0.311295
10.8335 10.3807 0.309615
10.4912 10.5031 0.311474
10.4912 10.5031 0.311474
10.4912 10.5031 0.311474
10.4912 10.5031 0.311474
10.4912 10.5031 0.311474
10.4912 10.5031 0.311474
10.4912 10.5031 0.311474
10.4912 10.5031 0.311474
10.4912 10.5031 0.311474
10.4912 10.5031 0.311474
10.4912 10.5031 0.311474
10.4035 10.7647 0.310879
10.4035 10.7647 0.310879
10.4035 10.7647 0.310879
10.6864 10.2506 0.307124
10.1813 11.0679 0.307275
10.1813 11.0679 0.307275
10.1813 11.0679 0.307275
10.6763 10.4002 0.304055
9.95136 10.4737 0.296317
9.95136 10.4737 0.296317
9.95136 10.4737 0.296317
10.3386 10.7253 0.295464
10.3386 10.7253 0.295464
10.3386 10.7253 0.295464
10.7358 10.2809 0.293531
10.7358 10.2809 0.293531
10.5951 10.4375 0.317623
10.5951 10.4375 0.317623
10.4051 10.8842 0.290297
10.4051 10.8842 0.290297
9.35369 9.82094 0.316458
9.25013 9.56559 0.317319
9.3322 9.71595 0.298185
9.3322 9.71595 0.298185
9.3322 9.71595 0.298185
9.3322 9.71595 0.298185
9.44481 9.46879 0.303927
9.44481 9.46879 0.303927
9.44481 9.46879 0.303927
9.44481 9.46879 0.303927
9.44481 9.46879 0.303927
9.56464 9.55274 0.326017
9.56464 9.55274 0.326017
9.56464 9.55274 0.326017
9.56464 9.55274 0.326017
9.56464 9.55274 0.326017
12.378 12.062 0.295623
12.378 12.062 0.295623
12.378 12.062 0.295623
12.378 12.062 0.295623
12.6049 12.3433 0.28732
12.5494 12.1183 0.310549
12.5494 12.1183 0.310549
12.5494 12.1183 0.310549
12.6342 12.6278 0.285752
12.6342 12.6278 0.285752
12.3809 12.2484 0.316278
12.1687 12.6143 0.301002
12.1687 12.6143 0.301002
12.3012 12.8536 0.297354
12.3012 12.8536 0.297354
12.2159 12.628 0.295473
12.2159 12.628 0.295473
12.2159 12.628 0.295473
12.9438 12.7698 0.310626
12.9438 12.7698 0.310626
12.9438 12.7698 0.310626
12.4257 12.1124 0.303065
12.4257 12.1124 0.303065
12.4257 12.1124 0.303065
12.0035 12.0998 0.320963
12.7899 12.0418 0.296869
12.7899 12.0418 0.296869
12.7899 12.0418 0.296869
12.5136 12.9866 0.290127
13.0589 12.5509 0.321405
12.6826 12.4327 0.301413
13.2131 12.3543 0.303061
13.2131 12.3543 0.303061
13.2131 12.3543 0.303061
12.8436 12.5224 0.314585
12.8436 12.5224 0.314585
12.1965 12.46 0.299612
12.1965 12.46 0.299612
12.6974 12.4329 0.308943
12.6974 12.4329 0.308943
12.6974 12.4329 0.308943
12.6974 12.4329 0.308943
12.2511 12.1378 0.316679
12.8887 11.8061 0.309142
12.8887 11.8061 0.309142
12.3949 12.2498 0.312871
12.0679 12.602 0.297051
12.0679 12.602 0.297051
12.7001 12.7582 0.292301
12.7001 12.7582 0.292301
12.1643 12.6748 0.299171
12.5602 12.1762 0.312567
12.5602 12.1762 0.312567
12.5602 12.1762 0.312567
11.9845 13.1499 0.315347
11.9845 13.1499 0.315347
12.0739 11.9402 0.308631
12.0739 11.9402 0.308631
12.0739 11.9402 0.308631
12.171 12.9231 0.301101
12.171 12.9231 0.301101
12.0065 12.5169 0.300301
12.6015 11.9576 0.319003
12.54 12.6732 0.317581
12.54 12.6732 0.317581
12.6469 12.0658 0.323694
11.9433 12.7711 0.31088
12.4378 12.4976 0.303659
12.0276 12.516 0.297723
12.0276 12.516 0.297723
12.0276 12.516 0.297723
12.0276 12.516 0.297723
12.503 12.2604 0.321066
12.503 12.2604 0.321066
12.503 12.2604 0.321066
12.2684 12.8037 0.30866
12.2684 12.8037 0.30866
12.2684 12.8037 0.30866
12.2684 12.8037 0.30866
12.2684 12.8037 0.30866
12.5881 12.5697 0.298432
11.9836 12.0406 0.301042
11.9836 12.0406 0.301042
11.9836 12.0406 0.301042
11.4788 11.6684 0.298549
11.4788 11.6684 0.298549
11.4788 11.6684 0.298549
11.4788 11.6684 0.298549
11.2929 11.4935 0.299853
11.791 11.2138 0.306703
11.791 11.2138 0.306703
11.4087 12.0908 0.305144
11.4087 12.0908 0.305144
11.4087 12.0908 0.305144
11.1627 11.4607 0.304815
11.1627 11.4607 0.304815
11.4936 12.4336 0.313211
11.4936 12.4336 0.313211
11.5763 11.7239 0.307819
11.5763 11.7239 0.307819
11.5763 11.7239 0.307819
11.7886 11.3617 0.314857
11.7886 11.3617 0.314857
11.7886 11.3617 0.314857
11.3658 11.7208 0.300493
11.3658 11.7208 0.300493
11.3658 11.7208 0.300493
12.0145 10.8951 0.322491
12.0145 10.8951 0.322491
12.0145 10.8951 0.322491
12.0145 10.8951 0.322491
11.751 11.9067 0.311021
11.751 11.9067 0.311021
11.2769 11.2734 0.318267
11.5511 11.5543 0.284018
11.5511 11.5543 0.284018
11.5511 11.5543 0.284018
11.5511 11.5543 0.284018
11.7933 11.2987 0.296782
11.7933 11.2987 0.296782
11.1634 11.2821 0.316511
11.1634 11.2821 0.316511
11.4204 11.1152 0.285336
11.4204 11.1152 0.285336
11.6078 11.6891 0.314022
11.6078 11.6891 0.314022
11.086 11.5883 0.294658
11.086 11.5883 0.294658
11.086 11.5883 0.294658
11.086 11.5883 0.294658
11.086 11.5883 0.294658
11.086 11.5883 0.294658
11.086 11.5883 0.294658
11.086 11.5883 0.294658
11.086 11.5883 0.294658
11.6948 11.1696 0.306673
11.6948 11.1696 0.306673
11.6948 11.1696 0.306673
11.6948 11.1696 0.306673
11.6948 11.1696 0.306673
11.5667 11.3639 0.323437
11.5667 11.3639 0.323437
11.2788 11.3499 0.320041
11.5332 11.0902 0.307227
11.5332 11.0902 0.307227
11.5332 11.0902 0.307227
11.6165 11.1757 0.308455
11.6165 11.1757 0.308455
8.10741 8.01578 0.319242
8.10741 8.01578 0.319242
8.15494 7.61623 0.313565
8.15494 7.61623 0.313565
8.15494 7.61623 0.313565
8.15494 7.61623 0.313565
8.15494 7.61623 0.313565
8.15494 7.61623 0.313565
7.34463 7.83575 0.307684
7.34463 7.83575 0.307684
7.34463 7.83575 0.307684
7.34463 7.83575 0.307684
7.34463 7.83575 0.307684
7.34463 7.83575 0.307684
7.34463 7.83575 0.307684
7.34463 7.83575 0.307684
7.34463 7.83575 0.307684
7.37715 7.56849 0.333657
7.43831 7.82117 0.312761
7.43831 7.82117 0.312761
7.43831 7.82117 0.312761
7.43831 7.82117 0.312761
7.43831 7.82117 0.312761
7.43831 7.82117 0.312761
7.43831 7.82117 0.312761
7.43831 7.82117 0.312761
7.43831 7.82117 0.312761
7.43831 7.82117 0.312761
7.43831 7.82117 0.312761
7.51635 7.39014 0.317299
7.51635 7.39014 0.317299
8.04985 8.13096 0.319813
8.04985 8.13096 0.319813
8.04985 8.13096 0.319813
8.04985 8.13096 0.319813
8.04985 8.13096 0.319813
