60.8262 61.3162 0.13374
13.2839 13.3401 0.290723
9.38676 9.21869 0.309483
32.4712 32.1817 0.219636
22.683 22.7532 0.264134
29.5281 30.3592 0.229349
18.298 17.9685 0.298419
43.3624 43.1878 0.186984
41.6059 41.6529 0.188724
8.04784 7.85237 0.332648
6.41059 6.44927 0.336636
6.41059 6.44927 0.336636
38.0656 38.5522 0.180918
56.6494 57.2691 0.132181
52.0654 51.7004 0.127937
36.701 36.6893 0.183929
26.4694 26.3968 0.239085
39.7704 40.3691 0.170289
40.9001 41.2914 0.184149
17.4042 17.8942 0.284772
14.0762 13.8435 0.277601
15.8208 16.3301 0.271449
47.8238 47.617 0.168417
6.26867 7.09974 0.304316
44.6129 44.1728 0.158181
44.9642 44.8868 0.165538
52.6022 52.6493 0.148449
14.0762 13.8435 0.277601
35.3951 35.8818 0.191582
19.4282 19.2573 0.256317
31.9523 31.9993 0.190278
35.0644 35.8562 0.201364
52.0836 52.5145 0.147172
26.4588 26.3875 0.24176
41.8668 41.699 0.176667
14.0762 13.8435 0.277601
58.8556 58.7749 0.149306
19.2758 19.6126 0.28139
41.6059 41.6529 0.188724
51.7454 52.2353 0.156486
45.4445 44.8065 0.169016
34.8305 35.2595 0.187659
58.8835 59.5032 0.104094
42.8397 42.5429 0.155039
55.9233 55.7342 0.129835
24.0654 23.9651 0.270039
41.6059 41.6529 0.188724
36.8631 37.1039 0.180969
14.9555 14.2265 0.292377
47.8909 46.8012 0.191125
54.6949 54.5268 0.154204
48.3979 48.2087 0.159202
22.3479 22.4181 0.262509
27.8771 27.9785 0.21889
10.3423 9.90214 0.291107
50.0946 50.4859 0.175455
15.8888 15.7885 0.324489
9.98836 9.22669 0.294127
13.2839 13.3401 0.290723
25.9349 25.4139 0.215467
58.8835 59.5032 0.104094
52.6022 52.6493 0.148449
17.4042 17.8942 0.284772
11.3528 11.3776 0.301853
18.298 17.9685 0.298419
25.9349 25.4139 0.215467
39.9361 39.6463 0.181119
18.298 17.9685 0.298419
16.0587 15.7292 0.318592
46.8057 46.4407 0.154547
18.298 17.9685 0.298419
30.6947 30.7218 0.218197
39.0225 39.5091 0.159494
47.5093 47.4091 0.200138
58.7431 58.8132 0.150146
58.8384 58.6706 0.139991
16.5589 16.1939 0.25512
19.5649 18.6535 0.297894
37.6007 37.2314 0.221086
36.8631 37.1039 0.180969
10.1126 10.2139 0.294161
35.5698 35.2804 0.208315
23.3807 23.5833 0.257712
18.298 17.9685 0.298419
18.298 17.9685 0.298419
52.7551 52.7731 0.147174
54.7136 54.6648 0.148754
55.248 55.3783 0.163206
27.4563 27.4745 0.214933
52.0654 51.7004 0.127937
48.4769 48.8832 0.177095
52.4489 52.1512 0.157302
37.0792 37.2421 0.226602
43.3577 43.1509 0.172573
27.8771 27.9785 0.21889
18.298 17.9685 0.298419
30.0524 29.141 0.242342
19.4282 19.2573 0.256317
24.9557 25.0914 0.247399
40.0896 39.7518 0.187681
22.9351 23.0706 0.254555
22.9943 22.575 0.269069
22.9943 22.575 0.269069
22.9943 22.575 0.269069
22.9943 22.575 0.269069
22.3411 23.4009 0.250124
23.2427 22.8361 0.261568
23.2427 22.8361 0.261568
23.2427 22.8361 0.261568
23.2427 22.8361 0.261568
23.2427 22.8361 0.261568
23.2427 22.8361 0.261568
23.2427 22.8361 0.261568
23.2427 22.8361 0.261568
23.2427 22.8361 0.261568
23.2427 22.8361 0.261568
23.2427 22.8361 0.261568
23.2427 22.8361 0.261568
23.2427 22.8361 0.261568
23.2427 22.8361 0.261568
23.2427 22.8361 0.261568
23.2427 22.8361 0.261568
23.2427 22.8361 0.261568
23.2427 22.8361 0.261568
23.2427 22.8361 0.261568
23.2427 22.8361 0.261568
23.2427 22.8361 0.261568
23.2427 22.8361 0.261568
22.6432 22.515 0.2691
22.6432 22.515 0.2691
22.6432 22.515 0.2691
22.6432 22.515 0.2691
22.6432 22.515 0.2691
22.6432 22.515 0.2691
32.5631 31.9585 0.189406
32.5631 31.9585 0.189406
32.5631 31.9585 0.189406
32.5631 31.9585 0.189406
32.5631 31.9585 0.189406
32.2373 31.5923 0.205886
31.3138 31.6957 0.201858
31.3138 31.6957 0.201858
31.3138 31.6957 0.201858
31.3138 31.6957 0.201858
31.3138 31.6957 0.201858
31.3138 31.6957 0.201858
31.3138 31.6957 0.201858
31.3138 31.6957 0.201858
31.3138 31.6957 0.201858
31.3138 31.6957 0.201858
31.3138 31.6957 0.201858
31.3138 31.6957 0.201858
31.3138 31.6957 0.201858
31.3138 31.6957 0.201858
31.3138 31.6957 0.201858
31.3138 31.6957 0.201858
31.3138 31.6957 0.201858
31.3138 31.6957 0.201858
31.3138 31.6957 0.201858
31.3138 31.6957 0.201858
31.3138 31.6957 0.201858
31.3138 31.6957 0.201858
31.3138 31.6957 0.201858
31.3138 31.6957 0.201858
31.3138 31.6957 0.201858
31.3138 31.6957 0.201858
31.3138 31.6957 0.201858
31.3138 31.6957 0.201858
31.9354 32.3511 0.183916
31.9354 32.3511 0.183916
31.5528 31.7478 0.184026
31.9399 31.7854 0.180168
31.9399 31.7854 0.180168
31.9399 31.7854 0.180168
31.9399 31.7854 0.180168
32.117 31.9684 0.173744
32.117 31.9684 0.173744
32.117 31.9684 0.173744
32.117 31.9684 0.173744
32.117 31.9684 0.173744
32.117 31.9684 0.173744
32.117 31.9684 0.173744
32.117 31.9684 0.173744
32.117 31.9684 0.173744
32.117 31.9684 0.173744
32.117 31.9684 0.173744
32.117 31.9684 0.173744
31.6848 32.0017 0.189419
31.6848 32.0017 0.189419
32.1459 31.9032 0.193884
32.1521 32.2811 0.179563
32.1521 32.2811 0.179563
32.1521 32.2811 0.179563
32.1521 32.2811 0.179563
32.1521 32.2811 0.179563
32.1521 32.2811 0.179563
32.1521 32.2811 0.179563
32.1521 32.2811 0.179563
31.6268 31.6158 0.227509
31.6268 31.6158 0.227509
61.109 61.1098 0.128162
60.8277 60.4502 0.119588
60.8534 60.7103 0.122824
60.8869 60.8959 0.123519
61.0877 61.139 0.118947
60.9116 60.6432 0.108217
61.1399 60.9514 0.12457
61.0394 60.6909 0.136156
61.0818 61.0335 0.106844
60.8351 61.0483 0.139553
60.9133 61.2657 0.114619
60.519 61.0538 0.135523
61.397 60.664 0.115578
61.2804 60.4684 0.131895
60.857 60.6101 0.118472
60.1012 61.4836 0.125647
60.1012 61.4836 0.125647
60.6459 60.9289 0.116529
60.7614 60.6317 0.116097
60.6084 60.8866 0.121799
60.6084 60.8866 0.121799
61.3908 60.5219 0.128763
60.1428 60.5999 0.1192
60.8367 61.5828 0.119835
60.8617 60.9774 0.103191
60.7053 60.7342 0.126546
60.7053 60.7342 0.126546
61.078 61.0487 0.12031
60.8166 60.9344 0.142294
61.0508 61.1232 0.102714
61.0508 61.1232 0.102714
61.0332 61.2518 0.127197
60.3945 61.2142 0.111076
60.3945 61.2142 0.111076
60.4922 60.6718 0.126031
60.8614 61.0144 0.126047
60.6414 60.9645 0.134234
60.6414 60.9645 0.134234
61.1397 61.0781 0.115459
60.6186 60.6971 0.13108
60.1967 61.6357 0.127616
60.1967 61.6357 0.127616
60.1967 61.6357 0.127616
61.3137 61.2671 0.130113
60.7969 61.1532 0.127522
60.7969 61.1532 0.127522
60.7969 61.1532 0.127522
61.0903 60.721 0.11388
29.7728 29.8815 0.218211
30.0183 30.2171 0.216841
30.132 29.973 0.218013
30.132 29.973 0.218013
30.132 29.973 0.218013
30.132 29.973 0.218013
30.132 29.973 0.218013
30.132 29.973 0.218013
30.132 29.973 0.218013
30.132 29.973 0.218013
30.132 29.973 0.218013
30.132 29.973 0.218013
30.132 29.973 0.218013
30.132 29.973 0.218013
30.132 29.973 0.218013
30.132 29.973 0.218013
30.132 29.973 0.218013
30.132 29.973 0.218013
30.132 29.973 0.218013
30.132 29.973 0.218013
30.132 29.973 0.218013
30.132 29.973 0.218013
30.132 29.973 0.218013
30.132 29.973 0.218013
30.132 29.973 0.218013
30.132 29.973 0.218013
30.132 29.973 0.218013
29.8993 29.8996 0.214671
29.8993 29.8996 0.214671
29.8993 29.8996 0.214671
29.8993 29.8996 0.214671
29.8993 29.8996 0.214671
29.8993 29.8996 0.214671
29.3224 29.8337 0.22307
29.3224 29.8337 0.22307
29.3224 29.8337 0.22307
29.3224 29.8337 0.22307
29.3224 29.8337 0.22307
29.3224 29.8337 0.22307
29.3224 29.8337 0.22307
22.1674 22.5316 0.264822
22.1674 22.5316 0.264822
22.1674 22.5316 0.264822
22.1674 22.5316 0.264822
22.9024 22.4331 0.266896
22.9024 22.4331 0.266896
22.9024 22.4331 0.266896
22.9024 22.4331 0.266896
22.9024 22.4331 0.266896
22.9024 22.4331 0.266896
22.9024 22.4331 0.266896
22.9024 22.4331 0.266896
