12.1968 12.1534 0.314106
11.2035 11.0357 0.299149
9.54755 8.63614 0.334419
11.2035 11.0357 0.299149
6.41392 6.84292 0.31191
9.22828 9.25309 0.302213
10.7201 10.7449 0.30848
6.36729 6.45741 -0.0145954
10.6064 9.69503 0.319983
7.32288 7.86367 0.329727
6.26297 5.93353 0.0169025
11.2488 10.8795 0.32234
12.0315 11.4824 0.320037
10.8893 10.8167 0.297563
9.54755 8.63614 0.334419
6.26297 5.93353 0.0169025
11.6549 11.3581 0.309689
9.47628 9.74146 0.316703
10.7993 10.8174 0.300323
6.4195 6.29928 0.00329886
5.89617 6.40547 0.314623
12.1098 12.6506 0.308262
11.2771 12.01 0.344275
12.7149 11.6252 0.316804
6.63728 6.66439 0.29874
10.7201 10.7449 0.30848
7.97426 7.99251 0.317397
7.76934 7.81639 0.324898
6.41392 6.84292 0.31191
7.65865 7.3692 0.331659
9.84419 9.64871 0.329229
6.41141 5.80163 0.326401
8.47849 8.40586 0.311079
9.89382 9.52452 0.327168
11.5563 11.0353 0.311842
6.60168 6.55829 -0.00513132
8.04784 7.85237 0.332648
10.3423 9.90214 0.291107
8.67818 8.51011 0.324408
11.1088 10.3278 0.302992
10.6706 10.3211 0.305516
11.2035 11.0357 0.299149
9.28712 9.75771 0.320932
6.01834 6.25177 0.000834648
6.20232 6.25496 0.313444
10.2827 10.5563 0.319128
6.46883 6.48691 -0.00085994
9.5903 10.0193 0.311043
10.6706 10.3211 0.305516
6.01834 6.25177 0.000834648
8.99875 8.80327 0.33306
11.9919 12.8229 0.308825
10.4961 11.0369 0.316036
5.95039 6.71278 0.00192008
7.83837 7.7609 0.316319
8.04784 7.85237 0.332648
12.7884 12.7172 0.302072
8.38852 8.40661 0.313839
11.6549 11.3581 0.309689
8.58706 7.56352 0.313413
9.45805 9.44635 0.30647
6.01834 6.25177 0.000834648
12.4456 12.1561 0.310194
12.2625 11.2389 0.317951
12.1968 12.1534 0.314106
7.7201 7.56812 0.329119
7.67994 7.94511 0.320122
11.8142 12.3041 0.329594
8.47849 8.40586 0.311079
8.99875 8.80327 0.33306
11.3795 11.4066 0.304395
12.1968 12.1534 0.314106
6.29217 6.34845 0.315809
6.26867 7.09974 0.304316
9.16539 9.652 0.294968
6.26297 5.93353 0.0169025
9.50206 9.59218 0.289929
5.95039 6.71278 0.00192008
6.3866 6.9274 0.303754
11.2035 11.0357 0.299149
6.63728 6.66439 0.29874
8.38852 8.40661 0.313839
11.6207 11.9972 0.316863
7.61602 7.31827 0.33375
11.5563 11.0353 0.311842
9.50206 9.59218 0.289929
9.22828 9.25309 0.302213
8.61458 8.19892 0.305694
9.877 9.52748 0.313101
10.2639 10.8836 0.305908
12.0146 11.8944 0.322536
10.4769 10.6795 0.308016
10.9897 10.9122 0.308072
10.72 10.3954 0.314017
6.26297 5.93353 0.0169025
7.94892 8.07917 0.327881
11.8142 12.3041 0.329594
9.30085 9.4311 0.328802
11.8609 11.8175 0.299034
6.41392 6.84292 0.31191
6.19899 6.93194 0.323548
6.19899 6.93194 0.323548
6.19899 6.93194 0.323548
6.19899 6.93194 0.323548
6.19899 6.93194 0.323548
6.17317 6.44682 0.306846
6.17317 6.44682 0.306846
6.17317 6.44682 0.306846
6.17317 6.44682 0.306846
10.3173 10.1492 0.312993
10.3173 10.1492 0.312993
10.3173 10.1492 0.312993
10.9446 10.4187 0.310374
10.0264 9.50547 0.30064
10.0264 9.50547 0.30064
10.0388 10.3032 0.306521
10.0388 10.3032 0.306521
10.4202 10.0824 0.32239
10.4202 10.0824 0.32239
10.4202 10.0824 0.32239
10.4202 10.0824 0.32239
10.6706 10.3211 0.305516
10.6706 10.3211 0.305516
10.6706 10.3211 0.305516
10.6706 10.3211 0.305516
10.6706 10.3211 0.305516
10.6706 10.3211 0.305516
10.1659 10.3289 0.3251
10.6386 9.90951 0.316339
10.4776 10.3029 0.313523
10.6422 10.4744 0.296392
10.1818 9.99268 0.306179
10.2667 9.97689 0.315828
10.2667 9.97689 0.315828
10.6378 10.4423 0.321644
10.6378 10.4423 0.321644
10.6378 10.4423 0.321644
10.6044 10.2393 0.289843
10.9086 10.2706 0.308794
10.9086 10.2706 0.308794
10.9086 10.2706 0.308794
10.1331 10.7881 0.317519
10.1331 10.7881 0.317519
10.1723 10.225 0.304993
10.1723 10.225 0.304993
10.3282 9.9988 0.324937
9.72139 9.99503 0.316371
9.72139 9.99503 0.316371
9.66711 10.004 0.306815
9.66711 10.004 0.306815
10.6594 10.5787 0.305707
10.6594 10.5787 0.305707
10.6594 10.5787 0.305707
10.6594 10.5787 0.305707
10.6594 10.5787 0.305707
9.86619 10.3755 0.306172
9.86619 10.3755 0.306172
10.3834 10.2273 0.28342
10.2517 10.24 0.298886
10.2517 10.24 0.298886
10.2517 10.24 0.298886
10.1587 9.83413 0.31126
10.1587 9.83413 0.31126
10.1587 9.83413 0.31126
10.3769 9.87585 0.302602
10.228 9.9302 0.317302
10.228 9.9302 0.317302
10.228 9.9302 0.317302
10.4284 10.3509 0.305315
10.4284 10.3509 0.305315
10.0836 10.317 0.308869
10.0836 10.317 0.308869
10.0909 10.4673 0.30566
10.0909 10.4673 0.30566
10.0909 10.4673 0.30566
10.077 9.63689 0.297958
10.077 9.63689 0.297958
10.2537 9.838 0.294279
10.4354 10.2807 0.288292
10.4354 10.2807 0.288292
10.4354 10.2807 0.288292
10.4354 10.2807 0.288292
10.4354 10.2807 0.288292
10.6669 10.6236 0.302903
10.6669 10.6236 0.302903
10.6669 10.6236 0.302903
10.6669 10.6236 0.302903
10.1937 10.1607 0.297448
10.1937 10.1607 0.297448
10.1923 10.328 0.307158
10.1923 10.328 0.307158
11.8004 11.511 0.326413
11.8471 11.679 0.324195
11.6309 12.2296 0.316202
11.5563 11.0353 0.311842
11.5563 11.0353 0.311842
11.5563 11.0353 0.311842
11.2324 11.8521 0.314354
11.2324 11.8521 0.314354
11.5686 11.8331 0.317723
7.2621 7.69357 0.323572
7.2621 7.69357 0.323572
7.2621 7.69357 0.323572
6.98957 7.49815 0.32135
6.98957 7.49815 0.32135
6.98957 7.49815 0.32135
7.48762 7.53739 0.332282
8.22582 7.73144 0.326644
8.22582 7.73144 0.326644
8.22582 7.73144 0.326644
8.22582 7.73144 0.326644
8.22582 7.73144 0.326644
7.59703 8.18747 0.330421
7.59703 8.18747 0.330421
7.59703 8.18747 0.330421
7.59703 8.18747 0.330421
7.59703 8.18747 0.330421
7.59703 8.18747 0.330421
8.13609 8.26452 0.311711
7.56084 7.91898 0.326025
7.56084 7.91898 0.326025
7.56084 7.91898 0.326025
7.56084 7.91898 0.326025
7.81576 7.25374 0.299915
7.81576 7.25374 0.299915
8.32845 7.44096 0.312316
8.32845 7.44096 0.312316
8.32845 7.44096 0.312316
8.32845 7.44096 0.312316
8.32845 7.44096 0.312316
8.32845 7.44096 0.312316
6.8423 7.97237 0.314736
6.8423 7.97237 0.314736
7.54471 7.89454 0.312595
7.54471 7.89454 0.312595
7.54471 7.89454 0.312595
7.54471 7.89454 0.312595
7.54471 7.89454 0.312595
7.54471 7.89454 0.312595
7.54471 7.89454 0.312595
7.54471 7.89454 0.312595
7.4009 7.16158 0.314048
7.4009 7.16158 0.314048
7.79058 7.84901 0.328902
7.79058 7.84901 0.328902
7.76578 7.94565 0.325247
7.76578 7.94565 0.325247
8.03836 7.21662 0.312252
7.66227 7.57925 0.307268
7.52185 7.28864 0.327971
7.52185 7.28864 0.327971
7.80408 7.35334 0.325195
7.80408 7.35334 0.325195
7.80408 7.35334 0.325195
7.80408 7.35334 0.325195
7.80408 7.35334 0.325195
7.80408 7.35334 0.325195
7.80408 7.35334 0.325195
7.80408 7.35334 0.325195
8.20508 7.88145 0.3339
7.854 7.33523 0.31247
8.04201 8.35182 0.320004
7.85868 7.78481 0.334495
7.85868 7.78481 0.334495
7.85868 7.78481 0.334495
8.00793 7.82346 0.323944
8.00793 7.82346 0.323944
8.00793 7.82346 0.323944
7.79945 7.6687 0.319775
7.79945 7.6687 0.319775
7.79945 7.6687 0.319775
7.79945 7.6687 0.319775
7.72067 7.80293 0.305972
7.72067 7.80293 0.305972
7.72067 7.80293 0.305972
7.72067 7.80293 0.305972
7.72067 7.80293 0.305972
7.72067 7.80293 0.305972
7.72067 7.80293 0.305972
7.72067 7.80293 0.305972
7.5661 8.17627 0.325929
7.5661 8.17627 0.325929
7.5661 8.17627 0.325929
7.5661 8.17627 0.325929
7.79551 7.22399 0.304059
7.79551 7.22399 0.304059
7.79551 7.22399 0.304059
7.79551 7.22399 0.304059
7.79551 7.22399 0.304059
7.79551 7.22399 0.304059
7.79551 7.22399 0.304059
8.06513 7.98942 0.310223
8.21539 7.96913 0.338127
8.21539 7.96913 0.338127
8.21539 7.96913 0.338127
8.21539 7.96913 0.338127
7.45202 7.86406 0.319162
7.45202 7.86406 0.319162
7.45202 7.86406 0.319162
7.45202 7.86406 0.319162
7.45202 7.86406 0.319162
7.45202 7.86406 0.319162
7.45202 7.86406 0.319162
7.13619 7.6534 0.31284
7.13619 7.6534 0.31284
7.76263 7.39989 0.317443
7.76263 7.39989 0.317443
7.76263 7.39989 0.317443
7.76263 7.39989 0.317443
7.31839 8.03186 0.319684
7.31839 8.03186 0.319684
7.31839 8.03186 0.319684
7.31839 8.03186 0.319684
7.31839 8.03186 0.319684
7.31211 7.97944 0.307475
7.31211 7.97944 0.307475
7.31211 7.97944 0.307475
7.31211 7.97944 0.307475
7.31211 7.97944 0.307475
7.7882 7.69558 0.312629
7.7882 7.69558 0.312629
7.7882 7.69558 0.312629
7.7882 7.69558 0.312629
7.7882 7.69558 0.312629
7.93505 7.93125 0.317822
8.32526 8.20031 0.331518
8.32526 8.20031 0.331518
7.45584 7.24797 0.323509
7.45584 7.24797 0.323509
7.45584 7.24797 0.323509
7.45584 7.24797 0.323509
7.45584 7.24797 0.323509
7.45584 7.24797 0.323509
7.45584 7.24797 0.323509
7.45584 7.24797 0.323509
7.45584 7.24797 0.323509
7.45584 7.24797 0.323509
7.45584 7.24797 0.323509
7.45584 7.24797 0.323509
7.45584 7.24797 0.323509
7.45584 7.24797 0.323509
7.45584 7.24797 0.323509
7.45584 7.24797 0.323509
8.25916 8.4194 0.308107
8.25916 8.4194 0.308107
8.25916 8.4194 0.308107
7.76603 7.71212 0.330157
7.48568 8.21547 0.306816
7.58032 8.30336 0.315749
7.58032 8.30336 0.315749
7.58032 8.30336 0.315749
7.58032 8.30336 0.315749
7.58032 8.30336 0.315749
7.58032 8.30336 0.315749
7.56803 7.24105 0.32122
7.56803 7.24105 0.32122
7.56803 7.24105 0.32122
7.56803 7.24105 0.32122
7.98734 7.36098 0.31857
7.4922 7.60483 0.321283
7.4922 7.60483 0.321283
7.4922 7.60483 0.321283
7.4922 7.60483 0.321283
7.4922 7.60483 0.321283
7.4922 7.60483 0.321283
7.8404 7.38072 0.310482
7.8404 7.38072 0.310482
7.61313 7.58535 0.31589
7.61313 7.58535 0.31589
7.61313 7.58535 0.31589
7.61313 7.58535 0.31589
7.90559 7.48809 0.330682
7.90559 7.48809 0.330682
7.90559 7.48809 0.330682
7.90559 7.48809 0.330682
7.90559 7.48809 0.330682
7.09424 7.56958 0.314207
7.46136 7.81059 0.313409
7.46136 7.81059 0.313409
7.46136 7.81059 0.313409
7.46136 7.81059 0.313409
7.46136 7.81059 0.313409
7.46136 7.81059 0.313409
7.46136 7.81059 0.313409
7.46136 7.81059 0.313409
7.46136 7.81059 0.313409
7.46136 7.81059 0.313409
7.27432 8.66826 0.319106
7.27432 8.66826 0.319106
7.27432 8.66826 0.319106
7.48746 7.88111 0.316199
7.48746 7.88111 0.316199
7.48746 7.88111 0.316199
7.48746 7.88111 0.316199
7.48746 7.88111 0.316199
7.48746 7.88111 0.316199
7.82807 7.89105 0.320725
7.67304 7.89635 0.32883
7.67304 7.89635 0.32883
7.67304 7.89635 0.32883
7.93905 7.4988 0.326917
7.93905 7.4988 0.326917
7.93905 7.4988 0.326917
7.93905 7.4988 0.326917
7.54402 7.81984 0.310382
7.86733 7.76044 0.34015
7.86733 7.76044 0.34015
7.86733 7.76044 0.34015
7.86733 7.76044 0.34015
8.06015 7.82567 0.324282
8.06015 7.82567 0.324282
8.06015 7.82567 0.324282
8.06015 7.82567 0.324282
8.06015 7.82567 0.324282
7.59572 8.31902 0.293026
8.053 7.55611 0.324306
8.053 7.55611 0.324306
8.40924 8.00792 0.324429
8.40924 8.00792 0.324429
8.40924 8.00792 0.324429
8.40924 8.00792 0.324429
8.40924 8.00792 0.324429
7.28902 8.01117 0.313676
7.28902 8.01117 0.313676
7.28902 8.01117 0.313676
7.48745 7.9684 0.306874
7.48745 7.9684 0.306874
7.68003 7.35252 0.330376
8.23994 6.87806 0.321955
8.23994 6.87806 0.321955
8.23994 6.87806 0.321955
8.23994 6.87806 0.321955
8.23994 6.87806 0.321955
8.23994 6.87806 0.321955
8.23994 6.87806 0.321955
7.95658 7.77847 0.311087
7.95658 7.77847 0.311087
7.95658 7.77847 0.311087
8.08551 7.62707 0.310901
8.08551 7.62707 0.310901
8.08551 7.62707 0.310901
7.93367 8.28885 0.321447
7.93367 8.28885 0.321447
7.93367 8.28885 0.321447
7.93367 8.28885 0.321447
7.93367 8.28885 0.321447
7.93367 8.28885 0.321447
7.54893 7.36953 0.324204
7.54893 7.36953 0.324204
7.54893 7.36953 0.324204
7.18702 7.54771 0.325741
7.18702 7.54771 0.325741
7.18702 7.54771 0.325741
7.18702 7.54771 0.325741
7.18702 7.54771 0.325741
7.18702 7.54771 0.325741
7.18702 7.54771 0.325741
7.18702 7.54771 0.325741
7.18702 7.54771 0.325741
7.18702 7.54771 0.325741
7.18702 7.54771 0.325741
7.14171 8.32507 0.301662
7.14171 8.32507 0.301662
7.14171 8.32507 0.301662
7.14171 8.32507 0.301662
7.14171 8.32507 0.301662
7.4893 8.20789 0.31569
7.4893 8.20789 0.31569
7.4893 8.20789 0.31569
7.4893 8.20789 0.31569
7.4893 8.20789 0.31569
8.22573 7.36747 0.304988
7.69263 8.28479 0.332904
7.69263 8.28479 0.332904
7.89101 7.99462 0.32661
7.89101 7.99462 0.32661
7.89101 7.99462 0.32661
8.24837 7.65807 0.309195
8.24837 7.65807 0.309195
8.24837 7.65807 0.309195
8.24837 7.65807 0.309195
7.4425 7.57675 0.319144
7.4425 7.57675 0.319144
7.4425 7.57675 0.319144
7.5859 7.78635 0.30538
7.42364 8.29199 0.307948
7.42364 8.29199 0.307948
7.61648 7.5405 0.327823
7.61648 7.5405 0.327823
7.61648 7.5405 0.327823
7.61648 7.5405 0.327823
7.61648 7.5405 0.327823
7.39373 7.47309 0.31638
7.39373 7.47309 0.31638
7.39373 7.47309 0.31638
7.39373 7.47309 0.31638
7.39373 7.47309 0.31638
7.69653 7.55449 0.323487
7.69653 7.55449 0.323487
7.93623 8.04275 0.326856
7.81676 6.9663 0.313906
7.81676 6.9663 0.313906
7.81676 6.9663 0.313906
7.81676 6.9663 0.313906
7.81676 6.9663 0.313906
7.81676 6.9663 0.313906
7.81676 6.9663 0.313906
7.75983 7.21457 0.313818
7.75983 7.21457 0.313818
7.75983 7.21457 0.313818
7.72237 8.01696 0.309073
7.87475 8.20141 0.306359
7.87475 8.20141 0.306359
7.46334 7.93858 0.308789
7.46334 7.93858 0.308789
7.46334 7.93858 0.308789
7.46334 7.93858 0.308789
7.46334 7.93858 0.308789
7.46334 7.93858 0.308789
7.93526 7.69018 0.32558
7.93526 7.69018 0.32558
7.93526 7.69018 0.32558
7.93526 7.69018 0.32558
7.27365 7.60388 0.322077
7.27365 7.60388 0.322077
7.27365 7.60388 0.322077
7.89186 7.57408 0.349055
7.89186 7.57408 0.349055
7.89186 7.57408 0.349055
7.89186 7.57408 0.349055
7.89186 7.57408 0.349055
7.89186 7.57408 0.349055
7.19325 7.74168 0.314589
7.19325 7.74168 0.314589
7.19325 7.74168 0.314589
7.19325 7.74168 0.314589
7.19325 7.74168 0.314589
7.19325 7.74168 0.314589
7.19325 7.74168 0.314589
7.19325 7.74168 0.314589
7.19325 7.74168 0.314589
7.19325 7.74168 0.314589
7.24304 7.73505 0.313707
7.24304 7.73505 0.313707
7.24304 7.73505 0.313707
7.24304 7.73505 0.313707
7.24304 7.73505 0.313707
7.24304 7.73505 0.313707
7.24304 7.73505 0.313707
7.89034 7.78307 0.314998
7.70559 7.01643 0.313705
7.70559 7.01643 0.313705
7.70559 7.01643 0.313705
7.70559 7.01643 0.313705
7.68324 7.26922 0.309703
7.68324 7.26922 0.309703
7.68324 7.26922 0.309703
7.68324 7.26922 0.309703
7.68324 7.26922 0.309703
7.68324 7.26922 0.309703
7.70405 7.64908 0.319948
7.70405 7.64908 0.319948
7.70405 7.64908 0.319948
7.79026 8.11264 0.333599
7.79026 8.11264 0.333599
7.79026 8.11264 0.333599
7.79026 8.11264 0.333599
7.79026 8.11264 0.333599
7.79026 8.11264 0.333599
7.79026 8.11264 0.333599
7.79026 8.11264 0.333599
7.28644 7.4773 0.313886
7.28644 7.4773 0.313886
7.45129 8.06316 0.316918
7.45129 8.06316 0.316918
7.65138 7.32771 0.31591
7.65138 7.32771 0.31591
7.65138 7.32771 0.31591
7.65138 7.32771 0.31591
7.65138 7.32771 0.31591
7.65138 7.32771 0.31591
8.03881 7.70209 0.325095
8.03881 7.70209 0.325095
7.35987 7.55517 0.318412
7.64578 6.91772 0.324377
7.64578 6.91772 0.324377
7.64578 6.91772 0.324377
7.64578 6.91772 0.324377
7.64578 6.91772 0.324377
8.18962 7.48458 0.342895
8.18962 7.48458 0.342895
8.18962 7.48458 0.342895
8.18962 7.48458 0.342895
7.79861 6.97098 0.310255
7.79861 6.97098 0.310255
7.79861 6.97098 0.310255
7.51998 7.68892 0.309841
7.51998 7.68892 0.309841
7.51998 7.68892 0.309841
8.06429 7.69144 0.306124
7.14378 7.44884 0.312747
7.14378 7.44884 0.312747
7.14378 7.44884 0.312747
7.14378 7.44884 0.312747
7.14378 7.44884 0.312747
7.7633 7.29016 0.318979
7.78256 7.89971 0.308095
7.78256 7.89971 0.308095
7.78256 7.89971 0.308095
7.78256 7.89971 0.308095
7.78256 7.89971 0.308095
7.78256 7.89971 0.308095
7.78256 7.89971 0.308095
7.78256 7.89971 0.308095
7.78256 7.89971 0.308095
7.78256 7.89971 0.308095
7.78256 7.89971 0.308095
7.78256 7.89971 0.308095
7.78256 7.89971 0.308095
7.78256 7.89971 0.308095
7.78256 7.89971 0.308095
7.78256 7.89971 0.308095
7.78256 7.89971 0.308095
7.78256 7.89971 0.308095
7.78256 7.89971 0.308095
7.42616 7.61733 0.32101
7.42616 7.61733 0.32101
7.42616 7.61733 0.32101
7.42616 7.61733 0.32101
7.42616 7.61733 0.32101
7.80163 7.81094 0.313111
7.80163 7.81094 0.313111
7.80163 7.81094 0.313111
7.80163 7.81094 0.313111
7.80163 7.81094 0.313111
7.80163 7.81094 0.313111
7.29245 7.90948 0.305513
7.29245 7.90948 0.305513
7.29245 7.90948 0.305513
7.29245 7.90948 0.305513
7.29245 7.90948 0.305513
7.9519 7.51945 0.310225
7.9519 7.51945 0.310225
7.9519 7.51945 0.310225
7.9519 7.51945 0.310225
7.9519 7.51945 0.310225
8.0303 7.63975 0.329638
8.0303 7.63975 0.329638
8.0303 7.63975 0.329638
8.0303 7.63975 0.329638
7.55217 7.53454 0.322451
7.55217 7.53454 0.322451
7.55217 7.53454 0.322451
7.55217 7.53454 0.322451
7.55217 7.53454 0.322451
7.38358 7.77487 0.328249
7.57595 8.15442 0.314001
7.57595 8.15442 0.314001
7.57595 8.15442 0.314001
7.57595 8.15442 0.314001
7.57595 8.15442 0.314001
7.91556 8.40015 0.322459
7.91556 8.40015 0.322459
7.91556 8.40015 0.322459
7.91556 8.40015 0.322459
7.91556 8.40015 0.322459
7.91556 8.40015 0.322459
7.4739 7.58604 0.319955
8.13528 7.12606 0.320151
8.13528 7.12606 0.320151
8.13528 7.12606 0.320151
8.22134 7.18571 0.327775
8.19831 7.71322 0.31322
8.19831 7.71322 0.31322
8.19831 7.71322 0.31322
8.19831 7.71322 0.31322
8.19831 7.71322 0.31322
8.19831 7.71322 0.31322
8.19831 7.71322 0.31322
7.60125 7.55197 0.321639
7.60125 7.55197 0.321639
7.60125 7.55197 0.321639
7.60125 7.55197 0.321639
7.34416 7.44845 0.319882
7.34416 7.44845 0.319882
7.84387 7.94957 0.307176
7.89309 7.8151 0.321387
7.69238 7.36313 0.310394
7.69238 7.36313 0.310394
7.79601 7.3989 0.317012
7.06068 7.60082 0.329587
7.06068 7.60082 0.329587
7.77651 7.86866 0.31923
7.77651 7.86866 0.31923
7.77651 7.86866 0.31923
7.77651 7.86866 0.31923
7.77651 7.86866 0.31923
7.77651 7.86866 0.31923
7.77651 7.86866 0.31923
7.77651 7.86866 0.31923
7.77651 7.86866 0.31923
7.55811 7.06111 0.328699
7.55811 7.06111 0.328699
7.55811 7.06111 0.328699
7.89621 8.23873 0.31783
7.89621 8.23873 0.31783
7.71753 8.04831 0.33421
7.71753 8.04831 0.33421
7.71753 8.04831 0.33421
7.71753 8.04831 0.33421
7.86009 8.2062 0.298837
7.86009 8.2062 0.298837
7.86009 8.2062 0.298837
7.86009 8.2062 0.298837
7.20777 7.719 0.319619
7.20777 7.719 0.319619
7.20777 7.719 0.319619
7.20777 7.719 0.319619
7.20777 7.719 0.319619
7.20777 7.719 0.319619
7.20777 7.719 0.319619
7.20777 7.719 0.319619
8.38146 7.85902 0.29874
8.38146 7.85902 0.29874
7.86521 7.7311 0.332302
8.34786 7.91582 0.324246
8.34786 7.91582 0.324246
7.45067 7.37178 0.307825
8.1126 8.35671 0.332509
8.1126 8.35671 0.332509
8.1126 8.35671 0.332509
7.9837 8.1793 0.331577
7.9837 8.1793 0.331577
7.9837 8.1793 0.331577
7.9837 8.1793 0.331577
7.9837 8.1793 0.331577
7.9837 8.1793 0.331577
7.9837 8.1793 0.331577
7.9837 8.1793 0.331577
7.9837 8.1793 0.331577
7.9837 8.1793 0.331577
7.9837 8.1793 0.331577
7.88293 8.13876 0.304766
8.28752 7.61097 0.306328
8.28752 7.61097 0.306328
8.28752 7.61097 0.306328
8.28752 7.61097 0.306328
8.28752 7.61097 0.306328
7.85225 7.48418 0.331318
7.85225 7.48418 0.331318
7.57239 7.45867 0.325414
7.57239 7.45867 0.325414
7.57239 7.45867 0.325414
7.57239 7.45867 0.325414
7.57239 7.45867 0.325414
7.57239 7.45867 0.325414
7.57239 7.45867 0.325414
7.57239 7.45867 0.325414
7.57239 7.45867 0.325414
7.57239 7.45867 0.325414
7.66195 7.82731 0.316096
7.66195 7.82731 0.316096
7.37853 7.73184 0.316194
7.37853 7.73184 0.316194
7.37853 7.73184 0.316194
7.527 7.57503 0.309059
8.08207 7.84224 0.30559
8.08207 7.84224 0.30559
8.08207 7.84224 0.30559
7.4914 7.88622 0.327484
7.4914 7.88622 0.327484
7.4914 7.88622 0.327484
7.4914 7.88622 0.327484
7.4914 7.88622 0.327484
7.4914 7.88622 0.327484
7.4914 7.88622 0.327484
7.4914 7.88622 0.327484
7.4914 7.88622 0.327484
7.4914 7.88622 0.327484
7.4914 7.88622 0.327484
7.4914 7.88622 0.327484
7.4914 7.88622 0.327484
7.53232 7.93803 0.326244
7.53232 7.93803 0.326244
7.37305 7.35773 0.325027
7.37305 7.35773 0.325027
7.37305 7.35773 0.325027
7.37305 7.35773 0.325027
7.37305 7.35773 0.325027
8.11263 7.64408 0.316014
7.35323 7.74101 0.319566
7.35323 7.74101 0.319566
7.35323 7.74101 0.319566
7.35323 7.74101 0.319566
7.35323 7.74101 0.319566
7.35323 7.74101 0.319566
7.35323 7.74101 0.319566
7.47377 7.62627 0.295543
7.47377 7.62627 0.295543
7.47377 7.62627 0.295543
7.47377 7.62627 0.295543
7.47377 7.62627 0.295543
7.47377 7.62627 0.295543
7.47377 7.62627 0.295543
7.47377 7.62627 0.295543
7.47377 7.62627 0.295543
8.11222 7.6236 0.299255
8.11222 7.6236 0.299255
8.11222 7.6236 0.299255
8.11222 7.6236 0.299255
8.11222 7.6236 0.299255
7.93739 7.74872 0.319039
7.93739 7.74872 0.319039
7.93739 7.74872 0.319039
7.93739 7.74872 0.319039
7.93739 7.74872 0.319039
7.93739 7.74872 0.319039
7.93739 7.74872 0.319039
7.96567 7.64442 0.311573
7.96567 7.64442 0.311573
7.96567 7.64442 0.311573
7.96567 7.64442 0.311573
7.96567 7.64442 0.311573
7.96567 7.64442 0.311573
7.96567 7.64442 0.311573
7.96567 7.64442 0.311573
7.96567 7.64442 0.311573
7.96567 7.64442 0.311573
7.56274 8.40153 0.336533
7.56274 8.40153 0.336533
7.56274 8.40153 0.336533
7.56274 8.40153 0.336533
7.49657 7.77641 0.312081
7.49657 7.77641 0.312081
7.58422 7.78298 0.304974
7.58422 7.78298 0.304974
7.58422 7.78298 0.304974
8.22134 7.97115 0.329311
8.22134 7.97115 0.329311
8.22134 7.97115 0.329311
8.22134 7.97115 0.329311
8.22134 7.97115 0.329311
8.22134 7.97115 0.329311
8.22134 7.97115 0.329311
8.22134 7.97115 0.329311
8.22134 7.97115 0.329311
8.22134 7.97115 0.329311
8.22134 7.97115 0.329311
7.60407 8.05446 0.31136
7.60407 8.05446 0.31136
7.60407 8.05446 0.31136
7.60407 8.05446 0.31136
7.68816 8.27911 0.311107
7.36006 7.87308 0.326123
7.36006 7.87308 0.326123
7.53344 7.5338 0.318299
7.53344 7.5338 0.318299
7.53344 7.5338 0.318299
7.53344 7.5338 0.318299
7.53344 7.5338 0.318299
7.53344 7.5338 0.318299
7.31479 7.95399 0.307654
7.3173 7.83873 0.320946
7.3173 7.83873 0.320946
7.3173 7.83873 0.320946
7.3173 7.83873 0.320946
8.05025 7.04664 0.320594
8.05025 7.04664 0.320594
6.99919 7.2577 0.320467
6.99919 7.2577 0.320467
8.24026 7.40969 0.330573
8.24026 7.40969 0.330573
8.24026 7.40969 0.330573
8.24026 7.40969 0.330573
7.32233 7.75159 0.311476
7.70628 7.67405 0.309949
7.70628 7.67405 0.309949
7.62852 7.90734 0.313958
7.62852 7.90734 0.313958
7.62852 7.90734 0.313958
7.62852 7.90734 0.313958
7.62852 7.90734 0.313958
7.94412 7.38899 0.320753
7.94412 7.38899 0.320753
7.94412 7.38899 0.320753
7.43795 7.73532 0.310518
8.71944 7.90762 0.321533
8.71944 7.90762 0.321533
7.29836 7.86913 0.318463
7.29836 7.86913 0.318463
7.29836 7.86913 0.318463
7.29836 7.86913 0.318463
7.88094 7.75557 0.31998
7.29195 7.48143 0.31386
7.29195 7.48143 0.31386
7.29195 7.48143 0.31386
7.29195 7.48143 0.31386
7.29195 7.48143 0.31386
8.02364 7.12178 0.321059
8.02364 7.12178 0.321059
8.02364 7.12178 0.321059
8.02364 7.12178 0.321059
8.02364 7.12178 0.321059
8.02364 7.12178 0.321059
8.02364 7.12178 0.321059
8.02364 7.12178 0.321059
7.40441 8.08213 0.33153
7.14597 7.30692 0.318167
7.14597 7.30692 0.318167
7.14597 7.30692 0.318167
7.14597 7.30692 0.318167
7.14597 7.30692 0.318167
7.14597 7.30692 0.318167
7.14597 7.30692 0.318167
7.14597 7.30692 0.318167
7.14597 7.30692 0.318167
7.14597 7.30692 0.318167
7.14597 7.30692 0.318167
7.46042 7.72773 0.322832
7.4614 7.8159 0.328491
7.4614 7.8159 0.328491
7.4614 7.8159 0.328491
8.23306 7.77089 0.343986
8.23306 7.77089 0.343986
8.23306 7.77089 0.343986
8.23306 7.77089 0.343986
8.23306 7.77089 0.343986
7.23625 7.60477 0.310179
7.23625 7.60477 0.310179
7.23625 7.60477 0.310179
7.23625 7.60477 0.310179
7.23625 7.60477 0.310179
7.23625 7.60477 0.310179
7.23625 7.60477 0.310179
7.41677 7.6258 0.3105
7.41677 7.6258 0.3105
7.41677 7.6258 0.3105
7.41677 7.6258 0.3105
7.41677 7.6258 0.3105
7.87182 7.79977 0.326304
7.87182 7.79977 0.326304
7.87182 7.79977 0.326304
7.87182 7.79977 0.326304
7.50313 7.78743 0.333878
7.50313 7.78743 0.333878
7.50313 7.78743 0.333878
7.69538 7.73717 0.302756
7.86961 7.7021 0.305968
7.86961 7.7021 0.305968
7.86961 7.7021 0.305968
7.86961 7.7021 0.305968
7.17567 7.93152 0.316451
7.17567 7.93152 0.316451
7.17567 7.93152 0.316451
7.17567 7.93152 0.316451
7.17567 7.93152 0.316451
7.50704 7.68951 0.32678
7.50704 7.68951 0.32678
7.28282 7.88557 0.306838
7.88549 7.46928 0.333322
7.88549 7.46928 0.333322
7.71788 7.20435 0.302045
7.43329 8.00037 0.319293
7.43329 8.00037 0.319293
7.43329 8.00037 0.319293
7.43329 8.00037 0.319293
7.43329 8.00037 0.319293
7.65756 7.95456 0.31754
7.65756 7.95456 0.31754
7.65756 7.95456 0.31754
7.65756 7.95456 0.31754
7.65756 7.95456 0.31754
7.65756 7.95456 0.31754
7.65756 7.95456 0.31754
7.65756 7.95456 0.31754
7.65756 7.95456 0.31754
7.65756 7.95456 0.31754
7.65756 7.95456 0.31754
7.65756 7.95456 0.31754
7.65756 7.95456 0.31754
7.65756 7.95456 0.31754
7.65756 7.95456 0.31754
7.65756 7.95456 0.31754
7.90332 7.39055 0.315533
7.57287 7.9434 0.314371
7.57287 7.9434 0.314371
7.57287 7.9434 0.314371
7.57287 7.9434 0.314371
7.57355 7.62922 0.315693
7.57355 7.62922 0.315693
8.03306 7.30414 0.301948
7.81117 7.80368 0.322787
7.81117 7.80368 0.322787
7.81117 7.80368 0.322787
7.81117 7.80368 0.322787
7.81117 7.80368 0.322787
7.81117 7.80368 0.322787
7.55282 7.65038 0.304252
7.55282 7.65038 0.304252
7.9178 7.8516 0.318814
7.9178 7.8516 0.318814
7.9178 7.8516 0.318814
7.9178 7.8516 0.318814
7.9178 7.8516 0.318814
7.9178 7.8516 0.318814
7.9178 7.8516 0.318814
7.9178 7.8516 0.318814
7.82606 7.8359 0.282564
7.82606 7.8359 0.282564
7.82606 7.8359 0.282564
7.69718 7.31907 0.325313
7.69718 7.31907 0.325313
7.69718 7.31907 0.325313
7.69718 7.31907 0.325313
7.69718 7.31907 0.325313
7.69718 7.31907 0.325313
7.69718 7.31907 0.325313
7.69718 7.31907 0.325313
7.69718 7.31907 0.325313
7.69718 7.31907 0.325313
7.69718 7.31907 0.325313
7.69718 7.31907 0.325313
7.55776 8.11905 0.341116
7.55776 8.11905 0.341116
7.55776 8.11905 0.341116
7.55776 8.11905 0.341116
7.01038 7.62565 0.328714
7.01038 7.62565 0.328714
7.01038 7.62565 0.328714
7.01038 7.62565 0.328714
7.01038 7.62565 0.328714
7.01038 7.62565 0.328714
7.01038 7.62565 0.328714
7.01038 7.62565 0.328714
7.01038 7.62565 0.328714
7.01038 7.62565 0.328714
7.82734 7.41672 0.318734
7.96171 7.60747 0.328137
7.96171 7.60747 0.328137
7.96171 7.60747 0.328137
7.52018 7.43917 0.331452
7.38428 7.4202 0.315275
7.38428 7.4202 0.315275
7.79162 7.57687 0.323172
7.37601 7.42071 0.30765
7.37601 7.42071 0.30765
7.37601 7.42071 0.30765
7.37601 7.42071 0.30765
7.37601 7.42071 0.30765
7.37601 7.42071 0.30765
7.37601 7.42071 0.30765
7.37601 7.42071 0.30765
7.37601 7.42071 0.30765
7.89024 7.54457 0.330363
7.89024 7.54457 0.330363
7.82899 7.55887 0.310983
7.476 7.89427 0.311304
7.476 7.89427 0.311304
7.476 7.89427 0.311304
7.476 7.89427 0.311304
7.476 7.89427 0.311304
7.476 7.89427 0.311304
7.476 7.89427 0.311304
7.476 7.89427 0.311304
7.87571 7.0914 0.333629
7.87571 7.0914 0.333629
7.87571 7.0914 0.333629
7.87571 7.0914 0.333629
7.87571 7.0914 0.333629
7.87571 7.0914 0.333629
7.87571 7.0914 0.333629
7.77476 7.43145 0.321422
7.77476 7.43145 0.321422
7.77476 7.43145 0.321422
7.77476 7.43145 0.321422
7.77799 7.12934 0.321387
7.77799 7.12934 0.321387
7.77799 7.12934 0.321387
6.53242 6.96412 0.297608
6.53242 6.96412 0.297608
6.53242 6.96412 0.297608
6.50311 6.47913 0.295887
6.50311 6.47913 0.295887
7.06178 6.62517 0.302119
6.66762 6.77182 0.294221
6.66762 6.77182 0.294221
6.66762 6.77182 0.294221
6.66762 6.77182 0.294221
6.66762 6.77182 0.294221
6.66762 6.77182 0.294221
6.60703 6.75257 0.299973
6.60703 6.75257 0.299973
7.03462 6.41327 0.309056
7.03462 6.41327 0.309056
6.81721 7.4308 0.286161
6.81721 7.4308 0.286161
6.81721 7.4308 0.286161
6.81721 7.4308 0.286161
6.81721 7.4308 0.286161
6.81721 7.4308 0.286161
6.81721 7.4308 0.286161
6.93216 7.00193 0.298712
6.93216 7.00193 0.298712
6.93216 7.00193 0.298712
6.93216 7.00193 0.298712
6.93216 7.00193 0.298712
6.93216 7.00193 0.298712
6.93216 7.00193 0.298712
6.93216 7.00193 0.298712
6.61795 6.59937 0.293653
6.61795 6.59937 0.293653
6.95446 6.255 0.313412
6.78728 6.95984 0.29794
6.78728 6.95984 0.29794
6.78728 6.95984 0.29794
6.32974 6.97325 0.305022
6.32974 6.97325 0.305022
6.32974 6.97325 0.305022
6.63332 6.5266 0.300818
6.63332 6.5266 0.300818
6.63332 6.5266 0.300818
6.63332 6.5266 0.300818
6.63332 6.5266 0.300818
6.63332 6.5266 0.300818
6.63332 6.5266 0.300818
6.63332 6.5266 0.300818
6.84105 6.41879 0.302038
6.84105 6.41879 0.302038
6.70699 6.82731 0.301244
6.70699 6.82731 0.301244
6.70699 6.82731 0.301244
6.93263 6.2149 0.298844
6.93263 6.2149 0.298844
6.93263 6.2149 0.298844
6.93263 6.2149 0.298844
6.93263 6.2149 0.298844
6.93263 6.2149 0.298844
6.93263 6.2149 0.298844
6.83227 7.18397 0.308942
6.83227 7.18397 0.308942
6.83227 7.18397 0.308942
6.83227 7.18397 0.308942
7.35823 6.77644 0.307014
7.35823 6.77644 0.307014
6.31898 6.95303 0.302864
6.31898 6.95303 0.302864
6.91844 7.16013 0.295534
6.91844 7.16013 0.295534
6.56398 6.90709 0.307271
6.56398 6.90709 0.307271
6.56398 6.90709 0.307271
6.56398 6.90709 0.307271
6.4554 6.01948 0.298766
6.4554 6.01948 0.298766
6.4554 6.01948 0.298766
6.4554 6.01948 0.298766
6.4554 6.01948 0.298766
6.32531 6.99748 0.316417
6.32531 6.99748 0.316417
6.32531 6.99748 0.316417
5.90886 7.00496 0.305543
5.90886 7.00496 0.305543
5.90886 7.00496 0.305543
5.90886 7.00496 0.305543
5.90886 7.00496 0.305543
5.90886 7.00496 0.305543
6.738 6.56346 0.282544
6.738 6.56346 0.282544
6.738 6.56346 0.282544
6.738 6.56346 0.282544
6.738 6.56346 0.282544
6.738 6.56346 0.282544
6.85346 6.93738 0.305889
6.85346 6.93738 0.305889
6.85346 6.93738 0.305889
6.85346 6.93738 0.305889
6.85346 6.93738 0.305889
6.85346 6.93738 0.305889
6.25159 6.29939 0.303098
6.7463 6.88481 0.307905
6.7463 6.88481 0.307905
6.7463 6.88481 0.307905
6.7463 6.88481 0.307905
6.7463 6.88481 0.307905
6.7463 6.88481 0.307905
6.62533 6.64393 0.313971
6.62533 6.64393 0.313971
6.62533 6.64393 0.313971
6.62533 6.64393 0.313971
6.62533 6.64393 0.313971
6.62533 6.64393 0.313971
6.89556 7.32135 0.293644
6.76268 6.75841 0.294914
6.76268 6.75841 0.294914
6.76268 6.75841 0.294914
6.76268 6.75841 0.294914
7.10934 6.74764 0.295467
6.58137 6.89087 0.289935
6.58137 6.89087 0.289935
6.41132 6.45603 0.300189
10.5031 10.4557 0.289802
10.3682 10.9438 0.29408
11.4496 10.6847 0.301379
10.2873 10.5989 0.297844
10.7401 10.4433 0.306411
10.8872 10.4729 0.312166
10.8872 10.4729 0.312166
10.0819 10.8707 0.295635
10.0819 10.8707 0.295635
10.0819 10.8707 0.295635
10.0819 10.8707 0.295635
10.0819 10.8707 0.295635
10.0819 10.8707 0.295635
10.0819 10.8707 0.295635
10.0403 10.8725 0.300145
10.519 10.0223 0.288757
10.3048 10.4551 0.299332
10.3048 10.4551 0.299332
10.3048 10.4551 0.299332
10.5933 10.6112 0.282296
10.4579 10.3374 0.29443
10.4579 10.3374 0.29443
10.4579 10.3374 0.29443
10.8977 11.135 0.302386
11.059 10.799 0.335258
11.059 10.799 0.335258
10.911 11.1577 0.311525
11.2098 11.0224 0.296621
11.2098 11.0224 0.296621
11.05 10.7268 0.307988
11.3459 10.992 0.318404
11.3459 10.992 0.318404
10.6638 10.9243 0.295003
10.4001 11.0757 0.304435
10.4001 11.0757 0.304435
10.4001 11.0757 0.304435
10.4001 11.0757 0.304435
10.4001 11.0757 0.304435
10.7608 10.7442 0.319598
10.6216 11.202 0.301425
10.7382 11.251 0.308812
10.7382 11.251 0.308812
10.4856 11.1171 0.316374
10.4856 11.1171 0.316374
10.4856 11.1171 0.316374
10.8006 10.4835 0.309907
10.8006 10.4835 0.309907
10.8006 10.4835 0.309907
10.6194 10.5413 0.317276
10.7659 10.6167 0.300052
10.7659 10.6167 0.300052
10.7659 10.6167 0.300052
10.7659 10.6167 0.300052
11.2583 10.5558 0.322302
10.7754 10.6135 0.296413
10.7754 10.6135 0.296413
10.7754 10.6135 0.296413
10.7754 10.6135 0.296413
10.7754 10.6135 0.296413
10.7754 10.6135 0.296413
10.8316 10.7322 0.314495
10.8767 10.5024 0.317458
10.7986 10.6419 0.305895
10.7986 10.6419 0.305895
10.7986 10.6419 0.305895
10.7986 10.6419 0.305895
10.7986 10.6419 0.305895
10.7986 10.6419 0.305895
10.7986 10.6419 0.305895
10.7986 10.6419 0.305895
10.7644 10.038 0.301089
10.6383 10.965 0.302395
10.6243 10.8478 0.306775
10.8691 10.5273 0.320822
10.8691 10.5273 0.320822
10.8691 10.5273 0.320822
10.8691 10.5273 0.320822
10.9166 11.4362 0.315846
10.7863 10.894 0.315289
10.161 11.2527 0.324261
10.7913 11.031 0.307004
10.7664 11.2218 0.313557
11.3658 10.8566 0.308832
11.3658 10.8566 0.308832
11.3658 10.8566 0.308832
11.0164 11.0563 0.314998
11.0164 11.0563 0.314998
11.0164 11.0563 0.314998
10.8115 11.0099 0.307203
10.8377 10.8937 0.299936
11.1373 10.8124 0.323228
11.1373 10.8124 0.323228
10.2819 10.9296 0.311993
10.2819 10.9296 0.311993
11.1714 11.0803 0.314039
10.6796 10.838 0.313771
10.6796 10.838 0.313771
10.6227 10.8155 0.30271
10.7526 10.7662 0.322614
10.7526 10.7662 0.322614
10.5434 10.1236 0.301562
10.7327 11.1797 0.323131
10.7327 11.1797 0.323131
10.2265 10.6943 0.292657
10.2265 10.6943 0.292657
10.5051 10.384 0.334394
10.5051 10.384 0.334394
10.5051 10.384 0.334394
11.3271 11.2471 0.309267
11.3271 11.2471 0.309267
11.3271 11.2471 0.309267
10.9073 10.8872 0.304251
10.9189 10.824 0.302736
10.9189 10.824 0.302736
10.8672 10.6436 0.310527
10.8672 10.6436 0.310527
10.8672 10.6436 0.310527
10.8672 10.6436 0.310527
10.8672 10.6436 0.310527
10.8672 10.6436 0.310527
10.9022 10.6808 0.295458
10.4216 10.5619 0.288616
10.4216 10.5619 0.288616
10.8886 10.4073 0.327874
10.5484 10.7368 0.300956
10.9045 10.6289 0.314167
10.9045 10.6289 0.314167
10.9045 10.6289 0.314167
11.2899 11.1136 0.308421
11.2899 11.1136 0.308421
11.2899 11.1136 0.308421
11.2899 11.1136 0.308421
11.0732 10.1642 0.332921
11.6062 10.3461 0.314671
11.2649 11.0007 0.313322
11.2649 11.0007 0.313322
11.2649 11.0007 0.313322
11.2649 11.0007 0.313322
11.2649 11.0007 0.313322
10.3946 10.8969 0.306469
10.3946 10.8969 0.306469
11.0336 10.7287 0.303581
11.0336 10.7287 0.303581
11.0336 10.7287 0.303581
11.0336 10.7287 0.303581
11.0336 10.7287 0.303581
11.0336 10.7287 0.303581
11.0336 10.7287 0.303581
11.0786 10.7477 0.31642
10.7598 11.3531 0.314949
10.7598 11.3531 0.314949
10.7598 11.3531 0.314949
10.7598 11.3531 0.314949
10.7598 11.3531 0.314949
10.7598 11.3531 0.314949
10.878 10.3192 0.307817
10.5297 10.8203 0.304788
10.8137 10.6851 0.293057
10.7199 10.7548 0.307589
10.7199 10.7548 0.307589
10.7199 10.7548 0.307589
10.9495 10.3558 0.30452
10.8298 10.6592 0.30721
10.8298 10.6592 0.30721
10.8814 10.8643 0.313395
10.8814 10.8643 0.313395
10.8814 10.8643 0.313395
10.3732 10.8714 0.312287
10.4621 10.9715 0.329019
10.7992 10.2607 0.311497
10.7992 10.2607 0.311497
10.7992 10.2607 0.311497
11.0317 10.6812 0.320293
11.0317 10.6812 0.320293
10.3299 10.4488 0.311424
10.3299 10.4488 0.311424
10.3299 10.4488 0.311424
10.3299 10.4488 0.311424
10.3299 10.4488 0.311424
11.1324 10.5699 0.293148
11.1324 10.5699 0.293148
10.7341 10.7458 0.319313
11.0326 11.0781 0.302775
11.0326 11.0781 0.302775
10.9722 10.3682 0.302653
10.9522 11.1416 0.316755
10.9522 11.1416 0.316755
10.9522 11.1416 0.316755
10.8072 10.4408 0.312294
11.2029 11.0947 0.309991
11.2029 11.0947 0.309991
11.2029 11.0947 0.309991
11.0895 10.8056 0.320781
10.453 10.4063 0.321807
10.453 10.4063 0.321807
10.4693 11.0046 0.315368
10.4693 11.0046 0.315368
10.4693 11.0046 0.315368
11.0348 10.8007 0.325369
11.0348 10.8007 0.325369
11.0415 10.7516 0.295913
11.0415 10.7516 0.295913
11.0415 10.7516 0.295913
10.6214 11.1034 0.304014
10.6214 11.1034 0.304014
10.9439 10.6461 0.309077
10.9439 10.6461 0.309077
10.9439 10.6461 0.309077
10.9439 10.6461 0.309077
11.0916 10.7642 0.329355
10.1842 10.9211 0.287204
10.1842 10.9211 0.287204
10.702 10.8127 0.313757
10.702 10.8127 0.313757
11.3023 11.1195 0.313243
10.908 10.8097 0.299851
10.908 10.8097 0.299851
10.908 10.8097 0.299851
10.908 10.8097 0.299851
10.908 10.8097 0.299851
11.1834 10.8444 0.303958
11.1834 10.8444 0.303958
11.277 11.1391 0.307232
10.5198 10.9617 0.307855
10.5198 10.9617 0.307855
10.5198 10.9617 0.307855
10.5198 10.9617 0.307855
10.5198 10.9617 0.307855
10.5198 10.9617 0.307855
10.5198 10.9617 0.307855
11.0455 10.7541 0.316166
11.0455 10.7541 0.316166
11.0455 10.7541 0.316166
10.7672 10.6084 0.306629
11.0642 10.5308 0.308339
11.0642 10.5308 0.308339
10.3008 11.3413 0.305001
10.3008 11.3413 0.305001
10.8366 10.8249 0.333288
10.8366 10.8249 0.333288
10.6805 10.5444 0.309411
11.0303 11.0617 0.309499
11.1282 10.7412 0.317509
11.1282 10.7412 0.317509
10.8731 11.1051 0.302141
10.8731 11.1051 0.302141
10.3701 11.1989 0.297393
10.3701 11.1989 0.297393
11.0589 10.8833 0.310966
11.0589 10.8833 0.310966
11.0589 10.8833 0.310966
11.4524 11.0693 0.306303
11.4524 11.0693 0.306303
11.4524 11.0693 0.306303
11.4524 11.0693 0.306303
11.0775 10.6886 0.315869
11.0775 10.6886 0.315869
11.0775 10.6886 0.315869
10.5817 10.809 0.31357
10.5817 10.809 0.31357
10.5817 10.809 0.31357
11.1211 10.1504 0.300151
11.1211 10.1504 0.300151
11.1211 10.1504 0.300151
11.2246 10.1257 0.317818
11.2246 10.1257 0.317818
11.2246 10.1257 0.317818
11.0804 11.4167 0.323455
11.0804 11.4167 0.323455
11.1178 11.281 0.325252
11.1178 11.281 0.325252
11.2127 10.9272 0.314946
11.2127 10.9272 0.314946
11.0698 10.4673 0.304158
10.8385 10.6468 0.315272
10.8385 10.6468 0.315272
10.8385 10.6468 0.315272
10.8385 10.6468 0.315272
10.5046 11.0581 0.302904
10.5046 11.0581 0.302904
10.5046 11.0581 0.302904
10.708 11.0848 0.307661
10.708 11.0848 0.307661
10.708 11.0848 0.307661
10.708 11.0848 0.307661
10.708 11.0848 0.307661
10.708 11.0848 0.307661
10.708 11.0848 0.307661
10.7406 11.4601 0.329054
10.7406 11.4601 0.329054
10.7406 11.4601 0.329054
10.9908 10.5142 0.319326
10.9908 10.5142 0.319326
10.9908 10.5142 0.319326
10.9908 10.5142 0.319326
10.9908 10.5142 0.319326
10.9908 10.5142 0.319326
10.9908 10.5142 0.319326
10.9908 10.5142 0.319326
10.9908 10.5142 0.319326
10.9489 10.6726 0.304845
10.2409 10.7383 0.304376
11.0867 10.4265 0.341985
11.0867 10.4265 0.341985
10.8299 10.6184 0.313204
10.8299 10.6184 0.313204
11.3367 10.7538 0.30911
11.3367 10.7538 0.30911
10.6891 10.3169 0.318707
10.7933 10.4596 0.301164
10.7933 10.4596 0.301164
10.6421 10.2809 0.317985
10.6421 10.2809 0.317985
10.6421 10.2809 0.317985
10.78 10.8255 0.329539
10.78 10.8255 0.329539
11.0552 11.0131 0.296102
11.0552 11.0131 0.296102
11.0552 11.0131 0.296102
10.9746 10.834 0.298344
10.669 10.8299 0.307348
10.669 10.8299 0.307348
11.6133 11.1508 0.300691
11.6133 11.1508 0.300691
11.3043 10.3821 0.326702
10.6956 11.037 0.307716
10.6956 11.037 0.307716
10.6956 11.037 0.307716
10.6956 11.037 0.307716
11.3678 10.7912 0.31922
10.5555 11.0445 0.32575
10.5555 11.0445 0.32575
10.5555 11.0445 0.32575
10.5555 11.0445 0.32575
10.5555 11.0445 0.32575
10.5555 11.0445 0.32575
10.5555 11.0445 0.32575
10.2401 10.9551 0.309128
10.2401 10.9551 0.309128
10.2401 10.9551 0.309128
10.876 10.5862 0.307182
10.876 10.5862 0.307182
10.876 10.5862 0.307182
10.876 10.5862 0.307182
10.5658 10.9365 0.314794
10.5658 10.9365 0.314794
10.5658 10.9365 0.314794
10.5658 10.9365 0.314794
10.5658 10.9365 0.314794
10.5658 10.9365 0.314794
10.5658 10.9365 0.314794
10.5658 10.9365 0.314794
10.5658 10.9365 0.314794
10.7885 10.8125 0.304252
10.7885 10.8125 0.304252
10.7885 10.8125 0.304252
10.7885 10.8125 0.304252
10.7885 10.8125 0.304252
10.9762 10.9861 0.313727
10.9762 10.9861 0.313727
10.9762 10.9861 0.313727
11.4454 11.1431 0.320955
11.4454 11.1431 0.320955
11.4454 11.1431 0.320955
11.2924 10.5549 0.330065
11.2924 10.5549 0.330065
10.4845 10.4944 0.302808
10.4845 10.4944 0.302808
11.1048 10.7839 0.319168
11.1048 10.7839 0.319168
10.4876 11.1435 0.314915
10.4876 11.1435 0.314915
10.4876 11.1435 0.314915
10.4876 11.1435 0.314915
10.3917 11.2676 0.314162
10.3917 11.2676 0.314162
10.8081 11.3223 0.304697
10.9891 10.7098 0.312146
10.9891 10.7098 0.312146
11.0828 10.913 0.292201
10.5051 10.7092 0.333424
10.5051 10.7092 0.333424
10.5051 10.7092 0.333424
10.9951 10.6435 0.309994
10.9951 10.6435 0.309994
10.9951 10.6435 0.309994
10.9546 11.0652 0.31038
10.9546 11.0652 0.31038
10.9546 11.0652 0.31038
10.5582 10.671 0.299488
10.5582 10.671 0.299488
10.8393 11.3008 0.297411
10.5552 10.9502 0.322887
10.5552 10.9502 0.322887
11.3314 10.5878 0.306323
11.3314 10.5878 0.306323
11.2565 10.6113 0.312502
10.5335 11.1101 0.31063
10.5335 11.1101 0.31063
10.5335 11.1101 0.31063
10.22 10.8665 0.294629
10.22 10.8665 0.294629
10.22 10.8665 0.294629
10.22 10.8665 0.294629
10.4616 11.1712 0.317965
10.4616 11.1712 0.317965
10.4616 11.1712 0.317965
10.4616 11.1712 0.317965
10.4616 11.1712 0.317965
10.4616 11.1712 0.317965
10.7623 10.8332 0.313742
10.7623 10.8332 0.313742
10.4439 10.6591 0.308839
10.8947 10.4765 0.315698
10.9057 10.9167 0.299851
10.9057 10.9167 0.299851
10.9057 10.9167 0.299851
11.0768 10.6454 0.313425
10.837 10.7927 0.309507
10.6181 11.3416 0.308446
10.6181 11.3416 0.308446
10.6181 11.3416 0.308446
10.6181 11.3416 0.308446
10.6181 11.3416 0.308446
10.6181 11.3416 0.308446
10.6181 11.3416 0.308446
10.9132 11.23 0.285701
10.5894 10.8868 0.32254
10.5894 10.8868 0.32254
10.5894 10.8868 0.32254
10.5894 10.8868 0.32254
11.4563 10.7373 0.325136
10.7463 10.8954 0.300297
10.5725 10.9862 0.310005
10.5725 10.9862 0.310005
10.5725 10.9862 0.310005
10.7232 10.7009 0.308865
10.7232 10.7009 0.308865
10.7232 10.7009 0.308865
10.7232 10.7009 0.308865
10.7232 10.7009 0.308865
10.7232 10.7009 0.308865
10.7232 10.7009 0.308865
10.5914 11.3633 0.310624
10.5085 10.8803 0.331734
10.5085 10.8803 0.331734
10.5085 10.8803 0.331734
11.1033 10.8473 0.305962
11.1033 10.8473 0.305962
11.1033 10.8473 0.305962
11.1033 10.8473 0.305962
11.1033 10.8473 0.305962
11.1033 10.8473 0.305962
10.8967 10.7032 0.311015
10.8967 10.7032 0.311015
10.8967 10.7032 0.311015
10.8967 10.7032 0.311015
11.0131 10.4258 0.318604
11.0131 10.4258 0.318604
10.5837 10.6614 0.312494
10.5837 10.6614 0.312494
10.5837 10.6614 0.312494
10.5374 11.3007 0.295221
10.7442 11.4669 0.309049
10.7442 11.4669 0.309049
10.7442 11.4669 0.309049
6.89985 6.80336 0.292349
6.89985 6.80336 0.292349
6.89985 6.80336 0.292349
6.89985 6.80336 0.292349
6.89985 6.80336 0.292349
6.89985 6.80336 0.292349
6.89944 6.13275 0.31644
6.89944 6.13275 0.31644
6.59035 6.60556 0.306978
6.645 6.99615 0.294081
6.42318 6.92786 0.287731
6.42318 6.92786 0.287731
6.42318 6.92786 0.287731
6.42318 6.92786 0.287731
6.42318 6.92786 0.287731
6.42318 6.92786 0.287731
6.42318 6.92786 0.287731
6.42318 6.92786 0.287731
6.59485 6.8037 0.294815
6.59485 6.8037 0.294815
7.19645 7.18148 0.295566
7.19645 7.18148 0.295566
7.19645 7.18148 0.295566
7.19645 7.18148 0.295566
7.19645 7.18148 0.295566
7.19645 7.18148 0.295566
7.19645 7.18148 0.295566
7.19645 7.18148 0.295566
6.30579 6.64079 0.280506
6.16606 6.80329 0.311998
6.58168 7.20117 0.285295
6.58168 7.20117 0.285295
6.58168 7.20117 0.285295
6.58168 7.20117 0.285295
6.58168 7.20117 0.285295
6.58168 7.20117 0.285295
6.58168 7.20117 0.285295
6.64252 6.72165 0.307288
6.64252 6.72165 0.307288
6.64252 6.72165 0.307288
6.64252 6.72165 0.307288
6.70056 6.9162 0.304774
6.70056 6.9162 0.304774
6.70056 6.9162 0.304774
6.70056 6.9162 0.304774
6.70056 6.9162 0.304774
6.70056 6.9162 0.304774
6.70056 6.9162 0.304774
6.47578 6.99268 0.293943
6.47578 6.99268 0.293943
6.47578 6.99268 0.293943
6.47578 6.99268 0.293943
6.47578 6.99268 0.293943
6.47578 6.99268 0.293943
6.47578 6.99268 0.293943
6.47578 6.99268 0.293943
6.47578 6.99268 0.293943
6.47578 6.99268 0.293943
6.47578 6.99268 0.293943
6.47578 6.99268 0.293943
6.47578 6.99268 0.293943
6.47578 6.99268 0.293943
6.47578 6.99268 0.293943
6.47578 6.99268 0.293943
6.47392 6.83529 0.295324
6.47392 6.83529 0.295324
6.47392 6.83529 0.295324
6.47392 6.83529 0.295324
6.47392 6.83529 0.295324
6.47392 6.83529 0.295324
6.47392 6.83529 0.295324
6.47392 6.83529 0.295324
6.26959 6.64838 0.307172
6.26959 6.64838 0.307172
6.26959 6.64838 0.307172
6.26959 6.64838 0.307172
6.26959 6.64838 0.307172
6.8214 6.49993 0.285861
6.8214 6.49993 0.285861
6.8214 6.49993 0.285861
6.8214 6.49993 0.285861
6.8214 6.49993 0.285861
6.8214 6.49993 0.285861
6.8214 6.49993 0.285861
6.8214 6.49993 0.285861
6.8214 6.49993 0.285861
6.8214 6.49993 0.285861
6.8214 6.49993 0.285861
6.39805 7.27521 0.280332
6.4811 6.42467 0.309339
6.4811 6.42467 0.309339
6.4811 6.42467 0.309339
6.4811 6.42467 0.309339
6.80693 6.72045 0.308201
6.94412 6.02693 0.302687
6.94412 6.02693 0.302687
6.45686 6.32399 0.292758
6.45686 6.32399 0.292758
6.45686 6.32399 0.292758
6.61276 6.509 0.289162
6.61276 6.509 0.289162
6.61276 6.509 0.289162
6.61276 6.509 0.289162
6.61276 6.509 0.289162
6.61276 6.509 0.289162
6.61276 6.509 0.289162
6.61276 6.509 0.289162
6.61276 6.509 0.289162
6.61276 6.509 0.289162
6.61276 6.509 0.289162
6.73771 7.06462 0.298925
6.73771 7.06462 0.298925
6.73771 7.06462 0.298925
6.73771 7.06462 0.298925
6.73771 7.06462 0.298925
6.73771 7.06462 0.298925
6.73771 7.06462 0.298925
6.73771 7.06462 0.298925
6.57392 6.92913 0.301043
6.63603 6.63391 0.297569
6.63603 6.63391 0.297569
6.63603 6.63391 0.297569
7.00197 7.33093 0.300058
7.00197 7.33093 0.300058
7.00608 6.78685 0.300947
6.6052 6.74764 0.303264
6.6052 6.74764 0.303264
6.41845 5.864 0.32683
6.18755 6.82471 0.333902
6.2136 6.14366 0.332149
6.2136 6.14366 0.332149
6.2136 6.14366 0.332149
6.2136 6.14366 0.332149
5.99868 6.02516 0.316259
5.99868 6.02516 0.316259
5.99868 6.02516 0.316259
6.10233 6.65234 0.306549
6.10233 6.65234 0.306549
6.10233 6.65234 0.306549
6.10233 6.65234 0.306549
6.10233 6.65234 0.306549
6.10233 6.65234 0.306549
5.81551 6.40011 0.329999
5.81551 6.40011 0.329999
5.81551 6.40011 0.329999
6.06604 6.69761 0.32258
6.06604 6.69761 0.32258
6.67332 6.9207 0.328307
6.67332 6.9207 0.328307
6.67332 6.9207 0.328307
6.67332 6.9207 0.328307
6.3914 6.55141 0.315782
6.3914 6.55141 0.315782
6.3914 6.55141 0.315782
6.3914 6.55141 0.315782
6.95832 6.82689 0.306429
6.95832 6.82689 0.306429
6.95832 6.82689 0.306429
6.95832 6.82689 0.306429
6.95832 6.82689 0.306429
6.65438 6.70566 0.310432
6.27709 6.05228 0.31906
6.27709 6.05228 0.31906
6.5791 6.51141 0.335727
6.5791 6.51141 0.335727
6.5791 6.51141 0.335727
6.5791 6.51141 0.335727
6.5791 6.51141 0.335727
6.5791 6.51141 0.335727
6.5791 6.51141 0.335727
6.5791 6.51141 0.335727
6.5791 6.51141 0.335727
6.5791 6.51141 0.335727
6.5791 6.51141 0.335727
5.96987 6.30763 0.316877
6.43449 6.51651 0.325854
6.43449 6.51651 0.325854
6.73594 6.62716 0.324939
6.73594 6.62716 0.324939
6.73594 6.62716 0.324939
6.58208 6.46478 0.306551
6.62031 6.33601 0.303968
6.62031 6.33601 0.303968
6.62031 6.33601 0.303968
6.62031 6.33601 0.303968
6.82158 6.67574 0.321759
6.86114 6.38819 0.333018
6.86114 6.38819 0.333018
6.86114 6.38819 0.333018
6.86114 6.38819 0.333018
6.49805 6.4238 0.318049
6.05359 6.19179 0.316787
6.63419 6.26498 0.307011
6.27845 6.11426 0.328498
6.23958 5.74646 0.32704
6.23958 5.74646 0.32704
6.23958 5.74646 0.32704
6.23958 5.74646 0.32704
6.23958 5.74646 0.32704
6.23958 5.74646 0.32704
6.23958 5.74646 0.32704
6.32812 6.36067 0.314712
6.32812 6.36067 0.314712
6.30407 6.64045 0.309488
6.30407 6.64045 0.309488
6.30407 6.64045 0.309488
6.30407 6.64045 0.309488
6.30407 6.64045 0.309488
6.30407 6.64045 0.309488
6.30407 6.64045 0.309488
6.30407 6.64045 0.309488
6.30407 6.64045 0.309488
6.30407 6.64045 0.309488
6.30407 6.64045 0.309488
6.30407 6.64045 0.309488
6.12517 6.79287 0.309132
6.12517 6.79287 0.309132
6.12517 6.79287 0.309132
6.12517 6.79287 0.309132
6.12517 6.79287 0.309132
6.12517 6.79287 0.309132
6.12517 6.79287 0.309132
6.57341 5.51674 0.294508
6.57341 5.51674 0.294508
6.57341 5.51674 0.294508
6.56664 6.62462 0.318226
6.56664 6.62462 0.318226
6.56664 6.62462 0.318226
6.40068 6.19939 0.315574
6.40068 6.19939 0.315574
5.97879 6.29286 0.327238
6.49871 5.9733 0.318868
6.49871 5.9733 0.318868
6.49871 5.9733 0.318868
6.49871 5.9733 0.318868
6.49871 5.9733 0.318868
6.49871 5.9733 0.318868
6.49871 5.9733 0.318868
6.49871 5.9733 0.318868
6.49871 5.9733 0.318868
5.95662 6.27965 0.303115
6.3113 6.16394 0.317502
6.3113 6.16394 0.317502
6.54188 6.35765 0.328796
6.54188 6.35765 0.328796
6.54188 6.35765 0.328796
6.54188 6.35765 0.328796
6.54188 6.35765 0.328796
6.54188 6.35765 0.328796
6.54188 6.35765 0.328796
6.54188 6.35765 0.328796
6.54188 6.35765 0.328796
6.54188 6.35765 0.328796
6.54188 6.35765 0.328796
6.54188 6.35765 0.328796
6.54188 6.35765 0.328796
6.65038 5.79568 0.329369
6.65038 5.79568 0.329369
6.65038 5.79568 0.329369
6.65038 5.79568 0.329369
6.65038 5.79568 0.329369
6.65038 5.79568 0.329369
6.65038 5.79568 0.329369
6.65038 5.79568 0.329369
6.29725 6.01137 0.309057
6.29725 6.01137 0.309057
6.29725 6.01137 0.309057
6.29725 6.01137 0.309057
5.66118 6.39763 0.316112
5.66118 6.39763 0.316112
5.66118 6.39763 0.316112
5.66118 6.39763 0.316112
5.66118 6.39763 0.316112
6.59931 6.1202 0.312979
6.59931 6.1202 0.312979
6.59931 6.1202 0.312979
6.59931 6.1202 0.312979
6.59931 6.1202 0.312979
6.59931 6.1202 0.312979
6.59931 6.1202 0.312979
6.09082 5.87229 0.327981
6.21227 6.35638 0.308421
6.21227 6.35638 0.308421
6.21227 6.35638 0.308421
6.21227 6.35638 0.308421
6.21227 6.35638 0.308421
6.21227 6.35638 0.308421
6.19242 6.36252 0.309402
6.19242 6.36252 0.309402
6.64445 6.13004 0.320487
6.46699 6.00453 0.328451
5.98956 6.22994 0.310543
5.98956 6.22994 0.310543
5.98956 6.22994 0.310543
5.98956 6.22994 0.310543
5.98956 6.22994 0.310543
5.98956 6.22994 0.310543
6.11241 6.52959 0.32332
6.11241 6.52959 0.32332
6.11241 6.52959 0.32332
6.11241 6.52959 0.32332
7.08955 6.67891 0.325325
7.08955 6.67891 0.325325
6.09377 6.0499 0.305694
6.09377 6.0499 0.305694
6.09377 6.0499 0.305694
6.09377 6.0499 0.305694
6.09377 6.0499 0.305694
6.09377 6.0499 0.305694
6.44801 6.05483 0.309721
6.44801 6.05483 0.309721
6.44801 6.05483 0.309721
6.44801 6.05483 0.309721
6.44801 6.05483 0.309721
6.44801 6.05483 0.309721
6.44801 6.05483 0.309721
6.44801 6.05483 0.309721
6.27523 6.60898 0.319098
6.27523 6.60898 0.319098
6.27523 6.60898 0.319098
6.27523 6.60898 0.319098
5.9829 6.53586 0.307664
5.9829 6.53586 0.307664
5.9829 6.53586 0.307664
5.9829 6.53586 0.307664
6.34092 6.52543 0.316888
6.95971 6.76118 0.318396
6.95971 6.76118 0.318396
6.95971 6.76118 0.318396
6.95971 6.76118 0.318396
6.95971 6.76118 0.318396
6.95971 6.76118 0.318396
6.95971 6.76118 0.318396
6.95971 6.76118 0.318396
6.32612 6.42297 0.321148
6.17364 6.39085 0.323466
6.17364 6.39085 0.323466
6.17364 6.39085 0.323466
6.17364 6.39085 0.323466
6.17364 6.39085 0.323466
6.17364 6.39085 0.323466
6.17364 6.39085 0.323466
6.17364 6.39085 0.323466
6.17364 6.39085 0.323466
6.17364 6.39085 0.323466
6.17364 6.39085 0.323466
6.17364 6.39085 0.323466
6.17364 6.39085 0.323466
7.01108 6.25798 0.308341
7.01108 6.25798 0.308341
5.76173 6.30908 0.326985
5.76173 6.30908 0.326985
5.76173 6.30908 0.326985
6.87757 6.00564 0.326614
6.87757 6.00564 0.326614
5.89655 6.29559 0.329279
5.89655 6.29559 0.329279
6.45396 6.43328 0.312526
6.25368 6.02616 0.324887
6.55556 6.12376 0.321043
6.59488 6.31392 0.310788
6.59488 6.31392 0.310788
6.30137 5.5211 0.312334
6.30137 5.5211 0.312334
6.30137 5.5211 0.312334
6.30137 5.5211 0.312334
6.30137 5.5211 0.312334
6.30137 5.5211 0.312334
6.30137 5.5211 0.312334
6.30137 5.5211 0.312334
6.30137 5.5211 0.312334
6.30137 5.5211 0.312334
6.30137 5.5211 0.312334
6.30137 5.5211 0.312334
6.30137 5.5211 0.312334
6.30137 5.5211 0.312334
6.30137 5.5211 0.312334
6.30137 5.5211 0.312334
6.30137 5.5211 0.312334
6.30137 5.5211 0.312334
6.56445 5.87346 0.329017
6.21923 6.2231 0.302799
6.67085 5.54453 0.320566
6.67085 5.54453 0.320566
6.67085 5.54453 0.320566
6.24552 6.35347 0.319974
6.24552 6.35347 0.319974
6.24552 6.35347 0.319974
6.24552 6.35347 0.319974
6.24552 6.35347 0.319974
6.24552 6.35347 0.319974
6.24552 6.35347 0.319974
6.24552 6.35347 0.319974
6.77331 6.2113 0.329893
6.77331 6.2113 0.329893
6.77331 6.2113 0.329893
6.77331 6.2113 0.329893
6.74928 6.51434 0.316048
6.74928 6.51434 0.316048
6.74928 6.51434 0.316048
6.74928 6.51434 0.316048
6.74928 6.51434 0.316048
6.74928 6.51434 0.316048
6.74928 6.51434 0.316048
6.74928 6.51434 0.316048
6.74928 6.51434 0.316048
5.61178 6.04738 0.319926
5.61178 6.04738 0.319926
5.61178 6.04738 0.319926
6.74976 5.81316 0.325245
6.74976 5.81316 0.325245
6.53616 6.26137 0.310568
6.53616 6.26137 0.310568
6.53616 6.26137 0.310568
6.332 6.60613 0.31124
6.332 6.60613 0.31124
6.332 6.60613 0.31124
6.332 6.60613 0.31124
6.332 6.60613 0.31124
6.11326 6.22675 0.316109
6.11326 6.22675 0.316109
6.11326 6.22675 0.316109
6.11326 6.22675 0.316109
6.59311 6.1457 0.332387
6.59311 6.1457 0.332387
6.59311 6.1457 0.332387
6.59311 6.1457 0.332387
6.59311 6.1457 0.332387
6.59311 6.1457 0.332387
6.86082 6.47073 0.317516
6.86082 6.47073 0.317516
6.86082 6.47073 0.317516
6.3944 6.51142 0.311751
6.61774 5.77478 0.324575
6.61774 5.77478 0.324575
6.61774 5.77478 0.324575
6.61774 5.77478 0.324575
6.82598 6.70072 0.310919
6.82598 6.70072 0.310919
6.82598 6.70072 0.310919
6.82598 6.70072 0.310919
6.82598 6.70072 0.310919
6.82598 6.70072 0.310919
6.53097 6.40673 0.323966
6.53097 6.40673 0.323966
6.53097 6.40673 0.323966
6.38144 6.40517 0.330449
6.38144 6.40517 0.330449
6.38144 6.40517 0.330449
6.38144 6.40517 0.330449
6.38144 6.40517 0.330449
6.38144 6.40517 0.330449
6.38144 6.40517 0.330449
6.38144 6.40517 0.330449
6.17091 6.53075 0.321995
6.37335 6.30457 0.323649
6.37335 6.30457 0.323649
6.37335 6.30457 0.323649
6.37335 6.30457 0.323649
6.37335 6.30457 0.323649
6.77198 6.51454 0.320173
6.77198 6.51454 0.320173
6.77198 6.51454 0.320173
6.77198 6.51454 0.320173
6.10643 6.71222 0.310241
6.10643 6.71222 0.310241
6.10643 6.71222 0.310241
6.10643 6.71222 0.310241
6.10643 6.71222 0.310241
6.68768 6.91994 0.304731
6.68768 6.91994 0.304731
6.68768 6.91994 0.304731
6.68768 6.91994 0.304731
6.68768 6.91994 0.304731
6.68768 6.91994 0.304731
6.68768 6.91994 0.304731
6.68768 6.91994 0.304731
6.68768 6.91994 0.304731
5.73905 6.30456 0.299232
5.73905 6.30456 0.299232
5.73905 6.30456 0.299232
5.73905 6.30456 0.299232
5.73905 6.30456 0.299232
7.58081 7.87466 0.319266
7.58081 7.87466 0.319266
7.58081 7.87466 0.319266
7.58081 7.87466 0.319266
7.58081 7.87466 0.319266
7.58081 7.87466 0.319266
7.5714 7.50351 0.318023
7.5714 7.50351 0.318023
7.5714 7.50351 0.318023
7.5714 7.50351 0.318023
7.5714 7.50351 0.318023
9.17293 9.924 0.299602
9.17293 9.924 0.299602
9.47618 9.35736 0.309093
9.16193 9.42665 0.304628
9.16193 9.42665 0.304628
9.16193 9.42665 0.304628
9.16193 9.42665 0.304628
9.15729 9.38952 0.297536
9.15729 9.38952 0.297536
9.15729 9.38952 0.297536
9.15729 9.38952 0.297536
9.63694 9.51345 0.310944
9.63694 9.51345 0.310944
9.63694 9.51345 0.310944
9.28176 8.89217 0.312853
9.28176 8.89217 0.312853
9.02113 9.4448 0.309409
9.02113 9.4448 0.309409
9.02113 9.4448 0.309409
9.02113 9.4448 0.309409
9.02113 9.4448 0.309409
9.02113 9.4448 0.309409
9.36467 9.19173 0.325675
9.36467 9.19173 0.325675
9.36467 9.19173 0.325675
9.36467 9.19173 0.325675
8.79085 9.50312 0.308164
8.79085 9.50312 0.308164
8.79085 9.50312 0.308164
8.79085 9.50312 0.308164
8.41102 9.6548 0.311097
8.41102 9.6548 0.311097
9.3143 9.11054 0.280866
9.3143 9.11054 0.280866
9.13879 9.62244 0.31722
9.54282 9.44031 0.314251
9.54282 9.44031 0.314251
9.54282 9.44031 0.314251
9.54656 9.40967 0.299857
9.54656 9.40967 0.299857
11.7759 11.3212 0.30983
11.7759 11.3212 0.30983
11.7759 11.3212 0.30983
11.4261 11.4006 0.303777
11.4261 11.4006 0.303777
11.2316 11.7449 0.307983
11.2316 11.7449 0.307983
11.2548 11.4204 0.306033
11.6053 11.0517 0.306897
11.6053 11.0517 0.306897
11.6053 11.0517 0.306897
11.6053 11.0517 0.306897
11.6053 11.0517 0.306897
11.7175 11.0824 0.296508
11.7175 11.0824 0.296508
11.7175 11.0824 0.296508
12.2031 11.5292 0.287341
11.5194 11.6826 0.290123
11.5194 11.6826 0.290123
11.5194 11.6826 0.290123
11.5194 11.6826 0.290123
11.5368 11.2479 0.299249
11.4252 11.1345 0.305133
11.4252 11.1345 0.305133
11.4252 11.1345 0.305133
11.7144 11.5396 0.310929
11.5385 11.23 0.311712
11.5385 11.23 0.311712
11.6112 11.4914 0.298971
11.6112 11.4914 0.298971
11.9836 11.9029 0.301219
11.9836 11.9029 0.301219
11.9836 11.9029 0.301219
11.5378 11.7141 0.310928
11.5378 11.7141 0.310928
11.2024 11.776 0.303734
11.2024 11.776 0.303734
11.3503 11.8031 0.28797
11.3503 11.8031 0.28797
11.3503 11.8031 0.28797
11.1145 10.9284 0.282892
11.1145 10.9284 0.282892
10.9918 11.2619 0.313603
11.8386 11.4799 0.293192
11.8386 11.4799 0.293192
11.8192 11.9711 0.298196
11.8192 11.9711 0.298196
11.8192 11.9711 0.298196
11.3545 11.0549 0.307466
11.3545 11.0549 0.307466
11.3545 11.0549 0.307466
11.3545 11.0549 0.307466
11.3545 11.0549 0.307466
11.9184 11.5574 0.298162
11.9184 11.5574 0.298162
11.2092 11.4909 0.29835
11.2092 11.4909 0.29835
11.2092 11.4909 0.29835
11.2092 11.4909 0.29835
10.6003 11.6421 0.311114
10.6003 11.6421 0.311114
10.6003 11.6421 0.311114
10.6003 11.6421 0.311114
11.3894 11.4756 0.315534
11.3894 11.4756 0.315534
11.3894 11.4756 0.315534
11.5644 11.5656 0.313492
11.4333 11.0367 0.307905
11.4333 11.0367 0.307905
11.5183 11.7051 0.308336
11.5183 11.7051 0.308336
11.5183 11.7051 0.308336
11.5183 11.7051 0.308336
11.4339 11.7276 0.310264
11.5544 11.2187 0.293977
11.3843 11.136 0.306025
11.3843 11.136 0.306025
11.3843 11.136 0.306025
11.6201 11.3249 0.310095
11.6821 11.6817 0.300274
11.6821 11.6817 0.300274
11.6821 11.6817 0.300274
11.6821 11.6817 0.300274
11.4665 11.7146 0.317021
11.4665 11.7146 0.317021
11.4665 11.7146 0.317021
11.3547 11.6168 0.291234
11.7427 11.2415 0.300878
11.1411 11.6223 0.309932
11.1411 11.6223 0.309932
11.1411 11.6223 0.309932
11.1411 11.6223 0.309932
11.5131 11.6004 0.303534
6.12513 6.30995 0.312628
6.12513 6.30995 0.312628
6.12513 6.30995 0.312628
6.45147 6.16703 0.303326
6.5455 6.29405 0.327496
6.5455 6.29405 0.327496
6.5455 6.29405 0.327496
9.87709 9.36335 0.313501
9.87709 9.36335 0.313501
9.87709 9.36335 0.313501
9.35369 9.82094 0.316458
9.35369 9.82094 0.316458
9.35369 9.82094 0.316458
9.25013 9.56559 0.317319
9.25013 9.56559 0.317319
9.3322 9.71595 0.298185
9.3322 9.71595 0.298185
9.3322 9.71595 0.298185
9.3322 9.71595 0.298185
9.3322 9.71595 0.298185
9.44481 9.46879 0.303927
9.44481 9.46879 0.303927
9.44481 9.46879 0.303927
9.44481 9.46879 0.303927
9.44481 9.46879 0.303927
9.56464 9.55274 0.326017
9.56464 9.55274 0.326017
9.56464 9.55274 0.326017
9.56464 9.55274 0.326017
9.56464 9.55274 0.326017
9.56464 9.55274 0.326017
9.56464 9.55274 0.326017
9.56464 9.55274 0.326017
9.56464 9.55274 0.326017
12.378 12.062 0.295623
12.378 12.062 0.295623
12.6049 12.3433 0.28732
12.5494 12.1183 0.310549
12.5494 12.1183 0.310549
12.5464 12.8968 0.279725
12.6342 12.6278 0.285752
12.3809 12.2484 0.316278
11.8316 12.1605 0.294888
12.1687 12.6143 0.301002
12.1687 12.6143 0.301002
12.3012 12.8536 0.297354
12.2159 12.628 0.295473
12.2159 12.628 0.295473
12.2159 12.628 0.295473
12.9438 12.7698 0.310626
12.9438 12.7698 0.310626
12.5465 12.9745 0.296819
12.4257 12.1124 0.303065
12.4257 12.1124 0.303065
12.4257 12.1124 0.303065
12.6416 12.5606 0.309768
12.0035 12.0998 0.320963
12.7899 12.0418 0.296869
12.7899 12.0418 0.296869
12.7899 12.0418 0.296869
12.5136 12.9866 0.290127
12.5136 12.9866 0.290127
13.0589 12.5509 0.321405
12.8323 12.1507 0.322859
12.6826 12.4327 0.301413
12.6841 12.4211 0.304838
13.2131 12.3543 0.303061
12.8436 12.5224 0.314585
12.8436 12.5224 0.314585
12.1965 12.46 0.299612
12.4178 12.143 0.307309
12.6974 12.4329 0.308943
12.6974 12.4329 0.308943
12.6974 12.4329 0.308943
12.1909 12.8828 0.295488
12.2511 12.1378 0.316679
12.6596 12.2585 0.300706
12.8887 11.8061 0.309142
12.6205 11.9634 0.304726
12.6205 11.9634 0.304726
12.3949 12.2498 0.312871
12.0679 12.602 0.297051
12.7001 12.7582 0.292301
12.1643 12.6748 0.299171
12.1643 12.6748 0.299171
12.1643 12.6748 0.299171
12.6626 12.4834 0.314566
12.5602 12.1762 0.312567
11.9845 13.1499 0.315347
12.3581 12.178 0.305447
12.0739 11.9402 0.308631
12.4653 12.6061 0.305758
12.4653 12.6061 0.305758
12.171 12.9231 0.301101
12.1638 12.439 0.307325
12.0065 12.5169 0.300301
12.6015 11.9576 0.319003
12.4129 11.7583 0.321652
12.54 12.6732 0.317581
12.6469 12.0658 0.323694
11.9433 12.7711 0.31088
12.4378 12.4976 0.303659
12.0276 12.516 0.297723
12.0276 12.516 0.297723
12.3636 12.3518 0.304602
12.503 12.2604 0.321066
12.8419 12.2145 0.302762
3.9382 46.556 -66.807
3.9382 46.556 -66.807
3.9382 46.556 -66.807
3.9382 46.556 -66.807
3.9382 46.556 -66.807
3.9382 46.556 -66.807
3.9382 46.556 -66.807
3.9382 46.556 -66.807
3.9382 46.556 -66.807
3.9382 46.556 -66.807
3.9382 46.556 -66.807
3.9382 46.556 -66.807
3.9382 46.556 -66.807
3.9382 46.556 -66.807
3.9382 46.556 -66.807
3.9382 46.556 -66.807
3.9382 46.556 -66.807
3.9382 46.556 -66.807
3.9382 46.556 -66.807
3.9382 46.556 -66.807
3.9382 46.556 -66.807
3.9382 46.556 -66.807
3.9382 46.556 -66.807
3.9382 46.556 -66.807
3.9382 46.556 -66.807
3.9382 46.556 -66.807
3.9382 46.556 -66.807
3.9382 46.556 -66.807
3.9382 46.556 -66.807
3.9382 46.556 -66.807
3.9382 46.556 -66.807
3.9382 46.556 -66.807
3.9382 46.556 -66.807
3.9382 46.556 -66.807
3.9382 46.556 -66.807
3.9382 46.556 -66.807
3.9382 46.556 -66.807
3.9382 46.556 -66.807
3.9382 46.556 -66.807
3.9382 46.556 -66.807
3.9382 46.556 -66.807
3.9382 46.556 -66.807
3.9382 46.556 -66.807
3.9382 46.556 -66.807
3.9382 46.556 -66.807
3.9382 46.556 -66.807
3.9382 46.556 -66.807
3.9382 46.556 -66.807
3.9382 46.556 -66.807
3.9382 46.556 -66.807
3.9382 46.556 -66.807
3.9382 46.556 -66.807
3.9382 46.556 -66.807
3.9382 46.556 -66.807
3.9382 46.556 -66.807
3.9382 46.556 -66.807
3.9382 46.556 -66.807
3.9382 46.556 -66.807
3.9382 46.556 -66.807
3.9382 46.556 -66.807
3.9382 46.556 -66.807
3.9382 46.556 -66.807
3.9382 46.556 -66.807
3.9382 46.556 -66.807
3.9382 46.556 -66.807
3.9382 46.556 -66.807
3.9382 46.556 -66.807
3.9382 46.556 -66.807
3.9382 46.556 -66.807
3.9382 46.556 -66.807
3.9382 46.556 -66.807
3.9382 46.556 -66.807
3.9382 46.556 -66.807
3.9382 46.556 -66.807
3.9382 46.556 -66.807
3.9382 46.556 -66.807
3.9382 46.556 -66.807
3.9382 46.556 -66.807
3.9382 46.556 -66.807
3.9382 46.556 -66.807
3.9382 46.556 -66.807
3.9382 46.556 -66.807
3.9382 46.556 -66.807
3.9382 46.556 -66.807
3.9382 46.556 -66.807
3.9382 46.556 -66.807
3.9382 46.556 -66.807
3.9382 46.556 -66.807
3.9382 46.556 -66.807
3.9382 46.556 -66.807
3.9382 46.556 -66.807
3.9382 46.556 -66.807
3.9382 46.556 -66.807
3.9382 46.556 -66.807
3.9382 46.556 -66.807
3.9382 46.556 -66.807
3.9382 46.556 -66.807
3.9382 46.556 -66.807
3.9382 46.556 -66.807
3.9382 46.556 -66.807
7.21418 6.20026 0.321282
7.21418 6.20026 0.321282
7.21418 6.20026 0.321282
6.28711 6.58767 0.318033
6.28711 6.58767 0.318033
6.14206 6.12006 0.29216
6.14206 6.12006 0.29216
6.14206 6.12006 0.29216
6.14206 6.12006 0.29216
6.14206 6.12006 0.29216
6.0502 5.92288 0.0164164
6.40679 6.58904 0.0100725
6.40679 6.58904 0.0100725
6.40679 6.58904 0.0100725
6.40679 6.58904 0.0100725
6.40679 6.58904 0.0100725
6.40679 6.58904 0.0100725
6.40679 6.58904 0.0100725
6.40679 6.58904 0.0100725
6.40679 6.58904 0.0100725
6.40679 6.58904 0.0100725
6.40679 6.58904 0.0100725
6.06241 6.15651 0.0174939
6.06241 6.15651 0.0174939
6.54065 6.47975 0.0149872
6.54065 6.47975 0.0149872
6.62535 6.42172 0.00420427
6.62535 6.42172 0.00420427
6.62535 6.42172 0.00420427
6.32013 6.17843 0.00586945
6.68955 6.23181 5.76463e-05
6.68955 6.23181 5.76463e-05
6.51472 6.18462 0.00675809
6.51472 6.18462 0.00675809
6.51472 6.18462 0.00675809
6.51472 6.18462 0.00675809
6.51472 6.18462 0.00675809
6.51472 6.18462 0.00675809
6.42134 6.67014 -0.00375481
6.13582 5.99199 0.00538783
6.23268 5.8155 0.00834667
6.23268 5.8155 0.00834667
6.23268 5.8155 0.00834667
6.23268 5.8155 0.00834667
6.23268 5.8155 0.00834667
6.11444 5.85213 -0.00769101
6.11444 5.85213 -0.00769101
6.11444 5.85213 -0.00769101
6.11444 5.85213 -0.00769101
6.11444 5.85213 -0.00769101
6.11444 5.85213 -0.00769101
6.31223 6.27612 0.0153729
6.31223 6.27612 0.0153729
6.31223 6.27612 0.0153729
6.31223 6.27612 0.0153729
6.31223 6.27612 0.0153729
6.31223 6.27612 0.0153729
6.31223 6.27612 0.0153729
6.36627 6.00737 -0.00429359
6.36627 6.00737 -0.00429359
10.372 9.94728 0.307355
10.372 9.94728 0.307355
10.372 9.94728 0.307355
10.372 9.94728 0.307355
10.4745 10.449 0.312725
10.4234 10.4745 0.325114
10.4234 10.4745 0.325114
9.91475 10.269 0.30109
9.91475 10.269 0.30109
9.91475 10.269 0.30109
9.91475 10.269 0.30109
9.6982 10.4576 0.311397
9.6982 10.4576 0.311397
9.6982 10.4576 0.311397
9.6982 10.4576 0.311397
9.6982 10.4576 0.311397
9.6982 10.4576 0.311397
9.6982 10.4576 0.311397
9.6982 10.4576 0.311397
9.6982 10.4576 0.311397
9.6982 10.4576 0.311397
10.4672 10.1532 0.30869
10.4672 10.1532 0.30869
10.4672 10.1532 0.30869
10.8833 10.1081 0.303863
10.8833 10.1081 0.303863
10.8833 10.1081 0.303863
9.58004 10.1878 0.306704
10.1742 10.4344 0.316129
10.8556 11.0247 0.297952
10.8556 11.0247 0.297952
10.8556 11.0247 0.297952
10.555 10.4636 0.306467
10.4231 10.6417 0.29152
10.4231 10.6417 0.29152
10.4231 10.6417 0.29152
10.4231 10.6417 0.29152
10.2943 10.4404 0.313896
10.2943 10.4404 0.313896
10.2943 10.4404 0.313896
