30.6947 30.7218 0.218197
10.7536 10.8893 0.309914
14.854 15.341 0.276469
11.2885 11.4187 0.317347
10.3778 10.4792 0.28731
15.8888 15.7885 0.324489
26.9537 27.1871 0.222854
20.5183 20.1938 0.271574
16.3974 16.354 0.296558
35.7721 35.5653 0.192217
9.39852 9.87457 0.312378
41.7262 41.1771 0.18911
10.4728 10.266 0.299113
24.8543 25.2307 0.245901
28.9438 28.9218 0.232835
31.4839 31.8388 0.201705
24.292 24.0593 0.240379
11.9624 12.0525 0.304642
20.0885 20.5076 0.290812
37.2678 37.176 0.217052
40.2162 40.2864 0.171836
14.9555 14.2265 0.292377
11.9624 12.0525 0.304642
25.9579 26.0593 0.228832
13.2839 13.3401 0.290723
18.8795 19.3555 0.261025
32.4712 32.1817 0.219636
26.1582 26.495 0.24146
16.8225 17.4422 0.269532
15.4963 15.1468 0.29195
27.641 28.0375 0.242506
37.0078 37.138 0.22272
7.77147 7.61535 0.299868
20.2327 20.1601 0.278989
15.5423 14.4526 0.304441
19.3146 19.691 0.27672
32.0035 32.0937 0.175268
6.26867 7.09974 0.304316
27.4563 27.4745 0.214933
32.0035 32.0937 0.175268
14.854 15.341 0.276469
37.398 37.2778 0.212836
6.63728 6.66439 0.29874
10.7993 10.8174 0.300323
13.1717 13.1988 0.295595
28.6233 28.1023 0.223838
11.2885 11.4187 0.317347
35.0327 35.051 0.185149
6.12699 6.26278 -0.00087697
26.9537 27.1871 0.222854
40.1542 40.0339 0.176624
32.9867 32.975 0.19424
11.2885 11.4187 0.317347
20.0178 20.4241 0.266637
16.5589 16.1939 0.25512
23.7795 23.6204 0.282309
11.8814 11.5121 0.315714
14.854 15.341 0.276469
41.5015 41.3469 0.158326
13.3332 13.3111 0.296966
10.3423 9.90214 0.291107
19.5649 18.6535 0.297894
11.3528 11.3776 0.301853
10.1509 9.62505 0.317959
29.5055 28.8675 0.231992
37.0734 37.0008 0.189457
43.6592 43.1333 0.166927
10.1509 9.62505 0.317959
6.41059 6.44927 0.336636
22.8236 22.4544 0.277171
31.4839 31.8388 0.201705
16.8992 16.3733 0.275651
22.3479 22.4181 0.262509
35.3763 34.9361 0.191063
24.6296 25.1389 0.246413
29.131 29.149 0.230373
31.147 30.9516 0.231576
11.3528 11.3776 0.301853
26.1693 26.5756 0.238898
31.6961 31.3993 0.180315
26.704 27.0953 0.228099
28.6233 28.1023 0.223838
34.2634 35.0945 0.198042
19.2348 18.4538 0.256467
26.4694 26.3968 0.239085
14.9555 14.2265 0.292377
16.0716 15.1602 0.320489
11.9919 12.8229 0.308825
16.111 16.1497 0.32184
13.8834 14.3594 0.28122
6.12699 6.26278 -0.00087697
12.8201 13.2115 0.301444
22.2132 21.7731 0.255546
13.2916 13.5568 0.292483
32.5551 32.4633 0.219976
10.1126 10.2139 0.294161
15.8112 16.2818 0.307003
9.75382 8.97282 0.30782
11.6142 11.2764 0.318521
18.7999 18.9012 0.250393
10.1736 10.3204 0.303399
10.1736 10.3204 0.303399
10.1736 10.3204 0.303399
10.1736 10.3204 0.303399
10.1736 10.3204 0.303399
10.1736 10.3204 0.303399
10.2909 10.4698 0.301638
10.2909 10.4698 0.301638
10.2909 10.4698 0.301638
10.2909 10.4698 0.301638
10.2909 10.4698 0.301638
10.2909 10.4698 0.301638
9.96494 10.4762 0.307498
9.96494 10.4762 0.307498
9.96494 10.4762 0.307498
9.96494 10.4762 0.307498
9.96494 10.4762 0.307498
10.0429 10.2257 0.309992
10.0429 10.2257 0.309992
10.0429 10.2257 0.309992
10.1424 10.1854 0.303252
10.1424 10.1854 0.303252
10.1424 10.1854 0.303252
10.1424 10.1854 0.303252
10.1424 10.1854 0.303252
10.2851 10.3577 0.31026
10.2851 10.3577 0.31026
10.2851 10.3577 0.31026
10.572 10.1019 0.309258
10.572 10.1019 0.309258
10.572 10.1019 0.309258
10.572 10.1019 0.309258
10.572 10.1019 0.309258
10.572 10.1019 0.309258
10.572 10.1019 0.309258
10.572 10.1019 0.309258
10.572 10.1019 0.309258
8.90072 8.68767 0.310694
8.90072 8.68767 0.310694
8.90072 8.68767 0.310694
8.90072 8.68767 0.310694
8.90072 8.68767 0.310694
8.90072 8.68767 0.310694
8.90072 8.68767 0.310694
8.90072 8.68767 0.310694
8.90072 8.68767 0.310694
8.90072 8.68767 0.310694
8.90072 8.68767 0.310694
8.90072 8.68767 0.310694
8.3069 8.81149 0.304741
8.3069 8.81149 0.304741
8.05889 8.93752 0.324583
7.83212 7.69864 0.32633
7.83212 7.69864 0.32633
7.83212 7.69864 0.32633
7.83212 7.69864 0.32633
6.40378 6.23229 0.325825
6.40378 6.23229 0.325825
6.40378 6.23229 0.325825
6.40378 6.23229 0.325825
6.43119 6.99943 0.309226
6.43119 6.99943 0.309226
6.43119 6.99943 0.309226
6.43119 6.99943 0.309226
6.43119 6.99943 0.309226
6.43119 6.99943 0.309226
6.43119 6.99943 0.309226
6.43119 6.99943 0.309226
6.43119 6.99943 0.309226
6.43119 6.99943 0.309226
6.43119 6.99943 0.309226
6.43119 6.99943 0.309226
6.43119 6.99943 0.309226
6.43119 6.99943 0.309226
6.43119 6.99943 0.309226
6.43119 6.99943 0.309226
6.43119 6.99943 0.309226
6.43119 6.99943 0.309226
6.43119 6.99943 0.309226
6.43119 6.99943 0.309226
6.43119 6.99943 0.309226
6.43119 6.99943 0.309226
6.43119 6.99943 0.309226
6.43119 6.99943 0.309226
6.43119 6.99943 0.309226
6.43119 6.99943 0.309226
6.43119 6.99943 0.309226
6.43119 6.99943 0.309226
6.43119 6.99943 0.309226
6.43119 6.99943 0.309226
6.43119 6.99943 0.309226
6.43119 6.99943 0.309226
6.43119 6.99943 0.309226
6.41839 6.21889 0.303863
6.41839 6.21889 0.303863
6.41839 6.21889 0.303863
6.41839 6.21889 0.303863
6.41839 6.21889 0.303863
6.41839 6.21889 0.303863
6.41839 6.21889 0.303863
13.4188 13.5186 0.310817
13.4188 13.5186 0.310817
13.191 13.2886 0.301243
13.191 13.2886 0.301243
13.191 13.2886 0.301243
13.191 13.2886 0.301243
13.191 13.2886 0.301243
13.191 13.2886 0.301243
13.5131 13.7909 0.293063
13.5131 13.7909 0.293063
13.5131 13.7909 0.293063
13.5131 13.7909 0.293063
13.5131 13.7909 0.293063
13.5131 13.7909 0.293063
13.5131 13.7909 0.293063
13.014 13.2265 0.296083
13.014 13.2265 0.296083
13.014 13.2265 0.296083
13.014 13.2265 0.296083
13.014 13.2265 0.296083
13.014 13.2265 0.296083
13.014 13.2265 0.296083
13.014 13.2265 0.296083
13.014 13.2265 0.296083
13.014 13.2265 0.296083
13.014 13.2265 0.296083
13.3419 13.5294 0.290597
13.3419 13.5294 0.290597
13.3419 13.5294 0.290597
13.3419 13.5294 0.290597
13.3419 13.5294 0.290597
13.3419 13.5294 0.290597
13.3419 13.5294 0.290597
13.3419 13.5294 0.290597
13.3419 13.5294 0.290597
13.3419 13.5294 0.290597
13.3419 13.5294 0.290597
13.3419 13.5294 0.290597
13.3419 13.5294 0.290597
13.3419 13.5294 0.290597
13.3419 13.5294 0.290597
13.3419 13.5294 0.290597
13.3419 13.5294 0.290597
13.3419 13.5294 0.290597
13.5463 13.1839 0.293575
13.5463 13.1839 0.293575
13.5463 13.1839 0.293575
13.5463 13.1839 0.293575
13.5463 13.1839 0.293575
13.5463 13.1839 0.293575
13.6045 12.9097 0.304546
13.6045 12.9097 0.304546
13.6045 12.9097 0.304546
13.6045 12.9097 0.304546
13.6045 12.9097 0.304546
13.6045 12.9097 0.304546
13.6045 12.9097 0.304546
13.6045 12.9097 0.304546
13.6045 12.9097 0.304546
13.6045 12.9097 0.304546
13.6045 12.9097 0.304546
13.6045 12.9097 0.304546
13.6045 12.9097 0.304546
13.6045 12.9097 0.304546
13.6045 12.9097 0.304546
13.6045 12.9097 0.304546
13.6045 12.9097 0.304546
13.6045 12.9097 0.304546
13.6045 12.9097 0.304546
13.6045 12.9097 0.304546
13.6045 12.9097 0.304546
13.6045 12.9097 0.304546
13.6045 12.9097 0.304546
13.6045 12.9097 0.304546
13.0641 13.3098 0.302868
13.4586 13.5659 0.301516
13.4586 13.5659 0.301516
13.4586 13.5659 0.301516
13.4586 13.5659 0.301516
13.4586 13.5659 0.301516
13.4586 13.5659 0.301516
13.4586 13.5659 0.301516
13.4586 13.5659 0.301516
13.4586 13.5659 0.301516
13.4586 13.5659 0.301516
13.4586 13.5659 0.301516
13.4586 13.5659 0.301516
13.4586 13.5659 0.301516
13.1607 13.6646 0.298262
13.1607 13.6646 0.298262
13.1607 13.6646 0.298262
13.1607 13.6646 0.298262
13.1607 13.6646 0.298262
13.1607 13.6646 0.298262
13.1607 13.6646 0.298262
13.1607 13.6646 0.298262
13.5103 12.798 0.304778
13.5103 12.798 0.304778
13.5103 12.798 0.304778
13.5103 12.798 0.304778
