7.32288 7.86367 0.329727
10.0909 10.4673 0.30566
9.00312 8.8353 0.307807
10.5358 10.2464 0.308359
13.4384 14.1714 0.3095
12.5753 11.8446 0.306593
8.08239 7.78463 0.323966
12.5589 12.9879 0.298442
6.20232 6.25496 0.313444
8.73661 9.07348 0.303305
10.7993 10.8174 0.300323
9.30085 9.4311 0.328802
11.6207 11.9972 0.316863
13.4354 13.6762 0.279291
11.8318 11.6363 0.317775
7.28648 7.68299 0.328781
6.46883 6.48691 -0.00085994
12.8991 13.2541 0.307206
13.3712 13.1385 0.288504
11.3795 11.4066 0.304395
11.479 11.7586 0.297703
12.8991 13.2541 0.307206
13.4354 13.6762 0.279291
6.12586 6.61248 0.306929
10.6558 10.786 0.323974
12.1098 12.6506 0.308262
10.3778 10.4792 0.28731
12.5753 11.8446 0.306593
7.61602 7.31827 0.33375
10.9446 10.4187 0.310374
7.97426 7.99251 0.317397
9.60664 8.87602 0.319194
9.5833 9.08221 0.310186
6.4195 6.29928 0.00329886
7.28648 7.68299 0.328781
11.9919 12.8229 0.308825
10.4961 11.0369 0.316036
12.8201 13.2115 0.301444
14.2312 13.1414 0.298248
10.8222 11.2284 0.326828
6.63728 6.66439 0.29874
9.30085 9.4311 0.328802
13.3762 13.2844 0.298915
11.3271 11.9821 0.313649
9.96784 10.5875 0.2963
9.24185 9.29449 0.301483
9.5903 10.0193 0.311043
14.4239 13.4003 0.283175
13.7748 14.0083 0.285296
13.7748 14.0083 0.285296
13.3345 13.6714 0.290154
6.36309 6.28561 -0.00271934
9.39852 9.87457 0.312378
12.0514 12.448 0.312761
8.99875 8.80327 0.33306
10.0909 10.4673 0.30566
9.75382 8.97282 0.30782
6.57256 6.37708 0.0136096
12.8524 13.3617 0.293502
13.5724 13.5907 0.288278
7.77147 7.61535 0.299868
6.41059 6.44927 0.336636
7.86086 7.6541 0.315561
10.7536 10.8893 0.309914
5.95039 6.71278 0.00192008
6.12586 6.61248 0.306929
9.30085 9.4311 0.328802
7.94892 8.07917 0.327881
13.18 13.0798 0.314199
10.385 10.1523 0.301174
10.5475 9.76646 0.300236
7.2269 8.05797 0.324845
11.3271 11.9821 0.313649
11.8658 11.817 0.318745
11.6142 11.2764 0.318521
14.3138 14.7447 0.285505
8.29573 8.83653 0.324694
8.92775 9.20139 0.323956
9.54755 8.63614 0.334419
12.3568 12.1677 0.301162
14.0762 13.8435 0.277601
6.41392 6.84292 0.31191
9.89382 9.52452 0.327168
6.26867 7.09974 0.304316
9.38676 9.21869 0.309483
13.2142 12.9164 0.304632
8.61458 8.19892 0.305694
9.22828 9.25309 0.302213
10.1126 10.2139 0.294161
13.8834 14.3594 0.28122
9.39852 9.87457 0.312378
13.6443 14.0752 0.292443
12.3001 12.0033 0.29347
12.2138 12.4782 0.301504
10.4376 10.4902 0.298142
13.1468 12.85 0.281851
6.63728 6.66439 0.29874
14.0382 14.0161 0.286064
11.3528 11.3776 0.301853
7.97426 7.99251 0.317397
7.73089 8.1274 0.324442
8.19036 8.14158 0.314207
8.19036 8.14158 0.314207
8.19036 8.14158 0.314207
8.19036 8.14158 0.314207
8.19036 8.14158 0.314207
8.19036 8.14158 0.314207
8.19036 8.14158 0.314207
8.49226 8.29678 0.328309
8.76304 8.12508 0.315458
8.76304 8.12508 0.315458
8.04659 8.52264 0.311458
8.04659 8.52264 0.311458
8.18267 7.85323 0.331601
8.20892 8.11718 0.322214
8.20892 8.11718 0.322214
8.20892 8.11718 0.322214
8.20892 8.11718 0.322214
8.47849 8.40586 0.311079
8.47849 8.40586 0.311079
8.47849 8.40586 0.311079
8.01279 7.91254 0.337498
8.01279 7.91254 0.337498
8.01279 7.91254 0.337498
8.01279 7.91254 0.337498
8.01279 7.91254 0.337498
8.23784 8.08172 0.290084
8.23784 8.08172 0.290084
8.23784 8.08172 0.290084
8.23784 8.08172 0.290084
8.23784 8.08172 0.290084
8.23784 8.08172 0.290084
8.23784 8.08172 0.290084
8.23784 8.08172 0.290084
8.23784 8.08172 0.290084
8.23784 8.08172 0.290084
8.23784 8.08172 0.290084
8.23784 8.08172 0.290084
8.23784 8.08172 0.290084
8.08239 7.78463 0.323966
8.08239 7.78463 0.323966
8.08239 7.78463 0.323966
8.08239 7.78463 0.323966
7.93804 8.17147 0.315534
7.68832 8.07969 0.320779
7.68832 8.07969 0.320779
7.68832 8.07969 0.320779
7.68832 8.07969 0.320779
7.68832 8.07969 0.320779
7.68832 8.07969 0.320779
7.68832 8.07969 0.320779
7.68832 8.07969 0.320779
7.68832 8.07969 0.320779
7.68832 8.07969 0.320779
7.68832 8.07969 0.320779
7.68832 8.07969 0.320779
8.28699 8.37711 0.300104
8.28699 8.37711 0.300104
8.28699 8.37711 0.300104
8.28699 8.37711 0.300104
8.28699 8.37711 0.300104
8.28699 8.37711 0.300104
8.28699 8.37711 0.300104
8.28699 8.37711 0.300104
8.28699 8.37711 0.300104
8.28699 8.37711 0.300104
7.70603 8.19307 0.300513
8.23943 8.00669 0.307838
8.23943 8.00669 0.307838
8.23943 8.00669 0.307838
8.23943 8.00669 0.307838
8.23943 8.00669 0.307838
8.23943 8.00669 0.307838
8.23943 8.00669 0.307838
8.0481 8.01509 0.304112
8.16877 8.00963 0.336521
8.16877 8.00963 0.336521
8.16877 8.00963 0.336521
8.16877 8.00963 0.336521
8.16877 8.00963 0.336521
8.16877 8.00963 0.336521
8.16877 8.00963 0.336521
8.16877 8.00963 0.336521
7.17511 7.96693 0.319263
7.17511 7.96693 0.319263
7.17511 7.96693 0.319263
7.17511 7.96693 0.319263
7.17511 7.96693 0.319263
7.79063 7.82931 0.339189
7.79063 7.82931 0.339189
7.79063 7.82931 0.339189
7.32558 7.52818 0.316263
7.32558 7.52818 0.316263
7.26162 7.74866 0.304852
7.67994 7.94511 0.320122
7.67994 7.94511 0.320122
7.67994 7.94511 0.320122
7.67994 7.94511 0.320122
7.67994 7.94511 0.320122
7.67994 7.94511 0.320122
9.71195 10.0844 0.319848
9.71195 10.0844 0.319848
9.54156 9.08921 0.320582
9.54156 9.08921 0.320582
9.54156 9.08921 0.320582
9.54156 9.08921 0.320582
9.88874 8.90235 0.329602
9.88874 8.90235 0.329602
9.88874 8.90235 0.329602
9.31809 9.59174 0.314184
9.31809 9.59174 0.314184
9.31809 9.59174 0.314184
9.32086 9.55993 0.321977
9.53837 9.2826 0.318956
9.53837 9.2826 0.318956
9.7789 9.03763 0.325447
9.7789 9.03763 0.325447
8.96445 9.27078 0.30291
9.49977 9.22413 0.325222
9.49977 9.22413 0.325222
9.49977 9.22413 0.325222
9.49977 9.22413 0.325222
9.49977 9.22413 0.325222
9.45283 9.22993 0.338642
9.45283 9.22993 0.338642
9.45283 9.22993 0.338642
9.45283 9.22993 0.338642
9.45283 9.22993 0.338642
9.03669 9.68205 0.32364
9.03669 9.68205 0.32364
9.03669 9.68205 0.32364
9.03669 9.68205 0.32364
9.78194 9.03024 0.315943
9.36789 9.05302 0.315061
9.55507 9.6036 0.292664
9.55507 9.6036 0.292664
9.55507 9.6036 0.292664
9.73557 9.83603 0.330285
9.73557 9.83603 0.330285
9.73557 9.83603 0.330285
9.73557 9.83603 0.330285
9.73557 9.83603 0.330285
9.73557 9.83603 0.330285
9.20265 9.81235 0.302956
9.20265 9.81235 0.302956
9.20265 9.81235 0.302956
9.20265 9.81235 0.302956
9.37545 9.44548 0.314343
9.37545 9.44548 0.314343
9.37545 9.44548 0.314343
9.37545 9.44548 0.314343
9.37545 9.44548 0.314343
9.31624 9.66764 0.32996
9.31624 9.66764 0.32996
9.31624 9.66764 0.32996
9.77989 9.54587 0.334127
9.77989 9.54587 0.334127
9.57128 9.83105 0.325533
9.92317 9.40881 0.32494
9.92317 9.40881 0.32494
9.92317 9.40881 0.32494
9.92317 9.40881 0.32494
9.92317 9.40881 0.32494
9.92317 9.40881 0.32494
9.37818 10.0417 0.314059
9.62618 9.7499 0.310076
9.382 9.56863 0.325928
9.382 9.56863 0.325928
9.382 9.56863 0.325928
9.382 9.56863 0.325928
9.382 9.56863 0.325928
9.382 9.56863 0.325928
9.77331 9.47124 0.304546
9.77331 9.47124 0.304546
9.60288 9.42545 0.277134
9.60288 9.42545 0.277134
9.52852 9.54918 0.314736
9.52852 9.54918 0.314736
9.52852 9.54918 0.314736
9.31014 9.20676 0.320794
9.31014 9.20676 0.320794
9.31014 9.20676 0.320794
9.31014 9.20676 0.320794
9.61623 9.269 0.315864
9.61623 9.269 0.315864
9.61623 9.269 0.315864
10.385 9.31222 0.318939
9.52954 9.89003 0.319627
9.52954 9.89003 0.319627
9.52954 9.89003 0.319627
9.52954 9.89003 0.319627
9.68804 9.87517 0.320136
9.68804 9.87517 0.320136
9.68804 9.87517 0.320136
9.68804 9.87517 0.320136
9.78193 9.69693 0.325215
9.78193 9.69693 0.325215
9.78193 9.69693 0.325215
9.78193 9.69693 0.325215
9.78193 9.69693 0.325215
9.78193 9.69693 0.325215
9.44921 9.52489 0.328551
9.44921 9.52489 0.328551
8.97999 9.69566 0.324185
8.97999 9.69566 0.324185
9.55208 9.48966 0.327927
9.55208 9.48966 0.327927
9.74217 9.36524 0.32083
10.1597 10.0825 0.325076
10.1597 10.0825 0.325076
9.10548 10.0916 0.30855
9.10548 10.0916 0.30855
9.10548 10.0916 0.30855
9.10548 10.0916 0.30855
9.10548 10.0916 0.30855
9.10548 10.0916 0.30855
10.0024 9.80058 0.318355
10.0024 9.80058 0.318355
10.0024 9.80058 0.318355
9.71942 9.48522 0.317716
9.71942 9.48522 0.317716
9.35154 9.47167 0.325683
9.35154 9.47167 0.325683
9.35154 9.47167 0.325683
9.35154 9.47167 0.325683
9.35154 9.47167 0.325683
9.35772 9.62729 0.31942
9.35772 9.62729 0.31942
9.35772 9.62729 0.31942
9.35772 9.62729 0.31942
9.35772 9.62729 0.31942
9.35772 9.62729 0.31942
9.35772 9.62729 0.31942
9.35772 9.62729 0.31942
9.66227 9.08846 0.329973
9.66227 9.08846 0.329973
9.66227 9.08846 0.329973
9.66227 9.08846 0.329973
9.66227 9.08846 0.329973
9.66227 9.08846 0.329973
9.66227 9.08846 0.329973
9.66227 9.08846 0.329973
9.66227 9.08846 0.329973
9.66227 9.08846 0.329973
9.66227 9.08846 0.329973
9.6911 9.63217 0.326297
9.6911 9.63217 0.326297
9.6911 9.63217 0.326297
9.6911 9.63217 0.326297
9.6911 9.63217 0.326297
9.6911 9.63217 0.326297
9.6911 9.63217 0.326297
9.6911 9.63217 0.326297
9.6911 9.63217 0.326297
9.6911 9.63217 0.326297
9.6911 9.63217 0.326297
9.6911 9.63217 0.326297
9.6911 9.63217 0.326297
9.6911 9.63217 0.326297
9.6911 9.63217 0.326297
9.6911 9.63217 0.326297
9.80174 9.28169 0.321733
9.90484 9.53512 0.313673
8.96159 9.27278 0.316084
8.96159 9.27278 0.316084
9.91871 9.51941 0.330093
9.91871 9.51941 0.330093
9.91871 9.51941 0.330093
9.91871 9.51941 0.330093
9.24283 10.047 0.310769
9.56675 9.17252 0.313531
9.83514 9.35993 0.325004
9.4754 9.56526 0.287303
9.4754 9.56526 0.287303
9.4754 9.56526 0.287303
9.4754 9.56526 0.287303
9.4754 9.56526 0.287303
9.4754 9.56526 0.287303
9.4754 9.56526 0.287303
9.48591 9.31052 0.324969
9.30025 9.476 0.319338
9.30025 9.476 0.319338
9.80547 9.13177 0.332261
9.80547 9.13177 0.332261
9.80547 9.13177 0.332261
9.37606 9.47262 0.328433
9.37606 9.47262 0.328433
9.37606 9.47262 0.328433
9.37606 9.47262 0.328433
9.37606 9.47262 0.328433
9.37606 9.47262 0.328433
9.68159 9.56389 0.319698
9.68159 9.56389 0.319698
9.68159 9.56389 0.319698
9.68159 9.56389 0.319698
9.68159 9.56389 0.319698
9.68159 9.56389 0.319698
9.68159 9.56389 0.319698
9.68159 9.56389 0.319698
9.68159 9.56389 0.319698
9.68159 9.56389 0.319698
9.68159 9.56389 0.319698
9.68159 9.56389 0.319698
9.68159 9.56389 0.319698
9.68159 9.56389 0.319698
9.32062 10.0353 0.335538
9.32062 10.0353 0.335538
9.32062 10.0353 0.335538
9.32062 10.0353 0.335538
9.32062 10.0353 0.335538
9.32062 10.0353 0.335538
9.32062 10.0353 0.335538
9.32062 10.0353 0.335538
9.32062 10.0353 0.335538
9.85933 10.0577 0.346209
9.85933 10.0577 0.346209
9.70657 9.50923 0.338702
9.70657 9.50923 0.338702
9.32229 9.81932 0.296596
9.32229 9.81932 0.296596
9.32229 9.81932 0.296596
9.32229 9.81932 0.296596
9.32229 9.81932 0.296596
9.32229 9.81932 0.296596
9.32229 9.81932 0.296596
9.32229 9.81932 0.296596
9.32229 9.81932 0.296596
9.32229 9.81932 0.296596
9.30497 8.70643 0.330117
9.30497 8.70643 0.330117
9.30497 8.70643 0.330117
9.83048 9.13473 0.303809
9.83048 9.13473 0.303809
9.83048 9.13473 0.303809
9.22488 9.90059 0.30482
9.75137 9.66024 0.313015
9.75137 9.66024 0.313015
9.75137 9.66024 0.313015
9.58413 9.49884 0.322778
9.58413 9.49884 0.322778
9.50138 9.64883 0.301586
9.50138 9.64883 0.301586
9.50138 9.64883 0.301586
9.50138 9.64883 0.301586
9.50138 9.64883 0.301586
9.50138 9.64883 0.301586
9.50138 9.64883 0.301586
9.50138 9.64883 0.301586
9.50138 9.64883 0.301586
9.50138 9.64883 0.301586
9.39167 9.65199 0.319495
9.39167 9.65199 0.319495
9.39167 9.65199 0.319495
9.39167 9.65199 0.319495
9.39167 9.65199 0.319495
9.39167 9.65199 0.319495
9.39167 9.65199 0.319495
9.29714 10.2104 0.326293
9.29714 10.2104 0.326293
9.29714 10.2104 0.326293
9.61802 9.3894 0.308617
9.61802 9.3894 0.308617
9.61802 9.3894 0.308617
9.61802 9.3894 0.308617
9.38299 9.53942 0.314908
9.38299 9.53942 0.314908
9.38299 9.53942 0.314908
9.61826 9.34984 0.291192
9.61826 9.34984 0.291192
9.61826 9.34984 0.291192
9.61826 9.34984 0.291192
9.61826 9.34984 0.291192
9.61826 9.34984 0.291192
9.61826 9.34984 0.291192
9.51356 9.35676 0.314718
9.51356 9.35676 0.314718
9.51356 9.35676 0.314718
9.51356 9.35676 0.314718
9.51356 9.35676 0.314718
9.51356 9.35676 0.314718
9.48229 9.13814 0.30211
9.71044 9.54771 0.318805
9.71044 9.54771 0.318805
9.71044 9.54771 0.318805
9.71044 9.54771 0.318805
9.59612 9.63711 0.31326
9.54691 9.56257 0.306047
9.54691 9.56257 0.306047
9.54691 9.56257 0.306047
9.45546 9.13225 0.306563
9.45546 9.13225 0.306563
9.69259 8.65542 0.321821
9.69259 8.65542 0.321821
9.32688 9.3571 0.318424
9.32688 9.3571 0.318424
10.1399 9.47682 0.314174
10.1399 9.47682 0.314174
10.1399 9.47682 0.314174
10.1399 9.47682 0.314174
9.92543 8.96592 0.316153
9.92543 8.96592 0.316153
9.3992 9.18717 0.321182
9.3992 9.18717 0.321182
9.3992 9.18717 0.321182
9.50988 9.55982 0.315845
9.50988 9.55982 0.315845
9.73715 9.29783 0.317541
9.73715 9.29783 0.317541
9.73715 9.29783 0.317541
9.73715 9.29783 0.317541
9.27359 9.85362 0.311269
9.27359 9.85362 0.311269
9.27359 9.85362 0.311269
9.27359 9.85362 0.311269
9.27359 9.85362 0.311269
9.19955 8.98902 0.315476
9.19955 8.98902 0.315476
9.19955 8.98902 0.315476
9.19955 8.98902 0.315476
9.19955 8.98902 0.315476
9.19955 8.98902 0.315476
9.19955 8.98902 0.315476
9.19955 8.98902 0.315476
9.19955 8.98902 0.315476
9.19955 8.98902 0.315476
9.19955 8.98902 0.315476
9.19955 8.98902 0.315476
9.19955 8.98902 0.315476
9.19284 9.86466 0.335559
9.19284 9.86466 0.335559
9.19284 9.86466 0.335559
9.19284 9.86466 0.335559
9.19284 9.86466 0.335559
9.19284 9.86466 0.335559
9.19284 9.86466 0.335559
9.19284 9.86466 0.335559
9.51612 9.72947 0.323202
9.51612 9.72947 0.323202
9.51612 9.72947 0.323202
9.78699 9.94074 0.300861
9.78699 9.94074 0.300861
9.78699 9.94074 0.300861
9.78699 9.94074 0.300861
9.78699 9.94074 0.300861
9.78699 9.94074 0.300861
9.78699 9.94074 0.300861
9.7862 9.9758 0.295189
9.94365 9.61054 0.317561
9.94365 9.61054 0.317561
9.22917 10.1122 0.313698
9.22917 10.1122 0.313698
9.22917 10.1122 0.313698
9.22917 10.1122 0.313698
9.22917 10.1122 0.313698
9.22917 10.1122 0.313698
9.40969 9.66575 0.302031
9.40969 9.66575 0.302031
9.62262 9.25314 0.322011
9.00739 9.3176 0.307771
9.00739 9.3176 0.307771
9.00739 9.3176 0.307771
8.88365 9.21465 0.302827
8.88365 9.21465 0.302827
9.43674 9.77114 0.330513
9.43674 9.77114 0.330513
9.43674 9.77114 0.330513
9.49726 9.41833 0.317817
9.49726 9.41833 0.317817
9.49726 9.41833 0.317817
9.68345 9.38177 0.317302
9.02472 9.5316 0.316063
9.02472 9.5316 0.316063
9.02472 9.5316 0.316063
9.02472 9.5316 0.316063
9.02472 9.5316 0.316063
9.58002 9.42695 0.311166
9.58002 9.42695 0.311166
9.64821 9.50554 0.319512
9.82963 9.55501 0.311697
9.64516 9.52951 0.306568
9.64516 9.52951 0.306568
9.64516 9.52951 0.306568
9.64516 9.52951 0.306568
10.1057 9.60818 0.312246
10.1057 9.60818 0.312246
10.1057 9.60818 0.312246
9.46745 9.28104 0.30942
9.46745 9.28104 0.30942
9.46745 9.28104 0.30942
9.57201 9.7003 0.328813
9.30252 9.76714 0.332875
9.30252 9.76714 0.332875
9.30252 9.76714 0.332875
9.30252 9.76714 0.332875
9.64488 9.87948 0.298677
9.64488 9.87948 0.298677
9.64488 9.87948 0.298677
9.64488 9.87948 0.298677
9.64488 9.87948 0.298677
9.64488 9.87948 0.298677
9.95949 9.57694 0.312545
9.95949 9.57694 0.312545
9.95949 9.57694 0.312545
9.33317 9.63485 0.330516
9.33317 9.63485 0.330516
9.33317 9.63485 0.330516
9.33317 9.63485 0.330516
9.63958 9.88069 0.301629
10.1105 9.52619 0.315009
9.55348 9.7216 0.313696
9.55348 9.7216 0.313696
9.55348 9.7216 0.313696
9.90098 9.872 0.310445
9.90098 9.872 0.310445
9.90098 9.872 0.310445
9.90098 9.872 0.310445
9.90098 9.872 0.310445
9.90098 9.872 0.310445
9.90098 9.872 0.310445
8.91239 9.49748 0.320583
8.91239 9.49748 0.320583
10.1232 9.14302 0.338675
9.63697 9.39741 0.32424
9.63697 9.39741 0.32424
8.91125 9.49167 0.321356
8.91125 9.49167 0.321356
8.91125 9.49167 0.321356
8.91125 9.49167 0.321356
9.59349 9.39457 0.339155
9.59349 9.39457 0.339155
9.59349 9.39457 0.339155
9.59349 9.39457 0.339155
9.59349 9.39457 0.339155
8.91447 9.67981 0.338309
8.91447 9.67981 0.338309
8.91447 9.67981 0.338309
8.91447 9.67981 0.338309
8.91447 9.67981 0.338309
8.91447 9.67981 0.338309
8.91447 9.67981 0.338309
8.91447 9.67981 0.338309
8.91447 9.67981 0.338309
9.38097 9.11804 0.310128
9.38097 9.11804 0.310128
9.38097 9.11804 0.310128
9.38097 9.11804 0.310128
9.73004 8.96528 0.30763
9.73004 8.96528 0.30763
9.73004 8.96528 0.30763
9.73004 8.96528 0.30763
9.73004 8.96528 0.30763
9.73004 8.96528 0.30763
7.67973 7.6789 0.342639
7.75672 7.97408 0.31295
7.75672 7.97408 0.31295
7.75672 7.97408 0.31295
7.75672 7.97408 0.31295
7.75672 7.97408 0.31295
7.75672 7.97408 0.31295
7.75672 7.97408 0.31295
7.75672 7.97408 0.31295
7.75672 7.97408 0.31295
7.75672 7.97408 0.31295
7.75672 7.97408 0.31295
7.75672 7.97408 0.31295
7.75672 7.97408 0.31295
7.75672 7.97408 0.31295
7.75672 7.97408 0.31295
7.75672 7.97408 0.31295
7.32529 7.54062 0.329865
7.32529 7.54062 0.329865
7.34442 7.75046 0.335935
7.92927 8.23992 0.331755
7.92927 8.23992 0.331755
7.83362 8.15945 0.314951
7.74176 7.23585 0.326712
7.74176 7.23585 0.326712
7.74176 7.23585 0.326712
7.96283 7.54113 0.330788
7.96283 7.54113 0.330788
7.96283 7.54113 0.330788
7.96283 7.54113 0.330788
7.96283 7.54113 0.330788
7.45766 8.02825 0.319193
7.45766 8.02825 0.319193
7.45766 8.02825 0.319193
7.69502 7.58867 0.326318
7.69502 7.58867 0.326318
7.74876 7.01619 0.328274
7.74876 7.01619 0.328274
7.74876 7.01619 0.328274
7.74876 7.01619 0.328274
7.34357 7.48637 0.343469
7.34357 7.48637 0.343469
7.34357 7.48637 0.343469
7.34357 7.48637 0.343469
7.34357 7.48637 0.343469
7.81802 7.50844 0.337291
7.81802 7.50844 0.337291
7.81802 7.50844 0.337291
7.81802 7.50844 0.337291
7.81802 7.50844 0.337291
7.81802 7.50844 0.337291
7.81802 7.50844 0.337291
7.81802 7.50844 0.337291
7.81802 7.50844 0.337291
7.81802 7.50844 0.337291
7.60624 7.42008 0.332197
7.60624 7.42008 0.332197
7.60624 7.42008 0.332197
7.48368 7.81336 0.326062
7.48368 7.81336 0.326062
7.48368 7.81336 0.326062
7.48368 7.81336 0.326062
7.48368 7.81336 0.326062
7.44527 8.43534 0.337363
7.44527 8.43534 0.337363
7.44527 8.43534 0.337363
7.44527 8.43534 0.337363
7.44527 8.43534 0.337363
7.44527 8.43534 0.337363
7.44527 8.43534 0.337363
7.44527 8.43534 0.337363
7.83657 7.63049 0.317214
7.83657 7.63049 0.317214
7.83491 7.71288 0.320863
8.07709 6.80596 0.320678
8.07709 6.80596 0.320678
8.07709 6.80596 0.320678
7.9369 7.58528 0.335133
7.66931 8.44195 0.343444
7.66931 8.44195 0.343444
7.66931 8.44195 0.343444
7.84993 7.83601 0.319358
7.84993 7.83601 0.319358
7.84993 7.83601 0.319358
7.84993 7.83601 0.319358
7.84993 7.83601 0.319358
7.84993 7.83601 0.319358
7.84993 7.83601 0.319358
7.84993 7.83601 0.319358
7.84993 7.83601 0.319358
7.84993 7.83601 0.319358
7.84993 7.83601 0.319358
7.84993 7.83601 0.319358
7.84993 7.83601 0.319358
7.84993 7.83601 0.319358
7.84993 7.83601 0.319358
7.84993 7.83601 0.319358
7.72478 7.99544 0.326642
7.72478 7.99544 0.326642
7.72478 7.99544 0.326642
7.72478 7.99544 0.326642
7.70827 7.93261 0.325537
7.87163 7.65091 0.315381
7.87163 7.65091 0.315381
7.87163 7.65091 0.315381
7.87163 7.65091 0.315381
7.69371 7.61179 0.338601
7.69371 7.61179 0.338601
7.69371 7.61179 0.338601
7.69371 7.61179 0.338601
7.69371 7.61179 0.338601
7.95695 7.42004 0.338224
7.95695 7.42004 0.338224
7.98528 7.60213 0.326457
7.98528 7.60213 0.326457
7.98528 7.60213 0.326457
7.98528 7.60213 0.326457
7.98528 7.60213 0.326457
7.98528 7.60213 0.326457
8.28548 7.66293 0.325315
8.28548 7.66293 0.325315
8.28548 7.66293 0.325315
8.28548 7.66293 0.325315
8.28548 7.66293 0.325315
8.28548 7.66293 0.325315
8.28548 7.66293 0.325315
7.15243 7.23389 0.334758
7.15243 7.23389 0.334758
8.08293 7.52504 0.316516
8.08293 7.52504 0.316516
8.08293 7.52504 0.316516
8.08293 7.52504 0.316516
8.08293 7.52504 0.316516
8.08293 7.52504 0.316516
7.41066 8.26277 0.330537
7.41066 8.26277 0.330537
7.41066 8.26277 0.330537
7.41066 8.26277 0.330537
7.41066 8.26277 0.330537
7.41066 8.26277 0.330537
6.7661 7.63664 0.311358
6.7661 7.63664 0.311358
6.7661 7.63664 0.311358
6.7661 7.63664 0.311358
6.7661 7.63664 0.311358
6.7661 7.63664 0.311358
8.1752 7.68796 0.319866
7.29855 7.63115 0.309275
8.80221 8.57391 0.30338
8.80221 8.57391 0.30338
8.07498 8.64168 0.327545
8.07498 8.64168 0.327545
8.07498 8.64168 0.327545
8.52262 8.72641 0.316379
8.7423 8.55387 0.32167
8.43463 8.59122 0.30461
8.43463 8.59122 0.30461
8.43463 8.59122 0.30461
8.43463 8.59122 0.30461
8.43463 8.59122 0.30461
8.43463 8.59122 0.30461
8.20276 8.74396 0.316758
8.20276 8.74396 0.316758
8.89719 8.7712 0.324719
8.89719 8.7712 0.324719
8.8817 8.31357 0.325178
8.8817 8.31357 0.325178
8.8817 8.31357 0.325178
8.8817 8.31357 0.325178
8.71144 8.755 0.326749
8.71144 8.755 0.326749
8.65891 8.62244 0.328763
8.65891 8.62244 0.328763
8.03433 8.7756 0.321527
8.03433 8.7756 0.321527
8.42729 8.86546 0.325967
8.42729 8.86546 0.325967
8.76307 8.7097 0.311834
8.76307 8.7097 0.311834
8.76307 8.7097 0.311834
8.76307 8.7097 0.311834
8.76307 8.7097 0.311834
8.44788 8.29566 0.293986
8.44788 8.29566 0.293986
8.49096 8.58301 0.33698
8.49096 8.58301 0.33698
8.49096 8.58301 0.33698
8.49096 8.58301 0.33698
8.85913 8.13214 0.329426
8.85913 8.13214 0.329426
8.85913 8.13214 0.329426
8.87009 9.20605 0.314385
9.19083 8.26245 0.319188
9.19083 8.26245 0.319188
9.19083 8.26245 0.319188
9.19083 8.26245 0.319188
9.19083 8.26245 0.319188
9.19083 8.26245 0.319188
9.19083 8.26245 0.319188
9.19083 8.26245 0.319188
9.19083 8.26245 0.319188
9.19083 8.26245 0.319188
9.19083 8.26245 0.319188
9.01602 8.83433 0.322638
9.01602 8.83433 0.322638
9.01602 8.83433 0.322638
9.01602 8.83433 0.322638
9.01602 8.83433 0.322638
8.77528 8.78524 0.31224
8.77528 8.78524 0.31224
8.77528 8.78524 0.31224
8.77528 8.78524 0.31224
8.77528 8.78524 0.31224
8.77528 8.78524 0.31224
8.77528 8.78524 0.31224
8.77528 8.78524 0.31224
8.55572 9.14196 0.327777
8.55572 9.14196 0.327777
8.89757 8.44278 0.306977
8.89757 8.44278 0.306977
8.89757 8.44278 0.306977
8.89757 8.44278 0.306977
8.89757 8.44278 0.306977
8.89757 8.44278 0.306977
8.89757 8.44278 0.306977
8.89757 8.44278 0.306977
8.89757 8.44278 0.306977
8.65431 8.26898 0.318525
8.65431 8.26898 0.318525
8.94472 8.48255 0.333069
8.57663 8.90369 0.319233
8.57663 8.90369 0.319233
8.57663 8.90369 0.319233
8.31309 8.74648 0.33953
8.31309 8.74648 0.33953
8.31309 8.74648 0.33953
8.31309 8.74648 0.33953
8.31309 8.74648 0.33953
8.31309 8.74648 0.33953
8.54808 8.51701 0.331048
8.54808 8.51701 0.331048
8.54808 8.51701 0.331048
8.54808 8.51701 0.331048
8.54808 8.51701 0.331048
8.54808 8.51701 0.331048
8.54808 8.51701 0.331048
8.67648 8.69518 0.31397
8.67648 8.69518 0.31397
8.67648 8.69518 0.31397
8.82443 8.84831 0.331856
8.82443 8.84831 0.331856
8.6044 8.54602 0.318086
8.6044 8.54602 0.318086
8.6044 8.54602 0.318086
8.9634 8.93277 0.320123
8.9634 8.93277 0.320123
8.45806 8.58283 0.325471
8.45806 8.58283 0.325471
8.45806 8.58283 0.325471
8.45806 8.58283 0.325471
9.10748 8.50286 0.325411
9.10748 8.50286 0.325411
9.10748 8.50286 0.325411
9.10748 8.50286 0.325411
9.10748 8.50286 0.325411
8.60061 8.72869 0.326737
8.60061 8.72869 0.326737
8.53591 8.83017 0.333321
8.53591 8.83017 0.333321
8.53591 8.83017 0.333321
8.73035 9.47349 0.337241
8.73035 9.47349 0.337241
8.73035 9.47349 0.337241
8.73035 9.47349 0.337241
8.892 8.43491 0.32885
8.892 8.43491 0.32885
8.892 8.43491 0.32885
8.892 8.43491 0.32885
8.892 8.43491 0.32885
8.892 8.43491 0.32885
8.892 8.43491 0.32885
8.3722 8.19049 0.311381
8.3722 8.19049 0.311381
9.05247 8.71064 0.316289
9.05247 8.71064 0.316289
9.05247 8.71064 0.316289
9.05247 8.71064 0.316289
8.37049 8.82286 0.309478
8.37049 8.82286 0.309478
8.37049 8.82286 0.309478
8.37049 8.82286 0.309478
9.02232 8.48222 0.306546
9.02232 8.48222 0.306546
9.02232 8.48222 0.306546
9.02232 8.48222 0.306546
9.02232 8.48222 0.306546
9.01399 8.69542 0.333411
9.01399 8.69542 0.333411
8.45531 8.53072 0.322647
8.84445 8.85394 0.317961
8.72264 8.51726 0.315405
9.03969 8.68708 0.293549
9.03969 8.68708 0.293549
9.03969 8.68708 0.293549
9.03969 8.68708 0.293549
9.03969 8.68708 0.293549
9.03969 8.68708 0.293549
8.79578 8.51507 0.304181
8.79578 8.51507 0.304181
8.79578 8.51507 0.304181
8.79578 8.51507 0.304181
8.54447 8.95932 0.31719
8.54447 8.95932 0.31719
8.54447 8.95932 0.31719
8.71231 8.97391 0.309986
8.71231 8.97391 0.309986
8.76168 8.63802 0.331153
8.76168 8.63802 0.331153
8.76168 8.63802 0.331153
8.76168 8.63802 0.331153
8.76168 8.63802 0.331153
8.76168 8.63802 0.331153
8.76168 8.63802 0.331153
8.76168 8.63802 0.331153
8.76168 8.63802 0.331153
8.76168 8.63802 0.331153
8.76168 8.63802 0.331153
8.96048 9.24082 0.319027
8.96048 9.24082 0.319027
8.96048 9.24082 0.319027
8.96048 9.24082 0.319027
8.96048 9.24082 0.319027
8.96048 9.24082 0.319027
8.76875 8.57181 0.303609
8.76875 8.57181 0.303609
8.76875 8.57181 0.303609
8.76875 8.57181 0.303609
9.22276 8.63945 0.32364
9.22276 8.63945 0.32364
9.22276 8.63945 0.32364
9.22276 8.63945 0.32364
8.73402 7.92166 0.339138
8.73402 7.92166 0.339138
8.73402 7.92166 0.339138
8.22151 8.61096 0.321612
8.22151 8.61096 0.321612
8.22151 8.61096 0.321612
8.22151 8.61096 0.321612
8.22151 8.61096 0.321612
8.22151 8.61096 0.321612
8.53076 9.25178 0.325919
8.53076 9.25178 0.325919
8.53076 9.25178 0.325919
8.75804 8.62468 0.320099
8.75804 8.62468 0.320099
8.49106 8.89827 0.311929
8.49106 8.89827 0.311929
8.49106 8.89827 0.311929
8.49106 8.89827 0.311929
8.49106 8.89827 0.311929
8.49106 8.89827 0.311929
8.49106 8.89827 0.311929
8.49106 8.89827 0.311929
8.49106 8.89827 0.311929
8.49106 8.89827 0.311929
8.49106 8.89827 0.311929
8.49106 8.89827 0.311929
8.49106 8.89827 0.311929
8.33106 9.50388 0.322214
8.33106 9.50388 0.322214
8.33106 9.50388 0.322214
8.45262 8.80003 0.316772
8.45262 8.80003 0.316772
8.45262 8.80003 0.316772
8.45262 8.80003 0.316772
8.45262 8.80003 0.316772
8.81051 8.50091 0.325522
8.81051 8.50091 0.325522
8.81051 8.50091 0.325522
8.51033 8.62004 0.307507
8.51033 8.62004 0.307507
8.51033 8.62004 0.307507
8.51033 8.62004 0.307507
8.51033 8.62004 0.307507
9.2094 8.12088 0.323331
9.2094 8.12088 0.323331
9.2094 8.12088 0.323331
8.99177 8.60039 0.3139
8.99177 8.60039 0.3139
8.99177 8.60039 0.3139
8.99177 8.60039 0.3139
8.99177 8.60039 0.3139
8.52744 8.3709 0.332401
8.52744 8.3709 0.332401
8.35357 8.04506 0.314757
8.35357 8.04506 0.314757
8.35357 8.04506 0.314757
8.35357 8.04506 0.314757
8.35357 8.04506 0.314757
8.35357 8.04506 0.314757
8.35357 8.04506 0.314757
8.03479 8.82793 0.315274
8.24203 8.51693 0.33774
8.24203 8.51693 0.33774
8.24203 8.51693 0.33774
8.81506 8.76129 0.310956
8.84461 8.82357 0.320621
8.84461 8.82357 0.320621
8.84461 8.82357 0.320621
8.52034 8.13614 0.314345
8.26136 8.92339 0.333447
8.26136 8.92339 0.333447
8.26136 8.92339 0.333447
8.26136 8.92339 0.333447
8.26136 8.92339 0.333447
8.26136 8.92339 0.333447
8.26136 8.92339 0.333447
8.26136 8.92339 0.333447
8.36594 8.7203 0.310017
8.46247 8.91429 0.328125
8.46247 8.91429 0.328125
8.46247 8.91429 0.328125
8.46247 8.91429 0.328125
8.45852 8.71718 0.332677
8.45852 8.71718 0.332677
8.45852 8.71718 0.332677
8.45852 8.71718 0.332677
8.45852 8.71718 0.332677
8.52878 8.34903 0.32262
8.52878 8.34903 0.32262
8.52878 8.34903 0.32262
8.52878 8.34903 0.32262
9.05049 8.50931 0.330747
9.05049 8.50931 0.330747
9.05049 8.50931 0.330747
9.05049 8.50931 0.330747
8.67743 8.52666 0.327104
8.67743 8.52666 0.327104
8.67743 8.52666 0.327104
8.67743 8.52666 0.327104
8.67743 8.52666 0.327104
8.67743 8.52666 0.327104
8.67743 8.52666 0.327104
8.67743 8.52666 0.327104
8.67743 8.52666 0.327104
8.63369 8.30313 0.31664
8.63369 8.30313 0.31664
8.63369 8.30313 0.31664
8.63369 8.30313 0.31664
8.63369 8.30313 0.31664
8.63369 8.30313 0.31664
9.29637 8.57114 0.302226
9.29637 8.57114 0.302226
9.29637 8.57114 0.302226
9.29637 8.57114 0.302226
9.29637 8.57114 0.302226
8.79332 8.72177 0.296925
8.79332 8.72177 0.296925
8.79332 8.72177 0.296925
8.79332 8.72177 0.296925
8.79332 8.72177 0.296925
8.8228 8.45129 0.30323
8.8228 8.45129 0.30323
8.8228 8.45129 0.30323
8.8228 8.45129 0.30323
8.8228 8.45129 0.30323
8.51408 8.56644 0.319024
8.51408 8.56644 0.319024
8.51408 8.56644 0.319024
8.51408 8.56644 0.319024
8.57996 8.46478 0.30196
8.57996 8.46478 0.30196
8.78877 9.3282 0.312679
8.78877 9.3282 0.312679
8.78877 9.3282 0.312679
8.78877 9.3282 0.312679
8.78877 9.3282 0.312679
8.78877 9.3282 0.312679
8.78877 9.3282 0.312679
8.78877 9.3282 0.312679
8.78877 9.3282 0.312679
9.18293 9.00847 0.315182
9.18293 9.00847 0.315182
9.18293 9.00847 0.315182
8.41516 8.61352 0.324905
8.77118 8.71898 0.31892
8.83209 8.40899 0.31675
8.83209 8.40899 0.31675
8.83209 8.40899 0.31675
7.98952 8.89306 0.311326
7.98952 8.89306 0.311326
7.98952 8.89306 0.311326
7.98952 8.89306 0.311326
8.73434 8.44052 0.323369
8.45075 8.82988 0.295556
8.45075 8.82988 0.295556
8.45075 8.82988 0.295556
8.59924 9.36753 0.339964
8.59924 9.36753 0.339964
8.59924 9.36753 0.339964
8.59924 9.36753 0.339964
8.59924 9.36753 0.339964
8.59924 9.36753 0.339964
8.30801 8.94048 0.323587
8.30801 8.94048 0.323587
8.30801 8.94048 0.323587
9.1245 8.39677 0.322716
8.6683 8.28759 0.336447
8.6683 8.28759 0.336447
8.06699 8.27866 0.311126
8.98076 8.90047 0.324067
8.98076 8.90047 0.324067
8.98076 8.90047 0.324067
8.98076 8.90047 0.324067
8.98076 8.90047 0.324067
9.08831 8.18497 0.332432
9.08831 8.18497 0.332432
9.08831 8.18497 0.332432
9.08831 8.18497 0.332432
9.08831 8.18497 0.332432
9.08831 8.18497 0.332432
9.08831 8.18497 0.332432
9.08831 8.18497 0.332432
9.08831 8.18497 0.332432
8.99219 8.16592 0.314603
8.99219 8.16592 0.314603
8.99219 8.16592 0.314603
8.99219 8.16592 0.314603
8.90493 8.6053 0.324107
8.90493 8.6053 0.324107
8.90493 8.6053 0.324107
8.90493 8.6053 0.324107
8.79371 8.61448 0.333042
8.29211 8.6761 0.308446
8.58923 8.54878 0.328478
8.58923 8.54878 0.328478
8.58792 9.08334 0.32654
8.59144 8.96913 0.324908
8.59144 8.96913 0.324908
8.59144 8.96913 0.324908
8.59144 8.96913 0.324908
8.59144 8.96913 0.324908
8.75136 8.81788 0.322846
8.75136 8.81788 0.322846
8.75136 8.81788 0.322846
8.46892 8.37344 0.324265
8.46892 8.37344 0.324265
8.24321 9.00257 0.32186
14.3389 14.0386 0.277805
14.3389 14.0386 0.277805
13.5842 14.0665 0.279566
13.8967 14.3769 0.28807
14.0816 14.3829 0.280934
13.9381 13.9793 0.279726
13.7294 13.9718 0.276227
14.4129 14.0952 0.280328
14.4129 14.0952 0.280328
14.4129 14.0952 0.280328
14.3276 13.5762 0.275745
14.3276 13.5762 0.275745
14.2992 13.4009 0.283483
14.13 13.8418 0.291462
14.4867 14.4802 0.288237
14.0529 13.9146 0.289439
14.0859 14.3572 0.288497
13.5683 13.59 0.282389
14.0705 14.1283 0.293045
13.9726 13.6108 0.282737
13.9315 14.7663 0.275152
13.9826 14.2167 0.290458
13.7396 14.0391 0.2944
13.4698 14.2309 0.279996
13.9116 13.6833 0.269662
14.0816 13.4713 0.272378
13.9612 13.7752 0.282617
14.0903 14.1391 0.287608
13.4962 13.98 0.26732
14.2574 14.185 0.306813
14.2164 13.5317 0.286148
13.6109 13.6463 0.290231
13.6109 13.6463 0.290231
14.0206 14.1065 0.275189
14.4257 13.8648 0.2774
13.568 13.626 0.281656
7.92972 8.18777 0.329915
7.92972 8.18777 0.329915
7.92972 8.18777 0.329915
7.92972 8.18777 0.329915
7.92972 8.18777 0.329915
7.92972 8.18777 0.329915
8.12713 8.13868 0.306115
7.59315 7.43695 0.314399
7.86203 7.29471 0.323281
7.86203 7.29471 0.323281
7.86203 7.29471 0.323281
7.86203 7.29471 0.323281
7.86203 7.29471 0.323281
7.86203 7.29471 0.323281
7.65857 7.67791 0.326123
7.65857 7.67791 0.326123
10.4301 10.5285 0.281296
10.4301 10.5285 0.281296
10.4301 10.5285 0.281296
10.4301 10.5285 0.281296
10.6849 10.9766 0.30001
10.6849 10.9766 0.30001
10.6849 10.9766 0.30001
10.6849 10.9766 0.30001
10.4662 11.4956 0.310735
10.4662 11.4956 0.310735
10.4662 11.4956 0.310735
10.4662 11.4956 0.310735
10.4662 11.4956 0.310735
10.4662 11.4956 0.310735
10.4662 11.4956 0.310735
10.4662 11.4956 0.310735
10.4662 11.4956 0.310735
10.9037 9.93094 0.291679
10.5639 10.2626 0.312851
10.5639 10.2626 0.312851
10.5639 10.2626 0.312851
10.281 10.6186 0.303276
10.281 10.6186 0.303276
10.0589 10.1814 0.30508
10.0589 10.1814 0.30508
10.3373 10.6016 0.309949
10.3373 10.6016 0.309949
9.90107 10.8659 0.307744
11.012 10.4946 0.314211
11.012 10.4946 0.314211
11.012 10.4946 0.314211
11.012 10.4946 0.314211
11.012 10.4946 0.314211
11.012 10.4946 0.314211
11.012 10.4946 0.314211
11.012 10.4946 0.314211
11.012 10.4946 0.314211
10.8279 10.3122 0.29672
10.8279 10.3122 0.29672
10.8279 10.3122 0.29672
10.8279 10.3122 0.29672
10.8279 10.3122 0.29672
10.4309 10.4105 0.313918
10.1295 10.6788 0.29678
10.1295 10.6788 0.29678
10.1295 10.6788 0.29678
10.1295 10.6788 0.29678
10.9223 10.6502 0.314124
13.1344 12.3645 0.316986
13.1344 12.3645 0.316986
12.5805 12.3182 0.296284
12.8384 12.6762 0.302164
12.8384 12.6762 0.302164
12.362 12.6892 0.297312
12.362 12.6892 0.297312
12.0013 12.0835 0.289271
12.0013 12.0835 0.289271
6.55192 6.86243 0.282482
6.55192 6.86243 0.282482
6.55192 6.86243 0.282482
6.55192 6.86243 0.282482
6.55192 6.86243 0.282482
6.55192 6.86243 0.282482
7.1367 6.56581 0.310518
6.73684 6.91389 0.3039
6.73684 6.91389 0.3039
6.73684 6.91389 0.3039
6.73684 6.91389 0.3039
6.73684 6.91389 0.3039
6.78422 6.22107 0.309291
6.78422 6.22107 0.309291
6.78422 6.22107 0.309291
6.78422 6.22107 0.309291
6.78649 7.04498 0.308897
7.27919 6.45089 0.300834
7.27919 6.45089 0.300834
7.27919 6.45089 0.300834
7.27919 6.45089 0.300834
7.27919 6.45089 0.300834
7.27919 6.45089 0.300834
7.27919 6.45089 0.300834
7.27919 6.45089 0.300834
7.27919 6.45089 0.300834
7.27919 6.45089 0.300834
7.27919 6.45089 0.300834
6.64997 6.79671 0.297323
6.64997 6.79671 0.297323
6.64997 6.79671 0.297323
6.46444 7.08859 0.310127
6.46444 7.08859 0.310127
6.46444 7.08859 0.310127
6.45396 7.14931 0.296997
6.45396 7.14931 0.296997
6.45396 7.14931 0.296997
6.45396 7.14931 0.296997
6.45396 7.14931 0.296997
6.45396 7.14931 0.296997
6.45396 7.14931 0.296997
6.45396 7.14931 0.296997
6.45396 7.14931 0.296997
6.45396 7.14931 0.296997
6.45396 7.14931 0.296997
6.45396 7.14931 0.296997
6.45396 7.14931 0.296997
6.45396 7.14931 0.296997
6.45396 7.14931 0.296997
6.76263 6.51167 0.291022
7.02575 6.84538 0.291724
7.02575 6.84538 0.291724
7.02575 6.84538 0.291724
7.02575 6.84538 0.291724
6.36034 6.56235 0.31392
6.82638 6.48565 0.291357
6.82638 6.48565 0.291357
6.82638 6.48565 0.291357
6.82638 6.48565 0.291357
6.82638 6.48565 0.291357
6.82638 6.48565 0.291357
6.82638 6.48565 0.291357
6.82638 6.48565 0.291357
6.82638 6.48565 0.291357
6.82638 6.48565 0.291357
6.82638 6.48565 0.291357
6.82638 6.48565 0.291357
6.82638 6.48565 0.291357
6.82638 6.48565 0.291357
6.36209 6.79032 -0.00729213
6.36209 6.79032 -0.00729213
6.36209 6.79032 -0.00729213
6.36209 6.79032 -0.00729213
6.36209 6.79032 -0.00729213
6.36209 6.79032 -0.00729213
6.20989 6.32536 0.00849406
6.20989 6.32536 0.00849406
6.20989 6.32536 0.00849406
6.20989 6.32536 0.00849406
6.20989 6.32536 0.00849406
6.44737 5.73607 0.00679362
6.44737 5.73607 0.00679362
6.44737 5.73607 0.00679362
6.44737 5.73607 0.00679362
8.0114 7.82175 0.297711
7.57436 7.57148 0.328674
7.57436 7.57148 0.328674
7.57436 7.57148 0.328674
7.65224 7.3204 0.319981
7.65224 7.3204 0.319981
7.65224 7.3204 0.319981
10.0176 9.54484 0.296255
10.0176 9.54484 0.296255
10.0176 9.54484 0.296255
9.02395 9.28049 0.294529
9.02395 9.28049 0.294529
9.33906 9.90166 0.30732
9.33906 9.90166 0.30732
9.33906 9.90166 0.30732
9.33906 9.90166 0.30732
9.76691 9.09446 0.316226
9.76691 9.09446 0.316226
9.76691 9.09446 0.316226
9.76691 9.09446 0.316226
9.76691 9.09446 0.316226
9.2373 8.9314 0.31101
9.50311 9.32159 0.281569
9.32202 9.88778 0.291982
9.32202 9.88778 0.291982
9.74922 9.54468 0.295039
9.74922 9.54468 0.295039
9.26827 9.45757 0.309276
9.26827 9.45757 0.309276
9.26827 9.45757 0.309276
9.26827 9.45757 0.309276
9.26827 9.45757 0.309276
9.74221 9.56875 0.323412
9.74221 9.56875 0.323412
9.74221 9.56875 0.323412
9.74221 9.56875 0.323412
9.50711 9.14565 0.303258
9.97028 9.52603 0.300705
9.97028 9.52603 0.300705
10.0412 9.64283 0.311326
10.0412 9.64283 0.311326
10.0412 9.64283 0.311326
8.19645 7.7675 0.32124
7.74607 7.15344 0.319633
7.74607 7.15344 0.319633
7.74607 7.15344 0.319633
7.74607 7.15344 0.319633
7.74607 7.15344 0.319633
8.11695 8.03032 0.329945
8.11695 8.03032 0.329945
8.11695 8.03032 0.329945
8.11695 8.03032 0.329945
8.11695 8.03032 0.329945
8.11695 8.03032 0.329945
8.11695 8.03032 0.329945
8.11695 8.03032 0.329945
8.11695 8.03032 0.329945
8.11695 8.03032 0.329945
7.89849 8.01286 0.318861
7.89849 8.01286 0.318861
7.89849 8.01286 0.318861
8.16998 7.93551 0.319609
8.16998 7.93551 0.319609
8.16998 7.93551 0.319609
8.16998 7.93551 0.319609
7.61662 7.76056 0.337659
7.70159 7.88848 0.313063
7.70159 7.88848 0.313063
7.70159 7.88848 0.313063
7.70159 7.88848 0.313063
7.70159 7.88848 0.313063
8.12348 7.16405 0.327557
8.12348 7.16405 0.327557
7.66737 8.02066 0.312091
8.07505 7.06118 0.30464
8.07505 7.06118 0.30464
8.07505 7.06118 0.30464
6.7337 6.21424 0.308087
6.7337 6.21424 0.308087
6.7337 6.21424 0.308087
6.7337 6.21424 0.308087
6.7337 6.21424 0.308087
6.59384 7.2032 0.320952
6.59384 7.2032 0.320952
6.59384 7.2032 0.320952
6.59384 7.2032 0.320952
6.59384 7.2032 0.320952
6.59384 7.2032 0.320952
11.5667 12.0743 0.329727
12.1714 11.5817 0.303574
12.1714 11.5817 0.303574
12.1714 11.5817 0.303574
11.8765 12.0901 0.314995
11.806 11.8598 0.329432
11.6156 11.2692 0.307956
11.6156 11.2692 0.307956
11.8109 11.7408 0.314929
11.8109 11.7408 0.314929
11.614 11.8867 0.321472
11.614 11.8867 0.321472
12.1053 11.8394 0.311669
12.1053 11.8394 0.311669
11.6346 11.2262 0.297814
12.3307 11.3887 0.335216
12.3307 11.3887 0.335216
11.7443 11.9663 0.319756
12.1152 12.1902 0.326187
