13.0605 13.3249 0.289885
22.4251 22.3525 0.260377
17.2158 17.7024 0.264858
20.2944 20.8352 0.273593
11.9624 12.0525 0.304642
16.0587 15.7292 0.318592
10.3778 10.4792 0.28731
14.9555 14.2265 0.292377
24.6296 25.1389 0.246413
14.6529 14.6041 0.283581
20.6769 20.5088 0.273307
9.39852 9.87457 0.312378
16.3348 15.9698 0.283498
26.1601 26.1484 0.213712
15.4307 15.3532 0.287936
10.1126 10.2139 0.294161
11.4454 11.648 0.316461
21.9137 22.015 0.250124
10.1126 10.2139 0.294161
27.7889 27.0273 0.211622
10.5016 9.95256 0.308835
23.8199 24.1749 0.259081
16.8992 16.3733 0.275651
7.77147 7.61535 0.299868
10.9446 10.4187 0.310374
22.7889 22.4644 0.263204
5.95039 6.71278 0.00192008
25.1836 24.8458 0.262631
23.8199 24.1749 0.259081
22.071 22.3362 0.265081
19.7705 19.8407 0.277606
18.298 17.9685 0.298419
18.8596 18.9123 0.261225
6.41059 6.44927 0.336636
19.5649 18.6535 0.297894
26.1601 26.1484 0.213712
22.8236 22.4544 0.277171
28.3045 27.2148 0.246549
9.75382 8.97282 0.30782
24.4411 24.4592 0.24638
16.2032 15.9965 0.292768
19.7941 19.8212 0.28284
13.3332 13.3111 0.296966
7.7201 7.56812 0.329119
10.3423 9.90214 0.291107
17.7906 17.441 0.271897
14.7453 14.6678 0.281354
9.58977 9.43365 0.291005
15.5423 14.4526 0.304441
15.8208 16.3301 0.271449
14.0762 13.8435 0.277601
15.4497 15.3771 0.290848
15.433 16.0527 0.296806
17.2035 17.437 0.27525
8.04784 7.85237 0.332648
10.7197 10.6194 0.333591
12.7976 13.2285 0.304061
26.1582 26.495 0.24146
10.1126 10.2139 0.294161
9.38676 9.21869 0.309483
26.578 25.5544 0.241419
6.29217 6.34845 0.315809
15.0932 15.4697 0.288281
18.6002 18.9552 0.276107
23.0115 23.0586 0.260393
14.9555 14.2265 0.292377
10.1126 10.2139 0.294161
10.7197 10.6194 0.333591
26.4588 26.3875 0.24176
24.239 24.0871 0.251876
23.5748 23.049 0.262318
18.8795 19.3555 0.261025
9.75382 8.97282 0.30782
28.0332 28.6488 0.222926
19.5649 18.6535 0.297894
22.4061 22.6713 0.266706
16.0671 16.1685 0.259438
24.5492 24.3814 0.235597
23.631 23.794 0.277553
15.4497 15.3771 0.290848
27.131 27.5372 0.238056
10.9446 10.4187 0.310374
27.41 26.3203 0.235805
8.63151 8.34205 0.326626
13.2839 13.3401 0.290723
15.8112 16.2818 0.307003
19.6071 19.451 0.25448
22.609 22.4022 0.256701
10.4728 10.266 0.299113
19.3748 19.0055 0.275815
11.3271 11.9821 0.313649
9.38676 9.21869 0.309483
24.5311 24.4584 0.24362
26.1693 26.5756 0.238898
26.0271 25.838 0.24085
15.4963 15.1468 0.29195
15.8112 16.2818 0.307003
10.6001 10.8645 0.309277
21.9594 21.8592 0.286797
17.2035 17.437 0.27525
25.4228 25.3421 0.245948
25.1637 24.4331 0.251851
25.0243 25.4305 0.264312
25.0243 25.4305 0.264312
25.3875 25.3148 0.244655
25.3875 25.3148 0.244655
25.3875 25.3148 0.244655
24.6296 25.1389 0.246413
24.6296 25.1389 0.246413
24.6296 25.1389 0.246413
24.876 24.9773 0.234402
24.9218 24.8215 0.271075
24.9218 24.8215 0.271075
24.9218 24.8215 0.271075
24.5285 25.3203 0.2485
24.5285 25.3203 0.2485
25.0151 25.0034 0.239127
25.0151 25.0034 0.239127
25.144 25.1827 0.268426
25.144 25.1827 0.268426
25.2975 25.3156 0.247416
24.679 24.8816 0.2455
24.679 24.8816 0.2455
25.3109 24.5299 0.240477
24.5973 24.9887 0.254356
24.5973 24.9887 0.254356
24.5973 24.9887 0.254356
25.196 25.2861 0.23368
25.196 25.2861 0.23368
24.8404 24.4003 0.238199
24.8404 24.4003 0.238199
24.8404 24.4003 0.238199
25.4509 25.0816 0.259824
25.4509 25.0816 0.259824
25.4509 25.0816 0.259824
25.4509 25.0816 0.259824
25.4509 25.0816 0.259824
25.1988 25.0441 0.228533
25.1988 25.0441 0.228533
25.1988 25.0441 0.228533
25.1988 25.0441 0.228533
25.1988 25.0441 0.228533
25.1988 25.0441 0.228533
25.1988 25.0441 0.228533
25.1988 25.0441 0.228533
24.8579 24.9881 0.261458
24.8579 24.9881 0.261458
24.8579 24.9881 0.261458
24.9557 25.0914 0.247399
25.1772 25.4179 0.236167
25.1772 25.4179 0.236167
25.386 25.8169 0.249319
25.2432 25.6623 0.256479
25.2432 25.6623 0.256479
25.2432 25.6623 0.256479
25.0321 25.6477 0.238438
12.7612 12.7794 0.295932
12.3338 12.3586 0.300706
12.3338 12.3586 0.300706
12.5295 12.4377 0.310533
12.5295 12.4377 0.310533
12.5295 12.4377 0.310533
12.5295 12.4377 0.310533
12.5295 12.4377 0.310533
12.5295 12.4377 0.310533
12.5295 12.4377 0.310533
12.5295 12.4377 0.310533
11.8421 12.179 0.301798
11.8421 12.179 0.301798
11.8421 12.179 0.301798
11.8421 12.179 0.301798
12.4359 12.8421 0.319055
12.4359 12.8421 0.319055
12.4359 12.8421 0.319055
12.4359 12.8421 0.319055
12.4359 12.8421 0.319055
12.4359 12.8421 0.319055
12.4359 12.8421 0.319055
12.4359 12.8421 0.319055
12.4359 12.8421 0.319055
12.4359 12.8421 0.319055
12.4359 12.8421 0.319055
12.4359 12.8421 0.319055
26.179 25.8896 0.230037
26.179 25.8896 0.230037
26.179 25.8896 0.230037
26.2256 26.4391 0.212442
26.2256 26.4391 0.212442
26.5219 26.4506 0.221916
25.611 26.2307 0.217978
25.611 26.2307 0.217978
25.611 26.2307 0.217978
25.611 26.2307 0.217978
26.1151 26.4174 0.231253
26.1151 26.4174 0.231253
25.8213 26.1763 0.234703
26.0743 26.2373 0.239927
26.0743 26.2373 0.239927
26.0743 26.2373 0.239927
26.547 25.818 0.231165
13.1618 13.0893 0.279498
13.1618 13.0893 0.279498
13.1618 13.0893 0.279498
13.1618 13.0893 0.279498
13.1618 13.0893 0.279498
12.9599 12.9439 0.270883
12.9599 12.9439 0.270883
12.9599 12.9439 0.270883
12.9599 12.9439 0.270883
12.9599 12.9439 0.270883
12.9599 12.9439 0.270883
12.9599 12.9439 0.270883
12.9599 12.9439 0.270883
12.9599 12.9439 0.270883
12.9599 12.9439 0.270883
12.9599 12.9439 0.270883
12.9599 12.9439 0.270883
13.4974 12.9592 0.289098
13.3553 13.2546 0.279728
13.3553 13.2546 0.279728
13.3553 13.2546 0.279728
13.3553 13.2546 0.279728
13.3553 13.2546 0.279728
13.3553 13.2546 0.279728
13.717 13.602 0.294591
13.717 13.602 0.294591
13.717 13.602 0.294591
13.717 13.602 0.294591
13.717 13.602 0.294591
13.717 13.602 0.294591
13.5413 12.6796 0.299377
13.5413 12.6796 0.299377
13.5413 12.6796 0.299377
13.5413 12.6796 0.299377
13.5413 12.6796 0.299377
13.7734 13.1514 0.289869
13.3169 13.6163 0.301647
13.3169 13.6163 0.301647
13.3169 13.6163 0.301647
13.0237 13.1925 0.316841
13.0237 13.1925 0.316841
13.0237 13.1925 0.316841
13.0237 13.1925 0.316841
13.0237 13.1925 0.316841
13.0237 13.1925 0.316841
13.0237 13.1925 0.316841
13.0237 13.1925 0.316841
13.0237 13.1925 0.316841
12.9637 13.2707 0.297412
12.9637 13.2707 0.297412
12.9637 13.2707 0.297412
12.9637 13.2707 0.297412
12.9637 13.2707 0.297412
12.9637 13.2707 0.297412
12.9637 13.2707 0.297412
12.9637 13.2707 0.297412
12.9637 13.2707 0.297412
12.9637 13.2707 0.297412
12.9637 13.2707 0.297412
12.8933 13.584 0.290681
12.8933 13.584 0.290681
12.8933 13.584 0.290681
13.3177 13.2409 0.300463
13.3177 13.2409 0.300463
13.3177 13.2409 0.300463
13.3177 13.2409 0.300463
13.3177 13.2409 0.300463
13.3177 13.2409 0.300463
13.3177 13.2409 0.300463
13.3177 13.2409 0.300463
13.3177 13.2409 0.300463
13.3177 13.2409 0.300463
13.3177 13.2409 0.300463
13.3177 13.2409 0.300463
13.3177 13.2409 0.300463
13.3177 13.2409 0.300463
13.3177 13.2409 0.300463
13.3177 13.2409 0.300463
13.3177 13.2409 0.300463
13.3177 13.2409 0.300463
13.3177 13.2409 0.300463
13.3177 13.2409 0.300463
13.3177 13.2409 0.300463
13.3177 13.2409 0.300463
13.1849 13.2842 0.282595
13.1849 13.2842 0.282595
13.1849 13.2842 0.282595
13.1849 13.2842 0.282595
13.1849 13.2842 0.282595
13.1849 13.2842 0.282595
13.1849 13.2842 0.282595
13.1849 13.2842 0.282595
13.1849 13.2842 0.282595
13.1849 13.2842 0.282595
13.1849 13.2842 0.282595
13.1849 13.2842 0.282595
13.4949 13.4299 0.303648
13.8353 13.2775 0.300222
13.8353 13.2775 0.300222
13.8353 13.2775 0.300222
6.35636 6.63181 0.29718
6.35636 6.63181 0.29718
6.35636 6.63181 0.29718
6.35636 6.63181 0.29718
6.35636 6.63181 0.29718
6.35636 6.63181 0.29718
6.35636 6.63181 0.29718
6.35636 6.63181 0.29718
6.35636 6.63181 0.29718
6.75095 6.49711 0.30576
6.75095 6.49711 0.30576
6.75095 6.49711 0.30576
6.75095 6.49711 0.30576
6.75095 6.49711 0.30576
6.75095 6.49711 0.30576
7.6198 6.83423 0.299986
7.6198 6.83423 0.299986
7.6198 6.83423 0.299986
7.6198 6.83423 0.299986
7.6198 6.83423 0.299986
7.6198 6.83423 0.299986
7.6198 6.83423 0.299986
7.6198 6.83423 0.299986
7.6198 6.83423 0.299986
7.6198 6.83423 0.299986
7.6198 6.83423 0.299986
7.6198 6.83423 0.299986
7.6198 6.83423 0.299986
7.6198 6.83423 0.299986
7.6198 6.83423 0.299986
7.6198 6.83423 0.299986
7.6198 6.83423 0.299986
7.6198 6.83423 0.299986
7.6198 6.83423 0.299986
7.6198 6.83423 0.299986
6.90721 6.69042 0.291918
6.90721 6.69042 0.291918
6.90721 6.69042 0.291918
6.90721 6.69042 0.291918
6.73545 6.91504 0.302479
6.73545 6.91504 0.302479
6.73545 6.91504 0.302479
6.73545 6.91504 0.302479
6.49001 7.08482 0.296082
6.49001 7.08482 0.296082
6.49001 7.08482 0.296082
19.5042 20.3521 0.260478
20.1418 20.0954 0.248838
19.2965 19.8969 0.247506
19.2965 19.8969 0.247506
19.2965 19.8969 0.247506
19.2965 19.8969 0.247506
19.2965 19.8969 0.247506
19.2965 19.8969 0.247506
19.2965 19.8969 0.247506
19.2965 19.8969 0.247506
19.2965 19.8969 0.247506
19.2965 19.8969 0.247506
19.2965 19.8969 0.247506
19.2965 19.8969 0.247506
20.0948 20.0869 0.257574
20.0948 20.0869 0.257574
20.0948 20.0869 0.257574
20.0948 20.0869 0.257574
20.0948 20.0869 0.257574
20.0366 19.8187 0.249119
20.0366 19.8187 0.249119
20.0366 19.8187 0.249119
20.0366 19.8187 0.249119
20.0366 19.8187 0.249119
20.0366 19.8187 0.249119
20.0366 19.8187 0.249119
20.0366 19.8187 0.249119
20.0366 19.8187 0.249119
20.0366 19.8187 0.249119
20.486 20.2006 0.253951
20.486 20.2006 0.253951
20.486 20.2006 0.253951
20.3072 20.4476 0.232222
20.1076 19.8208 0.255258
20.1076 19.8208 0.255258
20.1076 19.8208 0.255258
19.8805 20.4843 0.258189
19.8805 20.4843 0.258189
19.8805 20.4843 0.258189
20.0448 19.7579 0.239222
20.0448 19.7579 0.239222
20.0448 19.7579 0.239222
20.0448 19.7579 0.239222
20.0448 19.7579 0.239222
20.3752 19.844 0.246876
20.3752 19.844 0.246876
20.3752 19.844 0.246876
20.3752 19.844 0.246876
20.3752 19.844 0.246876
19.441 20.2404 0.247678
19.441 20.2404 0.247678
19.509 19.9431 0.245838
19.509 19.9431 0.245838
19.509 19.9431 0.245838
