20.743 20.5869 0.243734
32.9867 32.975 0.19424
41.5678 41.0187 0.178869
10.1126 10.2139 0.294161
34.6982 34.6865 0.183086
44.417 44.2609 0.149061
35.1135 35.0701 0.187104
15.4497 15.3771 0.290848
18.8795 19.3555 0.261025
26.1601 26.1484 0.213712
18.298 17.9685 0.298419
31.9032 32.5229 0.207578
13.8834 14.3594 0.28122
37.1199 37.4222 0.217929
41.5015 41.3469 0.158326
10.1126 10.2139 0.294161
9.877 9.52748 0.313101
24.5492 24.3814 0.235597
33.0018 32.7119 0.211183
15.4497 15.3771 0.290848
51.7454 52.2353 0.156486
9.22828 9.25309 0.302213
24.0654 23.9651 0.270039
30.6947 30.7218 0.218197
33.0018 32.7119 0.211183
13.6923 13.3428 0.288881
26.4694 26.3968 0.239085
32.0726 31.5235 0.190663
46.6861 46.5659 0.176038
13.1717 13.1988 0.295595
40.9426 41.3391 0.187812
14.9555 14.2265 0.292377
24.0654 23.9651 0.270039
46.3978 46.804 0.18302
24.292 24.0593 0.240379
40.0896 39.7518 0.187681
19.3146 19.691 0.27672
30.0524 29.141 0.242342
16.0671 16.1685 0.259438
26.5727 27.1924 0.217136
51.8445 51.6883 0.121514
49.5452 50.3075 0.160224
38.254 38.744 0.200832
33.1092 32.4712 0.21322
24.5492 24.3814 0.235597
25.9579 26.0593 0.228832
26.704 27.0953 0.228099
44.417 44.2609 0.149061
25.9349 25.4139 0.215467
6.29217 6.34845 0.315809
22.9475 22.7795 0.264937
46.4681 46.1782 0.180533
52.506 52.7856 0.141573
43.1555 42.866 0.188671
24.5492 24.3814 0.235597
20.8324 20.6257 0.259427
32.3942 32.3612 0.201874
17.4042 17.8942 0.284772
26.1601 26.1484 0.213712
33.5424 33.9338 0.2171
16.4344 16.8535 0.281515
16.4344 16.8535 0.281515
26.1582 26.495 0.24146
48.5967 48.6354 0.181209
23.8199 24.1749 0.259081
10.3561 10.7326 0.298809
16.5589 16.1939 0.25512
10.3423 9.90214 0.291107
37.1069 37.0739 0.19895
9.5903 10.0193 0.311043
39.5972 39.2477 0.166533
31.9523 31.9993 0.190278
26.4694 26.3968 0.239085
26.1582 26.495 0.24146
10.347 10.3249 0.309636
6.41059 6.44927 0.336636
27.036 27.1989 0.239084
13.2916 13.5568 0.292483
11.9624 12.0525 0.304642
32.9867 32.975 0.19424
44.7663 43.7427 0.172389
20.8324 20.6257 0.259427
16.0587 15.7292 0.318592
42.4172 43.0369 0.159704
52.6563 52.5017 0.128291
20.5414 20.3523 0.266493
18.298 17.9685 0.298419
27.8771 27.9785 0.21889
52.3335 52.4349 0.134161
27.641 28.0375 0.242506
29.5281 30.3592 0.229349
13.8834 14.3594 0.28122
38.0656 38.5522 0.180918
41.6059 41.6529 0.188724
18.7999 18.9012 0.250393
44.728 45.2041 0.165016
32.3942 32.3612 0.201874
41.6085 42.0375 0.183734
25.9579 26.0593 0.228832
52.5353 52.3762 0.169856
43.2972 43.4002 0.178711
43.2972 43.4002 0.178711
43.0532 43.1923 0.172592
43.0532 43.1923 0.172592
43.0532 43.1923 0.172592
43.0532 43.1923 0.172592
10.1736 10.3204 0.303399
10.1736 10.3204 0.303399
10.1736 10.3204 0.303399
10.1736 10.3204 0.303399
10.1736 10.3204 0.303399
10.1736 10.3204 0.303399
10.1736 10.3204 0.303399
10.2909 10.4698 0.301638
10.2909 10.4698 0.301638
10.2909 10.4698 0.301638
10.2909 10.4698 0.301638
10.2909 10.4698 0.301638
10.2909 10.4698 0.301638
10.2909 10.4698 0.301638
10.2909 10.4698 0.301638
10.2909 10.4698 0.301638
9.96494 10.4762 0.307498
10.0429 10.2257 0.309992
10.0429 10.2257 0.309992
10.0429 10.2257 0.309992
10.572 10.1019 0.309258
10.572 10.1019 0.309258
10.572 10.1019 0.309258
10.572 10.1019 0.309258
8.90072 8.68767 0.310694
8.90072 8.68767 0.310694
8.90072 8.68767 0.310694
8.90072 8.68767 0.310694
8.90072 8.68767 0.310694
8.90072 8.68767 0.310694
8.90072 8.68767 0.310694
44.942 44.7412 0.153753
44.942 44.7412 0.153753
44.942 44.7412 0.153753
44.942 44.7412 0.153753
44.942 44.7412 0.153753
44.4136 44.6818 0.171199
44.7166 45.4085 0.157737
44.4675 44.7273 0.164179
44.4675 44.7273 0.164179
44.4675 44.7273 0.164179
44.9804 44.9519 0.156692
44.9804 44.9519 0.156692
45.2332 44.8072 0.170043
45.2332 44.8072 0.170043
45.1679 44.865 0.182518
44.7741 44.5272 0.170559
45.3196 44.5359 0.160523
45.3196 44.5359 0.160523
45.3196 44.5359 0.160523
44.7112 45.0997 0.163537
44.7112 45.0997 0.163537
44.7112 45.0997 0.163537
44.7112 45.0997 0.163537
44.7112 45.0997 0.163537
44.7112 45.0997 0.163537
45.3038 44.5961 0.177486
45.3038 44.5961 0.177486
45.2179 44.7032 0.163502
44.5116 44.5888 0.155128
44.5116 44.5888 0.155128
44.5116 44.5888 0.155128
44.5116 44.5888 0.155128
44.5116 44.5888 0.155128
44.183 44.6133 0.181869
44.183 44.6133 0.181869
44.3159 45.0041 0.162985
44.6147 44.7178 0.155038
44.425 44.2969 0.166417
44.425 44.2969 0.166417
44.425 44.2969 0.166417
44.425 44.2969 0.166417
44.425 44.2969 0.166417
44.3428 44.5225 0.169757
44.7828 45.0677 0.169655
44.7828 45.0677 0.169655
45.1763 44.8716 0.170771
45.1763 44.8716 0.170771
45.1763 44.8716 0.170771
45.1763 44.8716 0.170771
44.8369 45.0714 0.160097
44.8369 45.0714 0.160097
45.1877 45.0064 0.166649
45.1877 45.0064 0.166649
45.2905 44.9076 0.162867
45.2905 44.9076 0.162867
45.2905 44.9076 0.162867
45.0901 45.199 0.167755
45.0901 45.199 0.167755
45.0901 45.199 0.167755
45.0901 45.199 0.167755
44.7798 44.9066 0.15914
44.7798 44.9066 0.15914
44.7798 44.9066 0.15914
48.8434 48.3473 0.152376
48.4997 49.0845 0.154604
48.6324 48.7267 0.159813
47.9419 48.1851 0.148006
47.9419 48.1851 0.148006
47.9419 48.1851 0.148006
47.9419 48.1851 0.148006
48.3352 48.5057 0.159585
48.4178 48.8669 0.166081
48.6608 48.1186 0.168052
48.6608 48.1186 0.168052
48.2852 48.6717 0.170345
48.2852 48.6717 0.170345
48.2852 48.6717 0.170345
48.5003 47.6558 0.148282
48.5003 47.6558 0.148282
48.5003 47.6558 0.148282
48.5003 47.6558 0.148282
48.5003 47.6558 0.148282
48.8822 48.7326 0.153382
48.8822 48.7326 0.153382
48.8822 48.7326 0.153382
48.6723 48.7596 0.153435
47.9475 48.4521 0.179434
48.6507 48.7583 0.142571
48.6507 48.7583 0.142571
48.571 48.7372 0.145737
48.571 48.7372 0.145737
48.4115 48.1352 0.176685
48.4115 48.1352 0.176685
48.4973 49.0045 0.166197
48.4973 49.0045 0.166197
48.4973 49.0045 0.166197
48.4973 49.0045 0.166197
48.4973 49.0045 0.166197
48.4973 49.0045 0.166197
48.6342 48.6809 0.174603
48.6342 48.6809 0.174603
48.6342 48.6809 0.174603
48.5435 48.6803 0.151956
48.5435 48.6803 0.151956
48.5435 48.6803 0.151956
44.8073 44.3438 0.182986
44.8073 44.3438 0.182986
44.8073 44.3438 0.182986
44.8073 44.3438 0.182986
44.8073 44.3438 0.182986
44.9038 43.9438 0.156876
44.7076 44.0074 0.174971
44.3557 44.3028 0.158866
44.6028 44.3993 0.169316
44.1502 44.5657 0.177447
44.1502 44.5657 0.177447
43.031 42.8689 0.146343
43.031 42.8689 0.146343
43.031 42.8689 0.146343
43.031 42.8689 0.146343
43.031 42.8689 0.146343
43.031 42.8689 0.146343
43.3933 43.4489 0.171944
43.5555 42.955 0.162999
43.5555 42.955 0.162999
43.5555 42.955 0.162999
43.5555 42.955 0.162999
43.5555 42.955 0.162999
43.5555 42.955 0.162999
43.5555 42.955 0.162999
43.5555 42.955 0.162999
43.5555 42.955 0.162999
43.5555 42.955 0.162999
11.751 11.9067 0.311021
11.751 11.9067 0.311021
11.751 11.9067 0.311021
11.751 11.9067 0.311021
11.751 11.9067 0.311021
11.751 11.9067 0.311021
11.751 11.9067 0.311021
11.751 11.9067 0.311021
11.751 11.9067 0.311021
11.751 11.9067 0.311021
11.751 11.9067 0.311021
11.751 11.9067 0.311021
11.751 11.9067 0.311021
11.751 11.9067 0.311021
11.751 11.9067 0.311021
11.751 11.9067 0.311021
11.751 11.9067 0.311021
11.751 11.9067 0.311021
11.751 11.9067 0.311021
11.751 11.9067 0.311021
11.751 11.9067 0.311021
11.751 11.9067 0.311021
11.751 11.9067 0.311021
11.751 11.9067 0.311021
11.751 11.9067 0.311021
11.086 11.5883 0.294658
11.086 11.5883 0.294658
11.086 11.5883 0.294658
11.086 11.5883 0.294658
11.086 11.5883 0.294658
