6.10708 6.15972 -0.00304142
6.52093 6.53918 -0.00708633
6.24756 6.58443 -0.0012458
6.48158 6.55171 -0.00148843
6.2967 6.00687 0.324279
5.97352 6.23796 -0.00151411
6.47465 5.38494 0.0137858
6.46253 6.55266 0.30189
6.21979 6.49938 -0.00646185
6.87931 6.35343 0.00233969
6.11654 5.92741 -0.00185572
6.33501 5.6044 0.00357496
6.24756 6.58443 -0.0012458
6.04563 6.80803 0.318406
5.83395 6.14945 0.318263
6.09351 6.11832 -0.00231162
6.12699 6.26278 -0.00087697
6.24756 6.58443 -0.0012458
5.96479 6.50559 0.32173
6.45023 6.11237 0.330841
5.63732 6.25702 -0.00488296
6.31616 5.70639 0.00991534
6.18863 5.86411 0.319711
6.26297 5.93353 0.0169025
6.52093 6.53918 -0.00708633
5.79507 6.58689 0.31671
5.75137 6.02501 0.324822
6.21979 6.49938 -0.00646185
6.02559 6.40205 -0.00237446
6.41141 5.80163 0.326401
6.20232 6.25496 0.313444
6.01834 6.25177 0.000834648
6.41059 6.44927 0.336636
6.06785 6.72284 0.00948402
6.43636 5.88729 0.000800007
6.57683 6.64695 0.314997
6.36309 6.28561 -0.00271934
6.24756 6.58443 -0.0012458
6.01834 6.25177 0.000834648
5.7387 6.0542 0.00177696
6.57683 6.64695 0.314997
6.22364 6.19063 0.305899
5.68194 6.41489 0.0250378
5.88158 6.36862 0.302299
6.36201 6.21003 0.321121
6.09351 6.11832 -0.00231162
6.48158 6.55171 -0.00148843
6.10062 6.26359 0.0170654
6.77083 6.59999 0.308536
6.09351 6.11832 -0.00231162
6.09351 6.11832 -0.00231162
5.69982 6.49164 0.000224768
5.73257 6.35226 0.311603
6.76261 5.73906 0.315199
6.01549 6.48609 0.00531325
6.30056 6.01111 0.323661
6.11654 5.92741 -0.00185572
6.01174 5.57162 -0.0100762
6.13101 6.72968 0.31345
6.20532 5.91586 0.00717559
6.46883 6.48691 -0.00085994
6.29085 6.69709 0.332522
6.20532 5.91586 0.00717559
6.68936 6.60868 0.314158
6.20339 6.819 -0.00983748
6.63434 6.26931 0.298294
5.88158 6.36862 0.302299
5.94287 6.29783 0.328327
6.45023 6.11237 0.330841
6.25794 5.96018 0.325753
5.84763 6.20259 0.0118414
6.3701 6.21544 -0.019743
5.95039 6.71278 0.00192008
6.22364 6.19063 0.305899
6.87931 6.35343 0.00233969
6.01174 5.57162 -0.0100762
5.88158 6.36862 0.302299
6.21547 6.24258 0.316716
6.21979 6.49938 -0.00646185
6.34849 6.58928 -0.0121085
6.2999 6.56507 0.317569
6.35498 6.01713 0.0143558
6.11073 6.58133 0.321799
6.01834 6.25177 0.000834648
6.57683 6.64695 0.314997
6.60537 6.25585 -0.00251845
6.14254 6.24391 0.302612
6.63434 6.26931 0.298294
6.47465 5.38494 0.0137858
6.37116 5.45975 0.335285
6.36201 6.21003 0.321121
6.87931 6.35343 0.00233969
6.29217 6.34845 0.315809
6.06785 6.72284 0.00948402
6.15507 5.85826 0.306937
6.12023 6.14733 0.000230269
6.13101 6.72968 0.31345
6.36729 6.45741 -0.0145954
6.19692 6.25321 -0.000677008
6.48158 6.55171 -0.00148843
6.36309 6.28561 -0.00271934
6.36309 6.28561 -0.00271934
6.01834 6.25177 0.000834648
6.48219 5.70119 -0.0077991
6.48219 5.70119 -0.0077991
5.76862 6.15999 0.00607986
5.7387 6.0542 0.00177696
6.01174 5.57162 -0.0100762
5.75162 6.58269 0.00580643
6.62219 6.2529 0.0115487
6.31973 6.08699 -0.00686073
6.26677 6.11479 0.00463575
6.26677 6.11479 0.00463575
6.3701 6.21544 -0.019743
6.4195 6.29928 0.00329886
6.4195 6.29928 0.00329886
6.60168 6.55829 -0.00513132
6.1284 6.09539 -0.0105868
6.12699 6.26278 -0.00087697
6.20465 6.46983 0.0010835
6.55733 6.98822 0.00104322
6.55733 6.98822 0.00104322
6.55733 6.98822 0.00104322
6.27592 5.36451 0.0187995
6.24907 6.08994 0.0218217
6.24907 6.08994 0.0218217
6.24907 6.08994 0.0218217
6.20339 6.819 -0.00983748
6.31616 5.70639 0.00991534
6.20532 5.91586 0.00717559
6.25189 6.46536 -0.0104192
6.87931 6.35343 0.00233969
6.5482 6.47693 -0.000945724
6.03576 6.63444 -0.00303544
5.63732 6.25702 -0.00488296
6.30056 6.01111 0.323661
6.30056 6.01111 0.323661
6.30056 6.01111 0.323661
6.34724 6.17916 0.321444
6.34724 6.17916 0.321444
6.64344 6.57218 0.31554
6.64344 6.57218 0.31554
6.13101 6.72968 0.31345
6.0564 5.53544 0.309091
5.73257 6.35226 0.311603
5.73257 6.35226 0.311603
6.31503 6.59463 0.310024
6.31503 6.59463 0.310024
6.31503 6.59463 0.310024
6.31503 6.59463 0.310024
6.31503 6.59463 0.310024
6.23658 6.53893 0.324877
6.70061 6.3511 0.313967
6.19587 6.35884 0.333551
6.19587 6.35884 0.333551
6.21547 6.24258 0.316716
6.21547 6.24258 0.316716
6.15507 5.85826 0.306937
6.04563 6.80803 0.318406
6.04563 6.80803 0.318406
6.76261 5.73906 0.315199
6.50754 6.33291 0.321974
6.67218 6.50435 0.304843
6.21178 6.02266 0.31463
6.36591 6.31713 0.315994
6.34281 6.67968 0.31524
6.34281 6.67968 0.31524
6.37694 6.35486 0.318088
6.63434 6.26931 0.298294
6.93859 6.30063 0.317245
6.93859 6.30063 0.317245
6.18875 6.21356 0.314174
6.1631 6.81809 0.32597
6.50277 6.29601 0.307564
6.12586 6.61248 0.306929
6.22214 6.69819 0.313244
6.22214 6.69819 0.313244
6.20232 6.25496 0.313444
6.69648 6.50138 0.323793
6.69648 6.50138 0.323793
6.35821 6.02878 0.333388
6.38446 6.29272 0.324001
5.77718 6.51013 0.341524
5.69709 6.03396 0.315266
6.68936 6.60868 0.314158
6.68936 6.60868 0.314158
6.94883 6.18717 0.306088
6.43025 5.69964 0.320061
6.43025 5.69964 0.320061
6.43025 5.69964 0.320061
6.29085 6.69709 0.332522
6.41125 6.4583 0.316901
6.41125 6.4583 0.316901
6.41125 6.4583 0.316901
6.41125 6.4583 0.316901
5.89617 6.40547 0.314623
6.14254 6.24391 0.302612
6.18834 6.08808 0.339285
6.18834 6.08808 0.339285
6.41339 6.25727 0.291871
6.29915 6.56177 0.319759
6.24876 6.16496 0.321427
7.11201 6.26895 0.325627
5.81178 6.494 0.291369
5.81178 6.494 0.291369
6.48659 6.43075 0.303472
6.48659 6.43075 0.303472
6.09894 6.10936 0.314775
5.97929 6.93844 0.330743
5.99413 5.621 0.313614
6.69948 5.98208 0.314355
6.2612 5.9714 0.321368
5.97733 5.55418 0.316443
6.17852 6.1938 0.314748
6.17852 6.1938 0.314748
6.56669 6.48118 0.32696
6.56669 6.48118 0.32696
6.27173 6.51348 0.339306
6.27173 6.51348 0.339306
6.35568 6.39455 0.302226
6.28169 6.20787 0.310838
6.32655 6.20338 0.320902
6.32655 6.20338 0.320902
6.32655 6.20338 0.320902
6.60336 6.76808 0.330424
5.90547 6.27657 0.313757
6.68567 6.32266 0.334868
6.12809 6.05454 0.304434
6.35374 6.06589 0.320786
6.03557 6.1659 0.296779
6.26798 6.04237 0.314203
6.26798 6.04237 0.314203
6.26798 6.04237 0.314203
6.8057 6.45821 0.316313
6.4688 6.25585 0.332176
6.74092 6.47125 0.317028
6.79202 6.49443 0.314012
6.36264 6.05652 0.314697
6.36264 6.05652 0.314697
5.7472 6.34259 0.310643
5.7472 6.34259 0.310643
6.48024 6.99984 0.31819
6.39177 5.90543 0.324326
6.25426 6.28666 0.310586
6.78046 6.26391 0.302477
6.21479 6.54086 0.320254
6.43671 6.17111 0.336694
6.72878 6.43363 0.314111
6.34667 6.60363 0.326832
6.35939 6.18299 0.317416
6.35939 6.18299 0.317416
6.44875 6.36195 0.315232
6.44875 6.36195 0.315232
6.38222 6.14365 0.329898
6.30461 5.93798 0.317541
6.31292 5.95161 0.311225
6.18325 6.46715 0.311444
6.46609 6.69871 0.304769
6.46609 6.69871 0.304769
6.09373 6.75017 0.331487
6.59494 6.70379 0.333433
6.67194 6.43786 0.314046
6.67194 6.43786 0.314046
6.05308 6.63405 0.314423
6.62294 6.19286 0.317312
6.40451 6.42177 0.322744
6.18022 6.28653 0.323138
6.18485 6.16517 0.31737
6.46358 6.07684 0.320155
6.46358 6.07684 0.320155
5.85035 5.48274 0.306797
5.85035 5.48274 0.306797
6.30259 6.22986 0.328261
6.18294 6.27672 0.322253
6.33087 6.67292 0.32768
6.33087 6.67292 0.32768
6.33087 6.67292 0.32768
6.78617 6.26514 0.301758
6.29387 6.37811 0.31301
6.29387 6.37811 0.31301
6.29387 6.37811 0.31301
6.28241 6.18282 0.323057
6.28241 6.18282 0.323057
6.47937 6.04567 0.315712
6.47937 6.04567 0.315712
6.86324 6.18294 0.289634
6.13111 6.63425 0.330929
6.13111 6.63425 0.330929
6.31404 6.18731 0.312112
6.41612 6.56183 0.306062
5.94105 6.14519 0.328141
5.94105 6.14519 0.328141
6.4982 6.90529 0.312032
6.06026 6.24595 0.300043
5.72744 6.14708 0.314932
6.2226 6.54606 0.305562
6.34407 6.09204 0.322411
6.34407 6.09204 0.322411
6.05317 6.79026 0.326227
6.05317 6.79026 0.326227
5.78805 6.49806 0.309027
5.78805 6.49806 0.309027
6.23917 6.68614 0.315823
6.43639 6.41707 0.319627
6.25926 6.2874 0.291521
6.46922 6.56468 0.31438
5.69477 6.68912 0.303191
6.19682 5.89673 0.315068
6.62185 6.25062 0.328908
6.11884 6.12476 0.314752
6.04971 6.33467 0.319198
6.04971 6.33467 0.319198
6.21152 6.12357 0.314264
6.54846 6.2496 0.325191
6.12925 6.42769 0.314121
6.74894 6.49403 0.335012
6.25303 6.10181 0.316349
6.25303 6.10181 0.316349
5.90578 6.22661 0.328292
6.2868 5.95658 0.316654
5.90864 6.54161 0.321938
5.90864 6.54161 0.321938
5.90864 6.54161 0.321938
5.90864 6.54161 0.321938
5.84633 6.20894 0.302385
5.84633 6.20894 0.302385
5.84633 6.20894 0.302385
6.37223 6.90358 0.313253
5.91606 6.42046 0.305941
6.51035 6.40443 0.321259
5.98888 5.60649 0.309052
6.87545 6.43361 0.311863
6.38799 7.01809 0.313522
6.06466 5.99904 0.315217
6.35624 6.52266 0.315132
6.50293 6.7716 0.329905
6.56572 6.53868 0.314815
6.98142 6.29875 0.329968
6.49279 6.40867 0.30094
6.2047 5.9855 0.316136
6.2047 5.9855 0.316136
6.60301 6.62635 0.327542
6.39611 6.34852 0.307605
6.08102 6.47423 0.326097
6.08102 6.47423 0.326097
6.39655 5.66901 0.315617
6.39655 5.66901 0.315617
6.62375 6.26835 0.326952
6.31303 6.39269 0.318506
6.31303 6.39269 0.318506
6.31303 6.39269 0.318506
6.31303 6.39269 0.318506
6.57684 6.108 0.314801
6.43105 5.83664 0.304008
6.51808 6.24171 0.31204
6.51808 6.24171 0.31204
6.36996 6.45936 0.329897
5.766 6.55795 0.305481
5.766 6.55795 0.305481
6.48288 6.116 0.318553
5.90409 6.76974 0.332176
6.11204 6.42228 0.31199
6.11608 6.03091 0.324481
6.11608 6.03091 0.324481
6.50873 6.75809 0.299732
6.23221 6.91187 0.309173
6.23221 6.91187 0.309173
5.92838 6.30566 0.329188
6.23538 6.21569 0.306797
6.97016 6.37097 0.311146
6.97016 6.37097 0.311146
6.04294 6.46089 0.314343
6.22463 6.50839 0.326263
6.15966 6.4635 0.31737
6.15966 6.4635 0.31737
6.15966 6.4635 0.31737
6.38625 6.67159 0.325732
6.36136 6.15945 0.326502
6.83182 5.86294 0.329315
6.17533 5.7504 0.305283
6.17533 5.7504 0.305283
6.17533 5.7504 0.305283
6.17074 6.5224 0.328309
6.77287 6.6941 0.311884
6.77287 6.6941 0.311884
6.03123 6.25172 0.316833
6.03123 6.25172 0.316833
6.41534 6.38998 0.332212
6.00828 6.3346 0.325676
6.42817 5.80296 0.329928
6.50409 6.74323 0.30688
6.50409 6.74323 0.30688
6.50409 6.74323 0.30688
6.08431 6.65608 0.300008
6.23786 6.3958 0.32182
6.66218 6.52945 0.306216
5.40495 6.51201 0.31505
6.16335 6.35426 0.318339
6.16335 6.35426 0.318339
6.15658 6.2675 0.300563
6.40167 6.39214 0.321126
5.47319 6.29431 0.287878
6.66494 6.79306 0.311979
6.09061 5.90541 0.285866
6.70934 6.44639 0.320444
6.33557 6.58291 0.322164
6.33557 6.58291 0.322164
6.25222 6.05101 0.319736
6.45537 6.32979 0.319734
6.63275 6.76423 0.313881
6.39436 6.53543 0.333631
6.52249 6.50197 0.322664
6.2612 5.77497 0.322732
6.77708 6.20572 0.319933
6.77708 6.20572 0.319933
6.38537 6.53302 0.318436
6.20603 5.845 0.326866
6.20603 5.845 0.326866
6.20603 5.845 0.326866
6.20603 5.845 0.326866
6.01305 6.64379 0.333461
6.00192 6.32008 0.330629
6.2227 6.0604 0.333059
6.28947 6.43288 0.313823
6.69235 6.66872 0.326346
6.69235 6.66872 0.326346
6.69235 6.66872 0.326346
6.19225 6.21864 0.319735
6.19225 6.21864 0.319735
6.30306 6.66129 0.312704
6.24566 6.20328 0.312218
5.98407 6.22247 0.306449
5.98407 6.22247 0.306449
6.67152 6.58844 0.319459
6.50294 6.27091 0.301125
7.18552 5.95152 0.311467
6.0216 6.26306 0.311245
6.65891 6.59729 0.324044
7.0667 6.54315 0.318601
6.19026 6.18807 0.320945
6.19026 6.18807 0.320945
5.91742 6.49281 0.324436
6.10081 6.56054 0.304094
6.46645 6.55618 0.321486
6.46645 6.55618 0.321486
6.48031 6.51398 0.310289
6.46316 6.23891 0.327019
6.26867 6.30794 0.309288
6.89468 6.07436 0.312773
6.19138 5.82149 0.327975
6.31423 5.40543 0.317953
6.31423 5.40543 0.317953
5.97534 6.30305 0.322425
6.27377 6.62838 0.307771
6.27377 6.62838 0.307771
6.31074 6.52931 0.31417
6.12872 6.56527 0.330951
6.27071 6.95102 0.318855
6.74772 6.84345 0.320832
6.67505 6.60657 0.325991
6.67505 6.60657 0.325991
6.28017 6.29566 0.314188
6.40434 6.53973 0.313397
6.53511 6.61675 0.302483
6.53511 6.61675 0.302483
6.43001 6.97772 0.312831
6.02637 6.18685 0.325648
6.02637 6.18685 0.325648
6.45206 5.95619 0.325285
6.30827 6.08072 0.304197
5.91082 6.51284 0.3083
5.91082 6.51284 0.3083
6.75317 6.13348 0.30778
6.75317 6.13348 0.30778
6.75317 6.13348 0.30778
6.70359 6.52348 0.316965
6.70359 6.52348 0.316965
6.63163 6.30145 0.32289
6.52973 6.24659 0.30747
6.22343 6.70217 0.308769
6.50975 5.89244 0.328161
6.50975 5.89244 0.328161
6.50975 5.89244 0.328161
6.03066 6.4665 0.326042
6.44303 6.63431 0.312917
6.02487 6.16111 0.328006
6.23577 6.2476 0.311814
6.43725 6.09052 0.319905
6.42998 6.75527 0.303192
6.23115 6.75074 0.324158
6.81073 6.57262 0.308606
6.69185 5.95395 0.313877
5.95967 6.20245 0.317563
6.5738 6.50957 0.303912
6.07875 6.20416 0.313673
6.43153 6.58098 0.306074
6.43153 6.58098 0.306074
6.52967 6.29129 0.333621
6.52967 6.29129 0.333621
6.52967 6.29129 0.333621
6.43046 6.38315 0.31665
5.90723 6.68219 0.310124
6.61826 6.06566 0.305986
6.61826 6.06566 0.305986
5.97842 6.14794 0.312801
5.97842 6.14794 0.312801
5.97842 6.14794 0.312801
6.0148 6.74884 0.306282
6.0148 6.74884 0.306282
6.57008 6.45104 0.307263
6.16631 6.5781 0.311724
6.16901 6.2885 0.325149
6.44266 6.24573 0.312065
6.44266 6.24573 0.312065
6.44266 6.24573 0.312065
6.02114 6.45774 0.305722
6.23984 6.53024 0.326777
6.5235 5.67084 0.286246
6.50506 5.79629 0.329157
6.22642 6.05233 0.316024
5.96824 6.65473 0.300639
5.96824 6.65473 0.300639
6.70241 6.32101 0.307932
6.70241 6.32101 0.307932
6.70241 6.32101 0.307932
5.98585 6.2551 0.313605
6.09365 6.34065 0.319484
6.48963 5.94353 0.330926
6.48963 5.94353 0.330926
5.9488 6.67855 0.332983
5.93935 6.47082 0.313811
5.71794 6.16393 0.323297
6.46106 6.47796 0.324468
7.10897 5.74804 0.308415
6.4762 6.41175 0.309244
7.08558 6.55594 0.318398
6.62611 6.35644 0.30849
6.34957 6.35151 0.318341
6.34957 6.35151 0.318341
6.29568 6.16592 0.331186
7.02967 6.4919 0.315809
6.24009 6.16434 0.321307
6.24009 6.16434 0.321307
6.55773 5.98143 0.304355
6.73983 6.42838 0.313809
6.12135 6.76104 0.31629
6.19399 6.14667 0.319978
6.4854 5.85579 0.330851
6.71612 6.33815 0.321616
6.63927 5.9056 0.323551
6.63927 5.9056 0.323551
6.41632 6.37216 0.298879
6.78247 6.34974 0.308535
5.96986 5.78878 0.299656
5.96986 5.78878 0.299656
6.34014 6.63177 0.31653
6.24107 6.31905 0.306293
5.94516 6.48812 0.323621
5.94516 6.48812 0.323621
6.55555 6.74298 0.323996
5.55463 6.40767 0.308256
5.55463 6.40767 0.308256
6.30722 6.34658 0.316019
6.53452 6.03712 0.325467
5.63413 6.90103 0.311604
5.63413 6.90103 0.311604
6.44456 5.74465 0.309814
6.79597 6.32748 0.321401
6.8265 5.94883 0.332283
6.8265 5.94883 0.332283
6.60628 6.45566 0.326004
6.11971 6.45185 0.330533
6.52339 6.61829 0.318141
6.76989 6.60005 0.323794
6.76989 6.60005 0.323794
6.62528 6.59753 0.313423
6.24457 6.05816 0.33434
6.24457 6.05816 0.33434
6.63665 6.5939 0.306255
5.91715 5.8364 0.309335
6.04215 6.79835 0.316762
6.04215 6.79835 0.316762
6.43195 6.31938 0.313438
6.0784 6.48911 0.330707
6.44121 6.19521 0.322552
6.44121 6.19521 0.322552
6.1965 6.03476 0.325519
6.22736 6.31829 0.334948
6.8556 6.39526 0.314435
6.8556 6.39526 0.314435
6.53057 6.13831 0.305878
6.59391 6.77049 0.307886
6.59391 6.77049 0.307886
6.59391 6.77049 0.307886
6.6044 6.31549 0.32504
6.45023 6.8235 0.310311
6.17865 6.74742 0.308001
5.83769 6.69652 0.323502
5.83769 6.69652 0.323502
5.83769 6.69652 0.323502
6.70521 5.89491 0.322507
6.72202 6.84113 0.312072
6.35221 6.57055 0.307245
6.35221 6.57055 0.307245
5.9061 6.39001 0.310412
5.9061 6.39001 0.310412
6.16264 6.11963 0.326398
6.47646 5.52242 0.327089
6.55341 6.29609 0.307174
6.30779 6.26504 0.315557
6.02453 6.36379 0.301561
6.27162 6.40547 0.317479
6.27162 6.40547 0.317479
6.50899 6.40989 0.315392
6.27682 6.3997 0.322677
6.67399 5.99185 0.322619
6.19999 6.33479 0.319884
6.19999 6.33479 0.319884
6.19999 6.33479 0.319884
6.10461 6.49352 0.297019
5.99189 6.70449 0.323959
6.1939 6.1988 0.31842
6.1939 6.1988 0.31842
6.37993 6.74076 0.311568
6.11268 6.45882 0.319395
6.47554 6.51404 0.305819
6.47554 6.51404 0.305819
6.74486 6.50134 0.308189
6.74486 6.50134 0.308189
6.11201 6.33573 0.32921
6.38056 5.93274 0.329883
6.39934 6.44359 0.324417
6.25528 5.84017 0.316136
6.4515 5.96459 0.311346
6.27601 6.06865 0.314714
6.59098 6.33336 0.319378
6.4267 6.01706 0.31588
6.4267 6.01706 0.31588
6.84019 6.63877 0.318574
6.40423 6.78588 0.318904
6.01057 6.86634 0.320486
6.67524 6.63751 0.319718
6.31934 6.06352 0.308614
6.09643 6.5573 0.334599
6.68273 6.38157 0.308927
6.37767 7.01663 0.323593
6.00879 6.25246 0.313983
6.00879 6.25246 0.313983
6.62556 6.29107 0.324099
6.62556 6.29107 0.324099
6.62556 6.29107 0.324099
6.62556 6.29107 0.324099
6.49872 6.96957 0.314114
6.37298 5.75501 0.319
6.38873 6.40402 0.321287
6.38873 6.40402 0.321287
5.84072 6.56403 0.310539
6.43144 6.29047 0.306604
6.43144 6.29047 0.306604
6.62664 6.20242 0.32435
6.72464 6.36109 0.319172
6.57524 6.18993 0.326936
6.2461 5.81811 0.324965
6.2461 5.81811 0.324965
6.23765 6.30766 0.327856
6.43762 6.49565 0.320384
6.47407 6.1088 0.307526
6.47407 6.1088 0.307526
6.30522 6.26217 0.31355
6.30522 6.26217 0.31355
6.03636 6.18118 0.316151
6.03636 6.18118 0.316151
5.92717 6.16516 0.314062
5.92717 6.16516 0.314062
6.35716 5.87004 0.306354
6.35716 5.87004 0.306354
6.1047 6.52891 0.291361
6.24098 5.96263 0.307748
6.86025 6.43554 0.330081
5.87525 6.2673 0.33026
5.87525 6.2673 0.33026
6.89302 6.05664 0.323643
6.16019 6.73752 0.316217
6.04628 6.75222 0.315362
6.04628 6.75222 0.315362
6.2738 6.82714 0.313222
5.92186 6.11365 0.32442
6.08273 6.53937 0.314046
6.08815 6.70331 0.324149
6.10603 6.73373 0.321945
6.10603 6.73373 0.321945
6.37579 5.8332 0.329366
6.37579 5.8332 0.329366
6.96495 6.16506 0.314896
6.03603 6.16285 0.297478
6.37774 6.0211 0.306963
6.54845 5.99097 0.315398
6.54845 5.99097 0.315398
5.98784 6.39597 0.324708
6.54527 6.74927 0.31076
6.4021 6.28543 0.323238
6.56821 5.84565 0.30231
6.09593 6.05147 0.30927
6.09593 6.05147 0.30927
6.09593 6.05147 0.30927
6.57693 7.1114 0.317241
6.57693 7.1114 0.317241
6.22042 6.37251 0.315937
6.30438 6.58182 0.303367
6.02593 6.57209 0.314949
6.29114 6.48424 0.329457
6.91828 6.1522 0.315487
6.91828 6.1522 0.315487
6.91828 6.1522 0.315487
6.31733 6.49887 0.298155
6.08373 6.33185 0.312297
6.08373 6.33185 0.312297
6.02942 6.02296 0.307069
6.13618 6.41072 0.311249
6.43547 6.61161 0.327245
6.22915 6.17638 0.306191
6.55127 6.73357 0.306546
6.40384 6.26403 0.305233
6.40384 6.26403 0.305233
6.40384 6.26403 0.305233
6.09888 6.55368 0.323224
6.12392 6.26254 0.31162
6.60066 6.04358 0.328036
6.60066 6.04358 0.328036
6.54531 6.53462 0.310593
5.57836 6.78707 0.327779
5.84717 6.58324 0.315529
6.66395 6.31187 0.308095
6.66395 6.31187 0.308095
6.39817 6.66102 0.293591
6.39817 6.66102 0.293591
5.83144 6.46952 0.326958
6.26977 6.21912 0.326694
6.37209 6.45114 0.30872
6.45899 6.30312 0.304838
6.40027 6.5875 0.327236
5.97597 6.38029 0.306696
6.34106 6.03507 0.312257
6.17737 5.98037 0.305409
6.04212 6.92707 0.310362
6.53467 5.97301 0.30219
6.38304 5.96223 0.31852
6.38304 5.96223 0.31852
6.38304 5.96223 0.31852
6.59923 6.48362 0.289492
6.301 6.50837 0.316321
6.301 6.50837 0.316321
5.84666 5.93296 0.326237
5.94239 6.82816 0.326559
6.65016 5.90758 0.309997
6.4384 6.32406 0.329596
6.33525 6.10842 0.314186
6.33747 6.16153 0.323988
6.33747 6.16153 0.323988
5.82688 6.19243 0.328232
6.246 6.7968 0.315427
6.61432 5.92891 0.305222
6.21316 6.15484 0.307909
6.59229 6.33753 0.32122
6.32346 6.70137 0.33121
6.10712 6.69616 0.305329
5.71313 6.74689 0.30661
6.13774 5.98179 0.313293
6.4145 6.70758 0.319177
6.16082 6.47423 0.319263
6.0027 6.73999 0.319406
6.59952 6.0296 0.315349
6.61302 5.80459 0.314114
6.20549 6.32727 0.314003
6.36381 6.41133 0.321348
6.50382 5.88211 0.328055
6.50382 5.88211 0.328055
6.52128 6.23164 0.31937
6.59352 6.99455 0.322987
6.25961 6.50286 0.306319
6.30698 6.05081 0.308592
6.21816 6.41568 0.326755
6.21816 6.41568 0.326755
6.07834 6.72689 0.311948
6.32245 6.54118 0.320819
6.56445 6.43145 0.305412
7.09975 5.51911 0.321076
5.69904 5.57108 0.324495
5.69904 5.57108 0.324495
6.50393 6.24255 0.310973
6.50393 6.24255 0.310973
5.91745 6.87888 0.334671
6.17159 6.61333 0.29814
6.42034 6.43424 0.310733
6.25918 5.87435 0.317954
5.86792 6.37626 0.337001
5.86792 6.37626 0.337001
6.10444 6.28866 0.325545
6.33441 6.0211 0.323641
6.24212 6.70896 0.332294
6.24212 6.70896 0.332294
6.29403 6.13017 0.311103
5.97052 5.687 0.312117
5.98707 6.67269 0.329336
5.98707 6.67269 0.329336
5.98707 6.67269 0.329336
6.57845 6.08718 0.341154
5.82056 6.41784 0.307962
6.24546 6.15228 0.320223
6.40303 6.21618 0.322943
5.72748 6.51363 0.316973
6.8106 6.19636 0.321706
6.31192 6.91712 0.322883
6.846 6.13823 0.314096
6.846 6.13823 0.314096
6.42262 6.35713 0.327753
6.43189 5.62082 0.317149
6.23332 6.45119 0.313606
6.32917 6.70993 0.309435
6.61367 5.94723 0.316646
6.37235 6.39607 0.331403
6.80899 5.88311 0.320161
6.80899 5.88311 0.320161
6.59176 6.27985 0.317364
6.59176 6.27985 0.317364
6.61489 6.26487 0.315951
5.94154 6.53672 0.32254
5.94154 6.53672 0.32254
6.24375 6.48237 0.292881
6.7658 6.35275 0.307277
5.7184 6.11665 0.308135
6.34941 5.54315 0.3112
6.34496 5.76588 0.314462
6.28096 6.35184 0.333299
6.28096 6.35184 0.333299
5.92113 6.66762 0.296169
5.92113 6.66762 0.296169
5.99234 6.05077 0.321505
6.35272 6.6972 0.323443
6.02568 6.44122 0.327136
6.02568 6.44122 0.327136
6.33183 6.36703 0.321941
6.12474 6.42308 0.311474
6.12474 6.42308 0.311474
6.17234 5.99744 0.322636
6.17234 5.99744 0.322636
6.35971 5.7249 0.309511
6.24874 5.91862 0.314666
6.4719 5.69883 0.336058
6.23884 6.08238 0.312345
5.99719 6.8479 0.331449
5.99719 6.8479 0.331449
6.47159 6.63465 0.307428
6.64764 6.73467 0.316146
6.80445 6.70466 0.325622
6.10895 6.58177 0.306211
6.08288 6.52554 0.325347
6.08288 6.52554 0.325347
6.47729 6.22744 0.322553
6.56065 6.68902 0.325541
6.28877 6.21365 0.299237
6.28877 6.21365 0.299237
6.28877 6.21365 0.299237
6.78173 6.5669 0.339135
6.78173 6.5669 0.339135
6.04437 6.47227 0.298116
6.59129 6.32951 0.304496
6.84999 6.33822 0.320446
6.84999 6.33822 0.320446
6.26014 6.38322 0.321524
6.50793 6.59144 0.313627
6.65886 6.24211 0.305011
6.59185 6.56368 0.318612
6.20465 6.37023 0.30657
6.24319 5.73112 0.303225
6.70125 6.30081 0.324152
6.70125 6.30081 0.324152
5.97988 6.50495 0.310491
6.73391 5.93063 0.320441
6.40007 6.23188 0.310398
6.33292 6.26061 0.312337
6.5897 6.4238 0.332893
6.5035 6.43972 0.318897
6.23903 6.45254 0.318352
6.10628 6.69688 0.318502
6.38745 6.44006 0.309481
6.17384 6.21556 0.300461
6.41736 6.48518 0.331461
6.03057 6.02478 0.319337
6.56259 6.31305 0.322137
6.96644 6.37791 0.334847
6.96644 6.37791 0.334847
6.58182 6.56469 0.297664
5.95398 6.02521 0.33914
5.71882 5.95255 0.312175
6.05073 5.87148 0.313029
6.66854 6.37472 0.323193
6.22804 5.96584 0.309388
6.42092 6.75742 0.323637
6.38925 6.34908 0.323147
6.81083 6.1826 0.330982
6.59542 6.5534 0.321756
6.20337 5.98332 0.315033
6.20337 5.98332 0.315033
6.17812 6.48056 0.321388
6.17812 6.48056 0.321388
5.36496 6.67056 0.321948
6.50806 6.01285 0.318617
6.2758 6.31908 0.321469
6.42993 6.56895 0.3203
6.42993 6.56895 0.3203
5.69934 6.00368 0.307947
6.22722 6.59884 0.320023
6.11734 6.52354 0.320556
6.24888 6.0409 0.313495
6.24888 6.0409 0.313495
6.35864 6.71198 0.325734
5.94086 6.38728 0.303803
6.54982 5.99747 0.340707
6.4634 6.65868 0.313884
6.41599 6.48714 0.299901
6.81271 6.56721 0.320484
6.81271 6.56721 0.320484
6.30553 6.16537 0.321959
6.38067 6.19291 0.310878
6.38067 6.19291 0.310878
6.526 6.23849 0.319191
6.60733 6.82785 0.33094
6.60733 6.82785 0.33094
6.01241 5.74919 0.322819
6.93044 6.2408 0.315609
6.02125 6.17669 0.316916
6.39877 5.80063 0.311487
6.39877 5.80063 0.311487
6.35404 6.3072 0.308655
6.42295 6.57262 0.320683
6.2443 6.19996 0.302174
5.48099 6.32973 0.319474
6.47409 6.73046 0.323428
6.71184 6.83974 0.338481
6.71184 6.83974 0.338481
6.65183 6.48399 0.312287
6.65183 6.48399 0.312287
6.43975 5.87344 0.333015
6.65503 6.1284 0.313398
6.7185 6.46602 0.314788
6.7185 6.46602 0.314788
5.95917 6.21895 0.315795
6.80431 6.34339 0.326143
6.22713 6.17183 0.308289
6.22713 6.17183 0.308289
6.69548 6.02837 0.328919
6.69548 6.02837 0.328919
6.52687 6.85206 0.327555
6.52687 6.85206 0.327555
6.52687 6.85206 0.327555
6.45133 6.06277 0.326574
5.87547 6.68368 0.319594
6.1667 6.22799 0.309238
6.1667 6.22799 0.309238
6.74745 6.34227 0.320059
6.27492 6.2796 0.308732
6.27492 6.2796 0.308732
6.07636 6.69929 0.333916
6.07636 6.69929 0.333916
6.49729 6.27267 0.319798
6.49729 6.27267 0.319798
6.21053 6.67862 0.30507
6.21053 6.67862 0.30507
5.89083 6.3351 0.311105
5.89083 6.3351 0.311105
6.30647 6.56036 0.30771
6.30647 6.56036 0.30771
6.68407 6.49456 0.335732
6.68407 6.49456 0.335732
6.68407 6.49456 0.335732
5.90057 6.50555 0.299278
5.90057 6.50555 0.299278
5.90057 6.50555 0.299278
6.65304 5.98085 0.312365
6.59614 6.36676 0.315622
5.68656 6.8417 0.305107
5.94939 6.35555 0.303539
6.48905 6.33881 0.310297
6.73069 6.62273 0.306347
6.73069 6.62273 0.306347
5.85366 6.34567 0.305523
5.85366 6.34567 0.305523
6.53403 6.67967 0.309074
6.39121 5.86278 0.320325
6.2915 6.33332 0.306563
6.88716 6.22725 0.302565
6.12156 6.31395 0.300561
6.12156 6.31395 0.300561
5.94949 5.80718 0.316137
6.03437 6.15222 0.323277
6.49394 6.05596 0.329908
6.13783 6.48364 0.303863
6.13783 6.48364 0.303863
6.13783 6.48364 0.303863
6.37971 6.12394 0.317062
6.36316 6.58443 0.318313
6.00788 5.85074 0.307245
6.00788 5.85074 0.307245
6.12382 6.07531 0.304512
6.51672 6.10298 0.326361
6.55173 6.19172 0.312222
6.55173 6.19172 0.312222
6.15302 6.42414 0.328685
6.24631 6.08183 0.304339
6.24631 6.08183 0.304339
6.24631 6.08183 0.304339
6.0481 6.04455 0.324677
6.57086 6.19793 0.300317
6.89865 6.84798 0.305304
6.42914 6.42866 0.30935
6.73679 6.05007 0.294476
6.08743 6.64918 0.308165
6.08743 6.64918 0.308165
6.57109 5.53653 0.317635
6.41072 6.12773 0.304682
6.52305 6.38244 0.316532
6.19868 6.27521 0.323723
6.96226 6.55862 0.300431
7.01857 5.90652 0.319809
6.25254 6.01626 0.304139
6.25254 6.01626 0.304139
6.2121 5.73612 0.316383
6.2121 5.73612 0.316383
6.05583 6.43346 0.306617
6.22628 6.39515 0.329665
6.07681 5.92941 0.308625
6.79303 6.47808 0.316491
6.64204 6.31752 0.31962
6.67039 6.38134 0.310075
6.29295 6.91751 0.303765
6.35039 5.97922 0.335606
6.56558 6.51968 0.308759
6.5821 6.33304 0.313336
6.5821 6.33304 0.313336
6.3926 6.46566 0.327358
6.4349 6.82747 0.320086
6.28664 5.95488 0.32082
6.28664 5.95488 0.32082
6.28664 5.95488 0.32082
6.30977 6.31546 0.31371
6.08564 6.49998 0.320157
6.08564 6.49998 0.320157
5.95513 6.60774 0.315069
5.92625 6.4848 0.309472
6.56612 6.39216 0.317813
6.62244 6.52646 0.316494
6.62244 6.52646 0.316494
6.20055 5.83759 0.335168
6.27957 6.48132 0.304449
6.27957 6.48132 0.304449
6.64642 6.56531 0.312252
6.64642 6.56531 0.312252
6.79664 6.07648 0.319234
6.04756 6.17984 0.320345
6.61163 6.53645 0.324973
6.61163 6.53645 0.324973
6.64207 6.64262 0.327591
6.79142 6.54198 0.32245
6.72163 5.97454 0.304429
6.43703 6.10409 0.322625
6.43703 6.10409 0.322625
6.43703 6.10409 0.322625
6.31603 6.55267 0.311083
6.31603 6.55267 0.311083
6.31603 6.55267 0.311083
6.31603 6.55267 0.311083
6.23427 6.13449 0.316792
6.04004 7.08059 0.315616
6.63132 6.03543 0.321579
5.97855 6.48702 0.311881
6.19102 6.58049 0.32292
6.323 6.11148 0.3179
6.323 6.11148 0.3179
6.323 6.11148 0.3179
6.63959 5.94607 0.319323
6.27545 6.64754 0.31699
6.27545 6.64754 0.31699
6.27545 6.64754 0.31699
5.84163 6.22982 0.317223
5.93056 5.91082 0.303821
6.69951 6.35072 0.313632
6.61312 6.07174 0.3172
6.70625 6.5538 0.308623
6.70625 6.5538 0.308623
6.33372 5.81848 0.318594
6.33372 5.81848 0.318594
6.33372 5.81848 0.318594
6.96781 6.26597 0.319582
6.61779 6.69137 0.319506
6.05368 6.78171 -0.00190314
6.09761 6.11314 0.0127476
6.52832 6.04389 -0.00123621
6.52832 6.04389 -0.00123621
6.52832 6.04389 -0.00123621
6.05422 6.52431 -0.0135614
5.97114 6.34453 -0.00550651
6.29245 6.23731 0.0114297
6.29245 6.23731 0.0114297
6.29245 6.23731 0.0114297
6.65041 7.00572 0.017279
6.65041 7.00572 0.017279
5.74701 5.97712 0.0100498
5.74701 5.97712 0.0100498
6.52325 6.70206 0.0107546
6.56046 6.34234 -0.000850375
5.87417 6.37691 -0.012392
5.94356 6.28051 0.00546345
5.94356 6.28051 0.00546345
6.30559 6.0433 0.0151491
6.77977 6.50494 0.00102783
6.13641 6.16595 -0.0181984
6.13641 6.16595 -0.0181984
6.13641 6.16595 -0.0181984
6.3541 6.21481 -0.0122755
6.54482 6.00661 0.0104022
5.74393 6.26275 -0.0127737
6.30718 6.44152 0.0188217
6.56836 6.75177 0.0159743
6.4693 6.11353 -0.00543196
5.9098 6.37266 0.00537434
5.9098 6.37266 0.00537434
6.21103 5.94253 0.018134
6.09861 6.45492 -0.00353928
6.16103 6.56914 -0.00806345
5.89444 6.29317 -0.00220583
5.89444 6.29317 -0.00220583
6.39223 6.0913 0.0145878
6.39223 6.0913 0.0145878
6.39223 6.0913 0.0145878
6.39223 6.0913 0.0145878
6.03189 6.34183 0.00154359
6.35749 5.96627 -0.00708072
6.35749 5.96627 -0.00708072
6.35749 5.96627 -0.00708072
6.35749 5.96627 -0.00708072
6.61601 6.50936 0.00342794
6.61601 6.50936 0.00342794
6.32477 6.52198 -0.00449975
6.53752 6.18683 -0.000644036
6.57395 6.35591 -0.00106242
6.57395 6.35591 -0.00106242
6.0703 6.78344 0.0243023
5.95697 6.52407 -0.00484468
5.95697 6.52407 -0.00484468
5.95697 6.52407 -0.00484468
6.26413 6.23615 -0.0138519
5.898 6.36205 0.0162519
6.36655 6.31032 0.0091223
6.52969 6.00604 -0.0026913
5.95695 6.5245 0.00646406
5.95695 6.5245 0.00646406
5.95695 6.5245 0.00646406
6.71159 5.90747 -0.00573965
6.71159 5.90747 -0.00573965
5.69958 6.10771 0.00998143
6.12737 6.32279 -0.00125935
5.88451 6.03428 0.00350807
5.88451 6.03428 0.00350807
6.31587 6.48085 -0.00144023
6.3478 6.07848 -0.00331401
6.12887 5.82679 -0.00703606
6.12887 5.82679 -0.00703606
6.02381 6.28923 0.00605961
6.02381 6.28923 0.00605961
6.02381 6.28923 0.00605961
6.07914 6.229 0.00623602
6.07914 6.229 0.00623602
6.68604 6.23657 0.000755786
6.21627 6.46501 -0.00177506
6.13828 6.01126 -0.00689528
5.41539 6.41942 -0.000351488
6.97383 5.99487 -0.00280072
6.97383 5.99487 -0.00280072
6.15033 5.98691 -0.0130086
6.15033 5.98691 -0.0130086
6.3855 6.46779 0.0137855
5.95954 6.6658 -0.0018138
5.79545 5.87954 -0.000833122
5.79545 5.87954 -0.000833122
6.52941 6.48314 -0.000979618
6.52941 6.48314 -0.000979618
6.00322 5.78519 0.00684455
5.86226 5.99641 0.00139199
5.86226 5.99641 0.00139199
5.87662 5.65295 -0.0213931
6.4418 6.45194 0.0014527
6.4418 6.45194 0.0014527
6.4418 6.45194 0.0014527
6.4418 6.45194 0.0014527
6.4418 6.45194 0.0014527
6.21375 6.00973 0.00779227
6.14971 6.77915 -0.00637191
6.14971 6.77915 -0.00637191
6.49091 6.75063 0.0153372
6.36656 5.5495 0.30975
6.41845 5.864 0.32683
5.91859 6.12778 0.320636
6.34906 6.36652 0.324218
6.33664 6.52188 0.335641
7.07306 6.45843 0.304426
6.14995 6.48448 0.300504
5.66645 6.01972 0.319419
6.05324 6.48266 0.32004
6.82305 6.82154 0.322142
6.77525 6.15215 0.337662
6.19933 6.35572 0.316433
6.18755 6.82471 0.333902
6.59277 6.25849 0.319425
6.93518 6.36841 0.317506
6.5971 5.91603 0.304816
6.04668 6.16307 0.324059
6.04668 6.16307 0.324059
6.62369 6.07203 0.329295
6.2136 6.14366 0.332149
6.50369 6.30142 0.313917
6.07936 6.56811 0.335129
7.11677 6.34124 0.325869
6.54188 5.53332 0.328067
6.41194 6.4512 0.29943
5.99868 6.02516 0.316259
5.99868 6.02516 0.316259
6.17333 6.54331 0.329278
5.94899 6.51469 0.321672
5.94899 6.51469 0.321672
6.10233 6.65234 0.306549
6.10233 6.65234 0.306549
6.32592 6.01802 0.307571
6.32592 6.01802 0.307571
5.81551 6.40011 0.329999
6.06604 6.69761 0.32258
6.37305 6.16367 0.316515
6.67332 6.9207 0.328307
6.67332 6.9207 0.328307
6.36579 6.49246 0.316468
6.74984 6.81095 0.318711
6.09452 6.2906 0.305566
6.09452 6.2906 0.305566
6.68234 6.34553 0.320606
6.68234 6.34553 0.320606
6.12578 6.27301 0.318814
6.64257 6.84547 0.30448
6.64257 6.84547 0.30448
6.37169 6.33616 0.30465
6.3914 6.55141 0.315782
6.3914 6.55141 0.315782
6.11591 6.49366 0.31429
6.02073 6.2638 0.302826
6.95832 6.82689 0.306429
6.95832 6.82689 0.306429
6.86433 6.20931 0.311197
7.03376 5.94817 0.323659
5.89226 6.09188 0.319599
5.89226 6.09188 0.319599
6.65438 6.70566 0.310432
6.65438 6.70566 0.310432
6.65438 6.70566 0.310432
6.09975 5.80694 0.328196
6.27709 6.05228 0.31906
6.27709 6.05228 0.31906
6.53707 6.97121 0.311451
6.56068 7.01218 0.306486
6.48417 6.23828 0.302574
6.24462 6.70334 0.312879
6.5791 6.51141 0.335727
6.5791 6.51141 0.335727
6.00115 6.43519 0.331852
5.96987 6.30763 0.316877
5.96987 6.30763 0.316877
5.80645 6.09606 0.330622
6.43449 6.51651 0.325854
6.43449 6.51651 0.325854
6.43449 6.51651 0.325854
6.09799 6.20292 0.329591
6.73594 6.62716 0.324939
6.58208 6.46478 0.306551
6.35518 6.74215 0.326689
6.62031 6.33601 0.303968
6.1764 6.19918 0.319412
5.97492 6.81567 0.30782
5.97492 6.81567 0.30782
6.34665 6.18375 0.31554
6.04624 6.38464 0.318852
6.20588 5.59837 0.331715
6.82158 6.67574 0.321759
6.82158 6.67574 0.321759
6.86114 6.38819 0.333018
6.49805 6.4238 0.318049
6.74417 6.8197 0.316065
6.74417 6.8197 0.316065
6.44234 6.47714 0.302398
6.44234 6.47714 0.302398
6.93954 6.53811 0.323535
6.05359 6.19179 0.316787
6.09074 6.09041 0.315306
6.63419 6.26498 0.307011
6.63419 6.26498 0.307011
6.63419 6.26498 0.307011
6.27845 6.11426 0.328498
6.27845 6.11426 0.328498
6.56208 6.1127 0.317481
6.23958 5.74646 0.32704
5.78883 5.9972 0.315106
6.32812 6.36067 0.314712
6.30407 6.64045 0.309488
6.61083 6.49667 0.300171
6.11632 6.29109 0.318139
6.61819 7.11092 0.288405
6.30729 6.36189 0.308243
6.30729 6.36189 0.308243
6.12517 6.79287 0.309132
6.12517 6.79287 0.309132
6.12517 6.79287 0.309132
6.46284 5.77604 0.302194
6.46284 5.77604 0.302194
6.79723 6.56943 0.320403
6.52354 6.60212 0.309426
6.57341 5.51674 0.294508
6.25524 5.93185 0.301886
6.45283 6.4713 0.327551
6.11435 6.76987 0.324504
6.56664 6.62462 0.318226
6.56664 6.62462 0.318226
6.69612 5.79062 0.320855
6.56476 6.36492 0.334911
6.7674 6.46041 0.311447
6.02414 6.32141 0.316292
6.00991 6.42286 0.327991
6.00991 6.42286 0.327991
6.40068 6.19939 0.315574
6.40068 6.19939 0.315574
6.40068 6.19939 0.315574
5.98666 6.38958 0.312625
5.97879 6.29286 0.327238
6.49871 5.9733 0.318868
6.49871 5.9733 0.318868
5.95662 6.27965 0.303115
6.38915 6.12083 0.306998
6.38915 6.12083 0.306998
6.3113 6.16394 0.317502
6.54188 6.35765 0.328796
6.65038 5.79568 0.329369
6.42238 6.61775 0.318018
6.42238 6.61775 0.318018
6.39127 5.49306 0.325052
6.09945 6.60036 0.303015
6.02495 6.61314 0.327689
6.29725 6.01137 0.309057
6.48404 6.49568 0.317465
5.66118 6.39763 0.316112
6.56641 6.81644 0.306528
6.59941 6.57616 0.322378
6.59931 6.1202 0.312979
6.37664 6.86001 0.328783
6.09082 5.87229 0.327981
6.09082 5.87229 0.327981
6.70056 6.4031 0.326096
6.12899 6.21796 0.31202
6.21227 6.35638 0.308421
6.21227 6.35638 0.308421
6.19242 6.36252 0.309402
6.19242 6.36252 0.309402
6.58307 6.24999 0.337375
6.64445 6.13004 0.320487
6.37481 6.60614 0.334085
6.46699 6.00453 0.328451
5.98956 6.22994 0.310543
6.11241 6.52959 0.32332
6.11241 6.52959 0.32332
6.28521 6.56049 0.31439
6.28318 6.63021 0.320678
6.66107 6.12885 0.31183
7.08955 6.67891 0.325325
7.08955 6.67891 0.325325
6.09377 6.0499 0.305694
6.09377 6.0499 0.305694
6.44801 6.05483 0.309721
6.26316 5.988 0.319256
6.35702 6.60381 0.312984
6.27523 6.60898 0.319098
6.27523 6.60898 0.319098
6.60511 6.41895 0.323497
6.3283 6.41736 0.32979
5.9829 6.53586 0.307664
6.34092 6.52543 0.316888
6.34092 6.52543 0.316888
6.20416 6.05213 0.307487
6.73346 6.53945 0.316597
6.61287 6.23861 0.308242
6.95971 6.76118 0.318396
6.82304 6.19662 0.309031
6.66246 6.92243 0.324088
6.32612 6.42297 0.321148
6.17364 6.39085 0.323466
6.58302 5.93665 0.32356
6.2016 6.55117 0.320678
6.31655 6.59699 0.315501
6.41133 6.61577 0.324719
6.21717 6.30718 0.321463
7.01108 6.25798 0.308341
7.01108 6.25798 0.308341
5.76173 6.30908 0.326985
5.76173 6.30908 0.326985
6.3933 6.05748 0.321803
6.2746 5.82789 0.298105
6.2746 5.82789 0.298105
6.87757 6.00564 0.326614
6.22989 6.51325 0.333844
6.22989 6.51325 0.333844
6.38913 5.90301 0.308997
6.38913 5.90301 0.308997
5.51427 6.40023 0.328552
5.89655 6.29559 0.329279
6.49798 6.03144 0.309886
6.49798 6.03144 0.309886
6.45396 6.43328 0.312526
6.25368 6.02616 0.324887
6.25368 6.02616 0.324887
6.55556 6.12376 0.321043
6.55556 6.12376 0.321043
6.55556 6.12376 0.321043
6.35377 6.35804 0.320042
6.35907 6.43815 0.319798
6.35907 6.43815 0.319798
6.40312 6.21511 0.307275
6.59488 6.31392 0.310788
6.59488 6.31392 0.310788
6.13815 5.97664 0.300696
6.13815 5.97664 0.300696
6.24641 6.16706 0.307046
6.15661 6.42871 0.311716
6.15661 6.42871 0.311716
6.29443 6.49677 0.330487
6.30137 5.5211 0.312334
6.05202 6.93077 0.336412
5.85825 6.45818 0.293552
5.85825 6.45818 0.293552
6.56445 5.87346 0.329017
6.21923 6.2231 0.302799
5.67642 5.96775 0.310941
6.51656 6.38579 0.317893
5.66036 6.65948 0.325395
6.67085 5.54453 0.320566
6.67085 5.54453 0.320566
6.67085 5.54453 0.320566
6.3947 6.50978 0.324999
6.24552 6.35347 0.319974
6.38376 5.93684 0.331955
6.1448 6.93471 0.320188
6.1448 6.93471 0.320188
6.11468 5.93368 0.309053
6.11443 6.22331 0.308012
6.19322 6.52079 0.315103
6.81373 6.7628 0.323443
5.66535 6.44309 0.310088
5.9804 6.81536 0.31442
6.77331 6.2113 0.329893
6.77331 6.2113 0.329893
6.74928 6.51434 0.316048
5.61178 6.04738 0.319926
5.61178 6.04738 0.319926
6.1614 6.92808 0.306623
6.1614 6.92808 0.306623
6.26413 6.7352 0.320522
6.74976 5.81316 0.325245
6.24636 6.07138 0.308545
6.53616 6.26137 0.310568
6.53616 6.26137 0.310568
6.46758 6.08144 0.319445
6.20167 6.13085 0.334888
5.73734 6.55825 0.322694
6.332 6.60613 0.31124
6.332 6.60613 0.31124
6.332 6.60613 0.31124
6.74034 5.83747 0.31383
6.91266 6.09263 0.310591
6.91266 6.09263 0.310591
6.11326 6.22675 0.316109
6.59311 6.1457 0.332387
6.86082 6.47073 0.317516
6.86082 6.47073 0.317516
6.86082 6.47073 0.317516
6.3944 6.51142 0.311751
6.3944 6.51142 0.311751
6.64356 6.49364 0.31337
6.64356 6.49364 0.31337
6.12464 6.28696 0.322719
6.43189 7.10088 0.31094
6.19004 6.25676 0.325238
6.27689 6.14862 0.323184
6.61774 5.77478 0.324575
6.61774 5.77478 0.324575
6.82598 6.70072 0.310919
6.82598 6.70072 0.310919
6.53097 6.40673 0.323966
6.53097 6.40673 0.323966
6.38144 6.40517 0.330449
6.20287 6.13863 0.304737
6.54332 6.48216 0.311676
6.54332 6.48216 0.311676
6.16826 5.94865 0.313174
6.16826 5.94865 0.313174
6.45938 6.86458 0.328262
6.91753 6.26667 0.323734
6.98612 6.78144 0.325598
6.2298 6.80694 0.310493
6.17091 6.53075 0.321995
6.6853 6.06073 0.315268
6.6853 6.06073 0.315268
6.01583 6.47985 0.336782
6.59943 6.29286 0.318246
6.00794 6.39741 0.314435
6.39199 6.56524 0.314419
6.47043 6.38949 0.299108
6.37335 6.30457 0.323649
6.37335 6.30457 0.323649
6.77198 6.51454 0.320173
6.01551 6.296 0.324149
6.01551 6.296 0.324149
6.10643 6.71222 0.310241
6.69438 5.93757 0.314539
6.53172 6.37001 0.316253
6.68768 6.91994 0.304731
6.57526 5.70131 0.331817
5.73905 6.30456 0.299232
6.17302 6.4509 0.307467
6.56289 6.20394 0.316829
6.12958 5.99203 0.316387
6.38297 6.20406 0.339981
6.38297 6.20406 0.339981
6.38297 6.20406 0.339981
6.63507 6.95945 0.321662
6.63507 6.95945 0.321662
6.94783 6.18202 0.314829
6.39656 6.55447 0.296787
6.50124 6.61911 0.313449
7.02399 6.34523 0.323374
6.05326 6.12096 0.317357
6.34022 6.2854 0.297377
6.10423 6.35782 0.326471
6.10423 6.35782 0.326471
6.10423 6.35782 0.326471
6.32822 6.56676 0.341119
6.32822 6.56676 0.341119
6.09561 6.42608 0.309651
6.09561 6.42608 0.309651
6.09561 6.42608 0.309651
6.80098 6.22481 0.318834
6.80098 6.22481 0.318834
6.20133 6.27341 0.303711
6.35082 6.15418 0.295623
6.459 5.95035 0.304299
6.459 5.95035 0.304299
6.59382 6.17217 0.332058
6.70528 6.07349 0.296359
6.49272 6.33915 0.316077
5.58284 6.21465 0.328901
6.43381 6.51635 0.330065
6.15688 6.2011 0.315769
6.15688 6.2011 0.315769
6.23749 6.47391 0.317482
6.2741 6.01163 0.325671
6.2741 6.01163 0.325671
6.06761 6.07854 0.313448
6.06761 6.07854 0.313448
6.3074 6.65252 0.31832
6.60603 6.8433 0.308668
6.43452 5.9181 0.315316
6.43452 5.9181 0.315316
6.44487 6.22387 0.312602
6.58705 6.33181 0.323359
6.24444 6.95329 0.315419
5.84507 6.40952 0.323364
5.84507 6.40952 0.323364
6.58093 5.99992 0.316919
6.19209 6.48216 0.326788
5.96563 6.11097 0.32922
6.44962 6.63751 0.339097
6.34559 5.63339 0.303005
6.22574 5.74414 0.328
6.56866 6.73205 0.32324
6.56866 6.73205 0.32324
6.56866 6.73205 0.32324
6.0753 6.52703 0.330525
6.0753 6.52703 0.330525
6.24599 5.92578 0.324897
6.73638 6.40352 0.324314
6.2971 6.46172 0.326626
6.22003 6.40522 0.315539
6.57486 6.03107 0.315791
5.95741 6.25805 0.328071
5.95741 6.25805 0.328071
6.71029 6.64797 0.294988
6.32892 6.32503 0.311271
6.46972 6.37436 0.323159
5.7401 6.12247 0.322264
6.46247 6.54312 0.314131
5.98345 6.51474 0.309853
6.42921 6.19693 0.310883
6.42921 6.19693 0.310883
6.3527 6.75903 0.312225
6.07427 6.34328 0.313484
6.52764 6.08075 0.320386
6.52764 6.08075 0.320386
6.52764 6.08075 0.320386
6.2376 6.33995 0.317279
6.49262 6.34063 0.304999
6.49262 6.34063 0.304999
5.9616 5.73127 0.328784
5.9616 5.73127 0.328784
6.21266 6.21703 0.302218
6.60249 5.85498 0.308054
6.40517 6.52188 0.31979
6.56512 6.69591 0.327559
6.17542 6.3716 0.327503
6.32277 6.476 0.32053
6.28575 6.49283 0.323884
6.28575 6.49283 0.323884
6.28575 6.49283 0.323884
7.04157 6.12348 0.3196
6.53347 6.19311 0.318695
6.2867 5.72326 0.316898
6.14801 6.84594 0.310009
6.14801 6.84594 0.310009
6.12608 6.19924 0.322523
6.12608 6.19924 0.322523
6.12608 6.19924 0.322523
7.14757 6.6775 0.301237
6.29991 6.25075 0.325533
6.24378 6.40539 0.330881
6.24378 6.40539 0.330881
5.87268 6.50417 0.329054
5.87268 6.50417 0.329054
6.17066 5.93713 0.323565
6.1888 6.20671 0.293101
6.1888 6.20671 0.293101
6.1888 6.20671 0.293101
6.18993 6.50372 0.316242
6.18993 6.50372 0.316242
6.98681 6.50225 0.309874
6.58675 6.59686 0.313495
6.69096 6.11986 0.329331
6.69096 6.11986 0.329331
6.06235 6.11866 0.320049
6.54538 6.14633 0.303609
6.97055 6.7795 0.339124
6.89852 6.29737 0.307734
6.89852 6.29737 0.307734
7.06137 6.63636 0.29269
6.61731 5.94424 0.317833
6.93642 6.47881 0.304678
6.93642 6.47881 0.304678
6.93642 6.47881 0.304678
6.22063 6.56866 0.296286
6.47898 6.64867 0.32268
6.67952 6.64684 0.307539
6.25578 5.9352 0.321963
6.63499 6.24104 0.323714
6.63499 6.24104 0.323714
6.32023 6.73352 0.321581
6.22698 5.85152 0.329568
6.44057 6.09809 0.330603
6.44057 6.09809 0.330603
6.06202 6.41755 0.323858
6.65524 6.2059 0.329897
6.03457 6.22445 0.322257
6.38396 6.44292 0.328166
6.38396 6.44292 0.328166
7.08799 6.43273 0.322874
6.52714 7.14818 0.317573
6.30616 6.12174 0.32717
6.06684 6.41084 0.305584
6.12929 6.66216 0.334171
5.85741 6.73437 0.292603
5.97603 6.75222 0.317976
5.97603 6.75222 0.317976
6.80622 6.25115 0.318868
5.99496 5.80244 0.314529
6.82725 6.49878 0.300789
6.17493 5.69407 0.319808
6.17493 5.69407 0.319808
6.37996 6.00475 0.30607
6.37996 6.00475 0.30607
5.39559 6.74502 0.317521
6.13885 6.29232 0.304883
6.49279 5.75228 0.318462
6.49279 5.75228 0.318462
6.23192 6.09131 0.314253
6.27146 5.96185 0.32286
6.05975 6.54361 0.324603
6.60783 6.36035 0.317978
6.39836 6.6649 0.33001
6.39836 6.6649 0.33001
6.39573 6.68446 0.322316
6.18637 6.79176 0.319795
6.80724 6.12853 0.292746
6.80724 6.12853 0.292746
6.80724 6.12853 0.292746
6.26285 6.67075 0.297992
6.26285 6.67075 0.297992
6.6429 6.06332 0.300075
6.6429 6.06332 0.300075
6.19605 6.83179 0.311046
6.23733 6.24324 0.333398
6.23733 6.24324 0.333398
6.2598 6.66335 0.31829
6.23805 5.8638 0.311592
6.23805 5.8638 0.311592
6.46518 6.08354 0.303702
6.46518 6.08354 0.303702
6.78287 6.17805 0.326755
5.85116 6.3859 0.309227
6.37687 6.41994 0.317327
6.37687 6.41994 0.317327
6.57701 6.34142 0.326894
6.57701 6.34142 0.326894
6.65413 6.85823 0.307639
6.69119 5.93585 0.324916
6.34617 6.27208 0.319763
6.68765 6.00664 0.3133
6.79979 6.69267 0.31671
6.79979 6.69267 0.31671
6.32551 5.67621 0.319391
6.32551 5.67621 0.319391
6.20506 6.2121 0.312355
6.20506 6.2121 0.312355
6.24496 6.66982 0.327392
6.17514 6.82034 0.303443
6.17514 6.82034 0.303443
6.17514 6.82034 0.303443
6.19009 6.73312 0.320773
6.52156 6.65326 0.323557
6.52156 6.65326 0.323557
6.10757 6.18502 0.324429
6.10757 6.18502 0.324429
5.87558 6.54478 0.317668
6.1061 6.10179 0.305155
6.8392 6.05089 0.334731
6.37267 6.4925 0.321294
6.5065 6.92862 0.315922
6.33257 6.38801 0.32457
6.25608 6.49896 0.321393
6.25608 6.49896 0.321393
6.19398 6.57754 0.319616
6.77254 7.237 0.289911
6.16535 6.25539 0.296017
6.33532 6.25487 0.313031
6.11892 6.41587 0.315998
6.679 6.06466 0.306643
6.2011 6.39877 0.313509
6.2011 6.39877 0.313509
6.07348 6.27966 0.32266
6.5006 6.08901 0.310161
6.05095 6.83475 0.323209
6.05095 6.83475 0.323209
6.23034 6.37794 0.306047
6.23702 6.1585 0.31967
6.49891 6.49388 0.321749
6.45727 6.10819 0.317718
6.39721 7.13785 0.32956
6.65427 5.84765 0.315804
6.64526 5.67983 0.318906
6.64526 5.67983 0.318906
6.11958 6.4605 0.308682
6.57123 6.10937 0.30192
6.62527 6.34138 0.318287
6.59113 6.45682 0.325986
6.31827 6.61346 0.308113
6.31827 6.61346 0.308113
6.2544 5.62083 0.318843
6.73326 5.99488 0.317796
6.85146 6.27295 0.331696
6.8556 6.69089 0.318692
6.47541 6.22119 0.333655
6.59753 5.53897 0.322996
6.31276 7.09982 0.315602
6.47723 6.31951 0.310647
6.47359 6.12976 0.330817
6.47359 6.12976 0.330817
6.42107 6.32838 0.322956
6.48391 6.21384 0.325652
6.48391 6.21384 0.325652
6.13555 6.48701 0.305899
5.86633 5.91083 0.298304
6.74664 6.81537 0.320721
6.15544 6.24437 0.315231
6.55483 6.59242 0.317457
6.55483 6.59242 0.317457
6.46688 6.27389 0.310074
6.27841 6.05615 0.31321
6.27841 6.05615 0.31321
6.05323 6.37519 0.312633
6.30895 6.4156 0.295876
6.30416 6.50717 0.332838
7.07639 6.13783 0.328928
6.55995 7.00883 0.302946
6.55995 7.00883 0.302946
6.17265 6.0942 0.314914
6.62353 6.38821 0.304714
6.41904 6.24805 0.310951
6.35555 6.25116 0.315389
6.35555 6.25116 0.315389
6.35555 6.25116 0.315389
6.20703 5.97495 0.309837
6.22079 6.7546 0.323971
6.36662 6.45716 0.317778
6.25263 5.96983 0.308634
6.62156 5.90991 0.314512
6.55124 6.53399 0.308277
6.5935 5.89943 0.311198
6.31306 6.47385 0.319342
6.50823 5.47595 0.318028
6.50823 5.47595 0.318028
6.35091 6.74049 0.302563
6.35091 6.74049 0.302563
6.47442 6.16031 0.312275
6.05421 6.15311 0.309832
6.24124 5.9907 0.301192
6.42576 6.23445 0.318942
6.2758 5.94098 0.312596
6.11501 6.20821 0.320521
6.2754 6.67845 0.301132
5.63174 6.24799 0.333541
5.63174 6.24799 0.333541
5.53604 6.14776 0.316334
5.53604 6.14776 0.316334
5.81408 6.36267 0.316257
6.59136 6.71046 0.331989
6.57495 6.17695 0.307792
6.22437 6.4133 0.308312
6.04899 6.38829 0.317558
6.46341 6.22345 0.338551
6.38899 6.26461 0.342676
5.89311 6.51622 0.317852
5.89311 6.51622 0.317852
6.31407 6.52051 0.329787
6.31407 6.52051 0.329787
6.05361 6.94059 0.309262
6.30054 6.22951 0.314435
6.94417 6.04559 0.302195
6.19745 6.1774 0.300603
6.7626 6.4239 0.312668
6.24394 5.92534 0.311512
6.25703 6.15669 0.311132
6.3942 6.4644 0.308855
6.3942 6.4644 0.308855
6.98689 6.33361 0.323847
6.98689 6.33361 0.323847
6.34386 6.32458 0.302445
6.05303 6.14172 0.319517
6.28948 6.33154 0.307545
6.63077 6.81313 0.328749
5.93204 6.43132 0.311028
5.93204 6.43132 0.311028
6.22452 6.40988 0.331149
5.91846 6.11905 0.303864
5.91846 6.11905 0.303864
6.43306 6.2635 0.31765
6.5302 6.1522 0.325225
6.90976 6.21835 0.339138
6.35686 6.81439 0.310754
6.26236 6.22091 0.320718
6.26236 6.22091 0.320718
6.14204 6.49153 0.31919
6.29758 6.22454 0.321732
6.29758 6.22454 0.321732
5.97243 5.94133 0.318717
5.97243 5.94133 0.318717
6.49204 5.98781 0.297077
6.40821 6.88144 0.301133
6.52082 6.70074 0.335905
6.21018 5.85987 0.332119
6.21018 5.85987 0.332119
6.21018 5.85987 0.332119
6.26585 5.60402 0.306376
6.08879 6.67407 0.301249
6.08879 6.67407 0.301249
6.08879 6.67407 0.301249
6.82684 6.6365 0.313898
6.34409 6.12678 0.332911
5.82023 5.97091 0.306511
5.82023 5.97091 0.306511
6.53165 6.65332 0.317466
6.23592 6.4181 0.318659
6.49228 6.67194 0.318625
6.49228 6.67194 0.318625
6.84726 6.3257 0.332028
6.54931 6.24573 0.330496
6.28827 6.04851 0.309075
6.28827 6.04851 0.309075
5.92077 6.44283 0.312189
6.33664 6.46438 0.322646
6.40807 6.4525 0.317907
6.40807 6.4525 0.317907
6.21343 6.41691 0.309374
6.21343 6.41691 0.309374
6.21343 6.41691 0.309374
6.6085 6.27872 0.308959
6.00846 6.13462 0.311602
6.00846 6.13462 0.311602
6.69612 6.32546 0.312674
6.69612 6.32546 0.312674
6.68323 6.41974 0.313993
6.68323 6.41974 0.313993
6.13275 6.23656 0.329234
5.89132 6.23276 0.00274589
5.89132 6.23276 0.00274589
5.89132 6.23276 0.00274589
5.89132 6.23276 0.00274589
6.42584 6.63248 0.020915
6.41726 5.61882 0.00699392
6.41726 5.61882 0.00699392
5.83897 5.84874 0.011872
5.83897 5.84874 0.011872
5.81678 6.58858 0.0112465
6.11088 5.60123 0.014289
6.11088 5.60123 0.014289
6.11088 5.60123 0.014289
6.08978 6.47803 0.00640852
6.39231 5.98226 0.00691836
6.39231 5.98226 0.00691836
6.10088 6.27102 0.00182803
6.10088 6.27102 0.00182803
6.36416 6.14827 -0.0149604
6.36416 6.14827 -0.0149604
6.36416 6.14827 -0.0149604
6.38099 6.20392 0.0020841
6.38099 6.20392 0.0020841
6.61391 6.146 0.00090098
6.24235 6.67739 0.0019055
5.81529 6.31211 -0.0060705
6.48801 6.63251 0.00877565
6.48801 6.63251 0.00877565
6.51588 6.40228 -0.00224421
6.51588 6.40228 -0.00224421
6.29389 6.10533 0.00653617
6.2087 5.92491 -0.00315666
6.2087 5.92491 -0.00315666
6.19727 5.70061 -0.0106667
6.4319 5.87251 0.00401408
6.04277 6.24727 -0.0273504
5.80872 6.39502 -0.00134852
5.92786 5.9426 -0.00778814
5.92786 5.9426 -0.00778814
6.12062 6.02987 -0.0155839
6.72754 6.30639 -0.00788462
6.72754 6.30639 -0.00788462
6.21264 6.40511 -0.00556498
6.65638 6.20643 0.0048673
6.40918 6.40253 -0.00108137
6.08637 6.24279 -0.0098481
6.33852 6.28588 -0.00644511
6.15959 5.58516 -0.00568209
6.15959 5.58516 -0.00568209
6.44335 5.8058 0.00407964
6.44335 5.8058 0.00407964
6.44335 5.8058 0.00407964
6.44335 5.8058 0.00407964
6.44335 5.8058 0.00407964
5.92489 6.41857 0.0126998
6.38786 6.4268 0.00756698
6.25319 6.3388 -0.00992307
6.13747 6.05054 0.0083659
6.14492 5.66747 -0.0101505
6.14492 5.66747 -0.0101505
6.14492 5.66747 -0.0101505
6.14867 6.01715 0.0115295
6.52878 6.02088 -0.00285176
6.52878 6.02088 -0.00285176
6.19599 6.0332 0.0180844
6.38458 6.28 -0.00286539
6.35213 6.55461 -0.0167391
6.35213 6.55461 -0.0167391
6.35213 6.55461 -0.0167391
6.20232 6.10255 -0.00301892
6.20232 6.10255 -0.00301892
6.24236 6.29895 -0.000926422
6.24236 6.29895 -0.000926422
6.08606 6.60732 -0.00365202
6.08606 6.60732 -0.00365202
6.40201 6.33609 -0.000430792
6.15037 6.4908 0.0163118
6.21497 6.47953 0.0126127
5.83079 6.09534 0.0184126
5.83079 6.09534 0.0184126
5.83079 6.09534 0.0184126
5.83079 6.09534 0.0184126
6.29222 6.34909 -0.0110661
6.37797 6.06523 0.00201218
6.37797 6.06523 0.00201218
6.37797 6.06523 0.00201218
6.45061 6.2135 0.00158026
6.45061 6.2135 0.00158026
6.37358 5.93351 0.00848207
6.6493 5.6699 0.00842446
6.6493 5.6699 0.00842446
6.6493 5.6699 0.00842446
6.09797 6.22976 -0.0193712
6.09797 6.22976 -0.0193712
6.10713 6.69284 -0.00447619
6.01086 6.14225 -0.0054038
6.118 6.29864 -0.0123417
6.34896 5.86157 -0.00136378
6.28884 6.27701 0.013776
6.28884 6.27701 0.013776
5.91589 5.96906 0.000426227
5.91589 5.96906 0.000426227
6.49081 6.70582 -0.00473826
6.58375 5.831 0.00676546
6.79532 6.53151 0.00802557
6.40442 5.73035 -0.00552322
6.41495 6.33134 0.0153741
6.38828 6.48091 -0.00149362
6.38828 6.48091 -0.00149362
6.83916 6.4842 -0.00253505
6.83916 6.4842 -0.00253505
6.83916 6.4842 -0.00253505
5.80975 6.15941 -0.00647705
6.06521 6.60789 0.00744878
6.70983 6.56159 -0.000518002
5.68734 6.12306 -0.00558329
5.68734 6.12306 -0.00558329
6.22962 6.29048 -0.00453976
6.48108 6.28198 -0.00139493
6.46276 6.36184 0.0126956
6.07395 6.45611 -0.0066933
6.07395 6.45611 -0.0066933
5.98326 6.38336 0.00603485
6.02452 6.30083 0.00290421
6.02452 6.30083 0.00290421
6.07339 6.26337 0.0117282
6.07339 6.26337 0.0117282
6.02339 6.30599 -0.00387802
6.02339 6.30599 -0.00387802
6.11112 5.59291 -0.00668073
6.11112 5.59291 -0.00668073
5.9537 6.23698 0.00341448
5.9537 6.23698 0.00341448
5.80861 5.85597 -0.00557202
6.7374 6.12058 -0.00127457
5.92374 6.22127 -0.00508566
6.34929 6.26264 0.00565278
6.24875 5.70275 -0.0189892
6.47235 6.07281 0.00406009
6.47235 6.07281 0.00406009
6.5417 6.81147 0.00177568
6.36237 6.11322 -0.00240015
6.32141 6.55798 -0.00791978
6.32141 6.55798 -0.00791978
5.6457 5.88373 0.00342492
6.45164 6.12844 9.13773e-05
6.51141 6.05855 0.00415919
6.51141 6.05855 0.00415919
6.12365 6.10899 0.00247717
6.1507 6.41745 -0.0116242
6.50542 6.82378 -8.50974e-05
6.29748 6.18592 0.00404483
5.73322 6.36485 -0.00122936
6.19563 5.76492 -0.00749698
5.90518 6.24077 -0.00239261
6.45655 6.09522 0.00429718
6.16947 6.90055 0.0103553
5.99584 6.04087 0.00648348
5.99584 6.04087 0.00648348
5.99584 6.04087 0.00648348
6.583 6.52613 0.00377196
6.583 6.52613 0.00377196
5.88665 6.4951 0.0125174
6.01637 5.80042 0.000916122
6.08985 6.21867 0.0083152
6.08985 6.21867 0.0083152
7.16738 6.02952 -0.00470479
6.4387 6.65276 0.0101722
6.4387 6.65276 0.0101722
6.69628 6.02549 -0.00440679
6.69628 6.02549 -0.00440679
6.12973 6.47161 -0.0142326
6.12973 6.47161 -0.0142326
6.12973 6.47161 -0.0142326
6.06042 6.68086 0.00276055
6.01181 6.51763 0.00405086
6.01181 6.51763 0.00405086
6.26255 6.19916 -0.00424215
6.26255 6.19916 -0.00424215
6.26255 6.19916 -0.00424215
6.92989 6.2581 -0.0021199
6.162 6.0587 -0.000756978
6.46252 6.22291 0.00162725
5.7613 5.99362 -0.000767653
5.7613 5.99362 -0.000767653
5.74425 6.59966 -0.00219251
5.74425 6.59966 -0.00219251
5.74425 6.59966 -0.00219251
6.16611 6.0857 0.000316808
6.3752 6.07613 -0.00249282
6.3752 6.07613 -0.00249282
6.32777 5.98095 0.00456791
5.73452 6.14107 -0.00467403
5.73452 6.14107 -0.00467403
6.03675 6.27503 -0.0191217
6.10467 6.35012 -0.00844464
6.10467 6.35012 -0.00844464
6.54004 6.44184 0.000802774
6.54004 6.44184 0.000802774
6.23454 6.35501 0.0204756
6.23454 6.35501 0.0204756
6.22703 6.39214 -0.0164619
6.82205 5.9636 0.0135602
6.30464 6.40261 -0.00335125
6.30464 6.40261 -0.00335125
6.58345 6.33711 -0.00415197
6.58345 6.33711 -0.00415197
6.29859 5.94111 0.00293463
6.29859 5.94111 0.00293463
6.09177 6.07552 0.00405468
6.09177 6.07552 0.00405468
6.30198 5.92236 0.00527159
6.30198 5.92236 0.00527159
6.30198 5.92236 0.00527159
6.1428 6.41284 0.0166741
6.1428 6.41284 0.0166741
6.71675 6.54127 0.00424647
6.71675 6.54127 0.00424647
5.87274 6.05203 -0.00638923
6.23425 6.17167 -0.0158633
5.62936 6.22954 -0.0134692
6.5261 6.07989 -0.00615092
6.19829 5.89074 0.0182886
6.19829 5.89074 0.0182886
6.19829 5.89074 0.0182886
6.19829 5.89074 0.0182886
6.40544 6.8367 0.00299835
6.40544 6.8367 0.00299835
6.58067 6.53008 0.00709015
5.85606 6.12426 -0.0159757
6.4832 6.80209 0.0145357
6.4832 6.80209 0.0145357
6.20752 6.34643 0.00478539
5.88502 5.94728 -0.00186352
5.99137 6.40405 -0.00732149
6.21524 6.18775 -0.0112758
6.30183 5.85638 -0.000227625
6.30183 5.85638 -0.000227625
6.4452 6.04188 -0.0134738
6.26388 6.31952 0.00759436
6.33608 6.27303 -0.000576745
5.9902 6.16177 0.00970143
5.70184 6.10574 0.000100462
5.70184 6.10574 0.000100462
5.70184 6.10574 0.000100462
6.19504 5.9162 0.00893655
6.59838 6.19549 0.0156409
6.05292 6.18948 -0.00716125
6.00417 6.23545 -0.00374049
6.00417 6.23545 -0.00374049
6.00417 6.23545 -0.00374049
6.10825 6.11105 -0.00225497
6.47035 6.61383 -0.00446838
6.14804 6.32456 0.0042816
6.14804 6.32456 0.0042816
6.14804 6.32456 0.0042816
6.11936 6.43217 -0.0050996
6.73594 6.20395 0.00926062
6.73594 6.20395 0.00926062
6.2419 5.99239 -0.00168409
6.22064 6.00135 0.0194572
6.83315 5.24025 0.0180425
6.21536 6.44918 0.0151085
6.34043 6.44477 0.00254057
6.34043 6.44477 0.00254057
6.36093 6.21479 -0.000705279
6.08112 6.11658 0.00629029
6.08112 6.11658 0.00629029
6.84878 6.1195 0.00468398
5.93021 6.01525 0.0109436
6.23814 6.01854 0.0161327
6.23814 6.01854 0.0161327
6.27756 6.29633 -0.00868484
6.27756 6.29633 -0.00868484
6.63611 6.15576 -0.00658264
5.93737 6.62497 -0.0137244
6.04476 6.2112 4.81939e-05
6.49917 6.44932 0.00282301
6.60491 5.96508 0.00175741
6.20744 6.63707 -0.00135763
6.5738 6.28616 -0.0039798
6.3852 6.54502 0.00165809
5.85906 6.0242 -0.00992982
5.94967 6.9404 -0.00636868
6.58654 5.54763 -0.0084398
5.89053 5.6428 0.00666272
5.89053 5.6428 0.00666272
6.31419 5.96604 -0.011188
6.31419 5.96604 -0.011188
6.31419 5.96604 -0.011188
6.69585 6.34764 0.00761261
6.69585 6.34764 0.00761261
6.91345 5.90338 0.0057686
6.91345 5.90338 0.0057686
6.21619 6.44309 -0.00627157
6.75954 6.46605 -0.000448508
6.44616 6.0543 0.00381259
6.44616 6.0543 0.00381259
6.71128 6.31368 0.00893607
5.98017 6.09192 0.00077641
6.28956 6.7399 0.0239294
5.89962 6.51087 -0.00883756
5.89962 6.51087 -0.00883756
6.07521 5.8161 -0.00636174
6.30241 6.16309 0.011484
6.00764 6.72627 0.00108503
6.47542 6.96739 -0.000893432
6.35475 6.58486 0.0102657
6.35475 6.58486 0.0102657
5.5972 6.29843 0.0113064
5.5972 6.29843 0.0113064
5.5972 6.29843 0.0113064
6.13182 5.85064 0.00681408
5.94689 6.78208 -0.00219549
6.36521 6.74692 0.00817676
6.36521 6.74692 0.00817676
6.02025 6.29227 0.0162924
6.20447 5.44859 -0.0134329
6.20447 5.44859 -0.0134329
6.20447 5.44859 -0.0134329
6.05756 6.18358 -0.00195053
5.85405 6.27222 -0.0100499
6.44041 6.58688 0.00875194
6.13501 6.42632 0.0146886
6.13501 6.42632 0.0146886
6.40649 6.19981 0.0110453
6.02932 5.88208 -0.00711319
6.12076 6.68057 -0.000257948
5.93497 6.76707 -0.00519412
5.93497 6.76707 -0.00519412
5.93497 6.76707 -0.00519412
6.78965 6.24129 0.0067937
6.78965 6.24129 0.0067937
6.54532 5.92121 -0.00115065
6.54532 5.92121 -0.00115065
6.54532 5.92121 -0.00115065
6.54532 5.92121 -0.00115065
6.70325 6.56003 -0.00314776
6.28832 6.02136 -0.00743327
6.28832 6.02136 -0.00743327
5.47712 6.74557 -0.00789232
5.97473 6.40027 -0.0192377
6.47297 6.38341 0.00692892
6.46385 6.29621 0.017729
6.46385 6.29621 0.017729
6.26816 6.19972 0.304306
6.20139 6.16441 0.327488
6.30098 6.53325 0.314729
5.92469 6.55677 0.314967
6.27343 6.37423 0.311398
6.27343 6.37423 0.311398
6.66245 6.20078 0.307444
6.18322 5.82732 0.314755
6.18322 5.82732 0.314755
6.15306 6.32167 0.317301
6.0269 6.37716 0.314707
6.0269 6.37716 0.314707
6.0269 6.37716 0.314707
6.0269 6.37716 0.314707
6.32507 6.28741 0.328149
6.29654 6.30348 0.325244
6.29654 6.30348 0.325244
6.0559 6.3398 0.333149
6.0559 6.3398 0.333149
6.29255 6.06696 0.327559
6.52745 6.13665 0.313918
6.62397 6.32027 0.3201
5.71517 5.67053 0.321472
6.35104 6.17875 0.303465
6.44645 6.39873 0.300081
6.44645 6.39873 0.300081
6.57045 5.90389 0.328851
6.09625 6.22105 0.310964
6.67977 6.5102 0.321895
6.44158 6.27467 0.312894
5.77509 6.43057 0.323079
5.77509 6.43057 0.323079
6.12513 6.30995 0.312628
6.19042 6.74146 0.303848
6.19059 6.43736 0.318012
6.30314 6.29999 0.302769
6.30314 6.29999 0.302769
6.45147 6.16703 0.303326
6.5455 6.29405 0.327496
6.14332 6.95012 0.322912
6.30139 6.29782 0.307582
6.30139 6.29782 0.307582
6.37304 6.03412 0.311606
6.53326 6.50798 0.330492
6.53326 6.50798 0.330492
6.36209 6.79032 -0.00729213
6.54114 6.00969 0.0132778
6.20989 6.32536 0.00849406
6.20989 6.32536 0.00849406
5.86557 6.52243 -0.0100353
6.14912 6.12257 0.00590595
6.14912 6.12257 0.00590595
6.14912 6.12257 0.00590595
5.8 6.49427 -0.00139429
6.63911 6.19925 -0.00732188
6.63911 6.19925 -0.00732188
6.44737 5.73607 0.00679362
6.44737 5.73607 0.00679362
6.15228 6.80762 -0.00632429
6.14743 6.37932 -0.00634401
6.14743 6.37932 -0.00634401
6.22693 6.08153 0.00126048
6.3172 6.2392 0.00601847
5.78175 6.50904 -0.00141438
6.14612 6.06315 0.0300387
6.20813 5.8882 -0.0108767
6.40373 5.79019 0.0157926
6.40373 5.79019 0.0157926
6.08586 6.03654 0.0017828
6.08586 6.03654 0.0017828
6.51987 6.48037 0.00516992
6.51987 6.48037 0.00516992
6.46893 6.35399 0.010449
6.22395 6.0262 0.00445695
6.22395 6.0262 0.00445695
6.39919 6.17417 -0.0108879
6.70008 6.0342 -0.00303744
6.17395 6.65384 0.0196596
6.17395 6.65384 0.0196596
6.17395 6.65384 0.0196596
6.17395 6.65384 0.0196596
6.16121 6.25992 -0.0148239
6.16121 6.25992 -0.0148239
6.16121 6.25992 -0.0148239
6.16121 6.25992 -0.0148239
6.16962 6.02921 -0.00311578
6.21051 6.1116 -0.00359972
6.21051 6.1116 -0.00359972
6.24325 6.36714 -0.00406974
5.61534 6.26814 -0.000369011
5.61534 6.26814 -0.000369011
5.61534 6.26814 -0.000369011
5.61534 6.26814 -0.000369011
6.13772 6.31426 0.00236595
6.13772 6.31426 0.00236595
6.13772 6.31426 0.00236595
6.58709 6.13345 0.326538
6.13275 6.37909 0.318737
6.27067 6.19866 0.312339
5.99269 6.00458 0.311341
6.43425 6.58985 0.316077
5.78521 5.87867 0.327788
6.7087 6.18968 0.313548
6.7087 6.18968 0.313548
6.30532 6.7278 0.314206
6.37501 7.23597 0.328984
6.35241 6.29059 0.309421
6.66132 6.5629 0.31107
6.6713 6.58062 0.325054
6.6713 6.58062 0.325054
6.61188 6.5527 0.318155
6.40378 6.23229 0.325825
6.40378 6.23229 0.325825
6.06101 6.7458 0.315329
6.06101 6.7458 0.315329
6.06101 6.7458 0.315329
6.05802 6.42918 0.300582
7.41876 6.09464 0.298114
5.98817 5.96352 0.321885
6.43119 6.99943 0.309226
6.51552 6.20541 0.312974
5.96145 6.47876 0.310047
5.80159 6.82302 0.31248
6.69432 6.33904 0.323684
6.11387 6.92937 0.299239
6.18242 5.91789 0.339993
6.18242 5.91789 0.339993
6.08418 6.15062 0.331747
6.37126 6.69038 0.316104
5.79833 6.56081 0.316339
6.45066 6.15106 0.320462
6.27093 6.51375 0.313384
6.19659 6.07626 0.31882
6.29548 6.35448 0.308294
6.41839 6.21889 0.303863
6.12226 6.62412 0.312025
6.12226 6.62412 0.312025
6.12226 6.62412 0.312025
6.34328 6.78753 0.32148
6.5386 6.09669 0.310324
6.70753 6.26344 0.300946
6.34379 6.61571 0.309306
6.34379 6.61571 0.309306
6.37617 6.43201 0.310847
6.31423 6.42352 0.313499
3.9382 46.556 -66.807
3.9382 46.556 -66.807
3.9382 46.556 -66.807
3.9382 46.556 -66.807
3.9382 46.556 -66.807
6.47277 6.32665 -0.00217135
6.47277 6.32665 -0.00217135
6.47277 6.32665 -0.00217135
6.08774 6.20284 -0.0255484
6.08774 6.20284 -0.0255484
6.08774 6.20284 -0.0255484
6.08774 6.20284 -0.0255484
6.60697 6.12504 0.00426616
6.15167 6.38786 0.00922161
5.75312 6.16775 0.0132879
6.16084 5.97138 -0.00461769
6.16084 5.97138 -0.00461769
6.12651 6.00634 0.00669385
6.56335 6.47473 0.00493071
6.18831 6.55845 -0.00054696
6.2625 6.08111 -0.013521
6.27433 5.98227 0.00512519
6.27433 5.98227 0.00512519
5.87787 5.89027 -0.00434887
5.4721 6.06707 -0.0121194
5.4721 6.06707 -0.0121194
6.4243 6.54679 0.0160478
6.6511 6.40756 -0.0197961
6.6511 6.40756 -0.0197961
6.21647 5.91879 0.0145557
6.27017 6.45756 0.000364386
6.27017 6.45756 0.000364386
6.27017 6.45756 0.000364386
6.09836 6.03378 -0.00259969
6.09836 6.03378 -0.00259969
6.09836 6.03378 -0.00259969
6.01033 6.15537 0.000175775
6.01033 6.15537 0.000175775
6.05006 6.50889 -0.0188627
6.05006 6.50889 -0.0188627
6.05006 6.50889 -0.0188627
6.07943 6.41673 -0.00580442
6.07943 6.41673 -0.00580442
6.7424 6.34706 -0.0054476
6.34187 6.43375 -0.0139792
6.34187 6.43375 -0.0139792
6.28662 7.21494 -0.0147462
5.92837 6.45598 -0.00182504
6.2327 5.84146 0.00762998
6.30668 6.86085 -0.00703903
6.30668 6.86085 -0.00703903
6.01998 6.48252 -0.0115455
6.01998 6.48252 -0.0115455
6.01998 6.48252 -0.0115455
6.13782 6.60016 0.0156272
6.151 6.52729 -0.0122908
6.151 6.52729 -0.0122908
5.99613 6.66106 -0.00733499
5.99613 6.66106 -0.00733499
6.40255 6.22241 -0.0173554
6.15796 6.40126 -0.00396698
6.15796 6.40126 -0.00396698
5.84477 6.73953 -0.00318566
6.11428 5.64396 -0.0165289
6.45102 6.77379 -0.0120168
6.19247 6.17904 -0.0153367
6.19247 6.17904 -0.0153367
6.4763 6.15488 6.03936e-05
6.09804 6.14537 0.000585507
6.09804 6.14537 0.000585507
6.31318 6.16147 -0.00760273
6.31318 6.16147 -0.00760273
6.31318 6.16147 -0.00760273
6.44089 6.28682 0.014225
6.44089 6.28682 0.014225
6.16929 6.52085 -0.00191191
5.6939 6.4233 -0.00302449
6.3065 6.43374 0.00464194
6.28838 5.98052 0.0112194
5.8191 5.91315 -0.00516988
6.57693 6.44288 0.00789289
6.27972 5.97753 -0.0023066
6.27972 5.97753 -0.0023066
6.27972 5.97753 -0.0023066
5.89899 6.32925 -0.0142229
6.4922 5.87185 -0.0114488
6.22698 6.40861 -0.00150046
6.22698 6.40861 -0.00150046
6.22698 6.40861 -0.00150046
6.2715 6.16939 -0.0154241
6.2715 6.16939 -0.0154241
5.82996 6.44582 0.0211537
5.82996 6.44582 0.0211537
5.82996 6.44582 0.0211537
5.82996 6.44582 0.0211537
5.7125 6.37239 -0.00587658
5.97697 6.32915 0.000622138
6.0384 6.39467 -0.00608131
6.16358 5.55056 0.000408981
6.16358 5.55056 0.000408981
5.77498 6.09904 0.0091748
5.77498 6.09904 0.0091748
5.77498 6.09904 0.0091748
6.33181 6.38462 0.316088
6.16002 5.74753 0.321153
6.16002 5.74753 0.321153
5.91808 6.39282 0.303851
6.62312 6.08432 0.313153
6.60187 5.99312 0.319487
6.39134 6.58533 0.302796
6.67626 5.91081 0.331596
6.67626 5.91081 0.331596
6.5961 5.67331 0.329298
6.5961 5.67331 0.329298
6.62048 6.28084 0.329117
6.50596 6.8299 0.320832
6.2038 5.99421 0.312386
6.2038 5.99421 0.312386
6.20535 6.36253 0.319826
6.20535 6.36253 0.319826
6.31547 6.43215 0.313536
6.47414 6.50407 0.311457
5.73839 6.62113 0.318461
5.73839 6.62113 0.318461
5.73839 6.62113 0.318461
6.26662 6.13642 0.333437
6.26662 6.13642 0.333437
6.38548 6.38152 0.330395
6.18325 6.46088 0.307056
6.36331 5.88494 0.329976
6.76702 6.07994 0.318631
6.5321 6.53394 0.310285
6.5321 6.53394 0.310285
6.20333 6.34557 0.32238
6.59926 6.02235 0.321815
6.28836 5.83833 0.303498
6.28836 5.83833 0.303498
6.16522 6.17998 0.311302
6.20323 5.99429 0.329899
6.50579 5.97031 0.309577
6.37462 6.15443 0.301547
6.53423 6.34442 0.330849
5.91915 6.33959 0.320104
5.91915 6.33959 0.320104
5.91915 6.33959 0.320104
6.53516 5.94238 0.310169
6.21349 6.2457 0.320987
6.11379 6.68924 0.315151
6.59958 6.57231 0.302146
5.87644 6.39137 0.321436
7.16772 5.77416 0.306232
5.96167 5.92296 0.331453
6.24546 6.06283 0.311674
5.89905 6.76908 0.321846
5.89905 6.76908 0.321846
7.09115 6.07586 0.306923
6.44584 6.83492 0.302363
6.50293 6.18826 0.309563
6.7041 6.39732 0.315677
6.18374 6.31526 0.312739
6.18374 6.31526 0.312739
6.18374 6.31526 0.312739
6.19672 6.25856 0.31119
6.35287 7.19695 0.316463
6.04102 6.32871 0.300593
6.47872 6.36896 0.31516
5.53624 6.6544 0.308204
5.53624 6.6544 0.308204
6.49247 6.04358 0.305224
6.17644 6.09864 0.305812
6.17644 6.09864 0.305812
6.17644 6.09864 0.305812
6.81281 6.50103 0.313912
6.81281 6.50103 0.313912
6.00947 6.40746 0.293583
6.00947 6.40746 0.293583
5.96321 6.31192 0.320594
5.96321 6.31192 0.320594
6.51572 5.85544 0.321021
6.18888 6.16861 0.307442
6.15662 6.38461 0.324047
5.85587 6.17333 0.313844
5.85587 6.17333 0.313844
5.85587 6.17333 0.313844
6.57688 5.99573 0.333248
6.21003 6.43973 0.300384
6.21003 6.43973 0.300384
5.9807 5.89363 0.325531
5.9807 5.89363 0.325531
6.07665 6.27033 0.318768
6.05316 6.8198 0.329253
6.20389 6.23014 0.332907
6.63077 6.5302 0.317443
6.63077 6.5302 0.317443
6.62758 6.6919 0.31461
6.60245 6.71083 0.319628
6.10141 6.15422 0.300747
6.37117 6.31768 0.328231
6.37117 6.31768 0.328231
6.37117 6.31768 0.328231
6.37117 6.31768 0.328231
6.44493 6.35261 0.305551
6.74147 6.12658 0.30999
6.70149 6.29123 0.308104
6.22222 5.96972 0.322823
6.22222 5.96972 0.322823
6.33143 6.70167 0.312338
6.28942 6.54503 0.320591
6.38452 6.02005 0.30994
6.85471 6.36205 0.304418
6.6488 6.22437 0.302577
6.09662 6.71942 0.32495
6.35877 6.58065 0.325045
6.08922 6.343 0.310369
6.06849 7.07115 0.332595
6.34905 6.32917 0.311853
6.34905 6.32917 0.311853
6.34905 6.32917 0.311853
6.11073 6.04194 0.335198
5.90493 6.04675 0.303743
5.97473 6.77368 0.302931
5.97473 6.77368 0.302931
6.24843 6.74947 0.326156
6.63007 6.21059 0.319424
6.63007 6.21059 0.319424
6.34897 6.32987 0.325767
5.93977 5.96432 0.30319
7.26909 6.89484 0.321435
6.1077 6.39625 0.336287
6.20161 5.9848 0.319432
5.90486 6.64608 0.316867
6.30268 6.1602 0.30941
6.27742 6.1397 0.3106
6.06735 6.35405 0.318618
6.06735 6.35405 0.318618
6.22974 5.8304 0.314118
6.7455 6.40091 0.33435
5.85101 6.80525 0.329081
6.65859 5.63302 0.311291
6.02867 5.88343 0.318333
6.31306 6.56723 0.309017
6.47219 6.27806 0.313325
6.47219 6.27806 0.313325
6.47219 6.27806 0.313325
6.36239 6.86943 0.332763
5.86064 6.26409 0.32425
6.36839 6.6523 0.305748
5.82704 6.51185 0.307435
5.82704 6.51185 0.307435
6.74408 6.67106 0.301801
6.74408 6.67106 0.301801
6.54024 6.20417 0.329021
6.35951 6.53817 0.320058
6.96501 6.50061 0.337738
6.96501 6.50061 0.337738
6.05163 6.27533 0.315856
6.31073 6.1401 0.319427
6.31073 6.1401 0.319427
6.32373 6.13951 0.337923
6.29643 6.02348 0.319864
6.29643 6.02348 0.319864
6.29643 6.02348 0.319864
6.09763 6.35331 0.319669
6.58138 6.63122 0.307147
6.43468 5.63343 0.329579
5.92803 6.6037 0.314733
6.33946 6.31669 0.32463
6.33635 6.47568 0.304292
6.50878 6.09696 0.336753
6.49414 6.3596 0.324453
6.36937 6.62927 0.319744
6.62873 6.39901 0.328804
6.62873 6.39901 0.328804
6.30757 6.84841 0.323767
6.30757 6.84841 0.323767
6.30757 6.84841 0.323767
6.49424 6.34016 0.304667
6.62581 6.56567 0.347893
6.06001 6.56845 0.321552
6.03661 6.00294 0.322102
6.68213 5.91125 0.324938
6.68213 5.91125 0.324938
5.92234 5.98264 0.309871
6.77016 6.53224 0.320342
6.27481 6.15015 0.325156
5.78219 6.00309 0.316892
5.78219 6.00309 0.316892
6.70996 5.96598 0.306896
6.92117 6.60269 0.335312
6.51743 6.58354 0.30689
6.39892 6.26489 0.307365
6.39892 6.26489 0.307365
6.39892 6.26489 0.307365
5.66041 6.27759 0.315679
6.51774 6.37525 0.327375
6.37462 6.38573 0.315705
6.37462 6.38573 0.315705
6.2437 6.35389 0.30095
6.64303 6.61592 0.294664
5.7604 6.13536 0.316389
5.7604 6.13536 0.316389
6.89339 6.44155 0.310174
5.86504 6.29652 0.296626
5.86504 6.29652 0.296626
5.94843 6.98162 0.322474
5.99383 6.54812 0.300448
5.9242 6.3237 0.320058
6.28023 6.12216 0.304678
5.82557 6.31592 0.316376
6.35702 6.48876 0.320945
6.88373 6.08711 0.320779
6.11421 6.40587 0.316434
6.31538 5.78238 0.299146
6.20265 6.00479 0.314171
6.20265 6.00479 0.314171
6.3939 6.31412 0.301578
6.31232 6.20341 0.313483
6.38729 6.20276 0.314178
6.38729 6.20276 0.314178
6.38729 6.20276 0.314178
6.36433 5.90813 0.312162
6.10681 6.30257 0.311311
6.74017 6.12607 0.304375
6.58294 5.50362 0.320859
6.58294 5.50362 0.320859
6.22257 6.48397 0.306065
6.22872 6.23826 0.322275
6.52296 6.31584 0.305226
6.52296 6.31584 0.305226
6.12711 6.40096 0.310104
5.54791 6.25817 0.310634
6.0649 6.13865 0.317821
6.0649 6.13865 0.317821
6.65331 6.68148 0.329469
6.01532 6.42806 0.318778
6.01532 6.42806 0.318778
5.93224 6.24974 0.316998
6.06557 6.40908 0.33189
5.60994 6.79887 0.313013
5.60994 6.79887 0.313013
5.60994 6.79887 0.313013
5.67144 6.07229 0.335155
6.36999 6.2017 0.309615
6.36684 6.69872 0.317848
6.46543 5.99567 0.300813
6.79009 5.99206 0.324807
6.38375 6.42405 0.317659
6.38375 6.42405 0.317659
6.38375 6.42405 0.317659
5.948 6.42454 0.302299
6.19593 6.4969 0.317981
6.19593 6.4969 0.317981
6.04974 6.26943 0.323838
6.33316 6.99086 0.303177
6.33316 6.99086 0.303177
6.19283 6.65314 0.316181
6.66903 6.08498 0.301087
6.45166 6.38974 0.299482
5.85213 5.84212 0.317821
5.85213 5.84212 0.317821
6.1186 6.61397 0.308925
6.31861 6.13777 0.300099
6.31861 6.13777 0.300099
6.20588 6.3995 0.324634
6.11718 5.92514 0.309129
6.13305 6.82825 0.315328
6.06729 6.3741 0.312601
5.77819 6.59919 0.333016
6.5943 6.84092 0.341099
6.5943 6.84092 0.341099
6.5943 6.84092 0.341099
5.89209 6.38276 0.323335
5.85503 6.16653 0.303751
6.18647 6.72674 0.305031
6.18647 6.72674 0.305031
5.70017 5.91984 0.333897
6.91375 6.75571 0.337138
6.38523 5.86208 0.311803
5.81881 6.50409 0.306331
6.49328 6.31276 0.309936
6.35453 6.13104 0.3273
6.35453 6.13104 0.3273
6.2893 6.76785 0.331491
6.2893 6.76785 0.331491
6.13457 6.82109 0.304061
6.18469 6.1321 0.322024
6.37411 6.3017 0.312494
6.7683 6.73456 0.313434
6.69992 6.55034 0.324216
6.75427 6.61843 0.316787
6.75427 6.61843 0.316787
6.38195 6.80154 0.335039
6.1542 6.79666 0.327302
6.54537 6.08479 0.298068
6.52042 6.42508 0.300213
6.62061 6.21207 0.318062
6.82721 6.31421 0.311825
6.82721 6.31421 0.311825
6.82098 6.43744 0.296468
6.75745 6.6472 0.304684
6.75745 6.6472 0.304684
5.97412 5.82896 0.324282
6.1733 6.35805 0.332773
6.10201 7.19269 0.308745
6.16542 5.77813 0.304774
6.24967 6.35578 0.339719
6.23776 6.44499 0.320347
6.40634 6.56572 0.329133
6.80926 6.50788 0.323546
6.80926 6.50788 0.323546
6.80926 6.50788 0.323546
6.16471 6.07187 0.341361
6.16471 6.07187 0.341361
6.16471 6.07187 0.341361
6.93105 6.04827 0.311097
6.5797 5.93977 0.34982
6.57905 6.25079 0.325893
6.57905 6.25079 0.325893
6.80303 6.23147 0.315429
6.80303 6.23147 0.315429
6.46174 6.58404 0.322729
6.07289 6.17501 0.313003
5.91407 6.03499 0.329583
5.91407 6.03499 0.329583
6.65311 6.34731 0.315456
6.65311 6.34731 0.315456
6.10473 6.24582 0.310464
6.10473 6.24582 0.310464
7.04088 6.19146 0.329482
7.04088 6.19146 0.329482
6.0072 5.62767 0.315992
6.62721 6.54974 0.314807
6.21175 6.05167 0.299117
6.49815 6.47025 0.313795
6.49815 6.47025 0.313795
6.29209 6.73206 0.316102
6.69769 6.77492 0.318426
6.69769 6.77492 0.318426
6.48469 5.98098 0.307259
6.48469 5.98098 0.307259
6.93113 6.20204 0.32222
6.01069 6.88645 0.323805
6.15105 6.19805 0.311619
6.15105 6.19805 0.311619
6.6964 6.64514 0.322599
6.65474 6.5084 0.308638
6.44404 6.53201 0.31412
6.19569 6.35717 0.328973
6.57187 6.02572 0.326
6.29729 6.63992 0.296038
6.29729 6.63992 0.296038
6.59257 6.61948 0.302479
6.13504 6.75063 0.317568
6.40225 6.46289 0.29822
6.40225 6.46289 0.29822
6.18507 6.09438 0.298799
6.23471 6.70465 0.307468
6.0741 6.6291 0.314238
6.0741 6.6291 0.314238
6.51715 6.44169 0.316535
6.57185 6.40215 0.327272
6.39995 6.25685 0.316888
5.84337 6.43664 0.326433
6.84507 6.88261 0.321731
6.06584 6.29906 0.309986
6.06584 6.29906 0.309986
6.06584 6.29906 0.309986
6.56447 6.45243 0.318016
6.56447 6.45243 0.318016
6.15788 6.17268 0.317918
6.15788 6.17268 0.317918
6.72678 5.62095 0.306712
6.50781 6.60748 0.331179
6.53746 6.17977 0.332962
5.95716 5.96402 0.325641
6.46114 6.81866 0.333771
6.47676 6.03579 0.315693
6.47676 6.03579 0.315693
6.47676 6.03579 0.315693
6.61927 6.12861 0.320661
6.61927 6.12861 0.320661
6.09948 6.55802 0.304779
6.06111 6.43694 0.301991
6.71564 5.70862 0.337173
6.57483 6.14697 0.32603
6.57483 6.14697 0.32603
6.07486 6.47272 0.329509
6.07486 6.47272 0.329509
6.85289 6.45662 0.339343
6.44179 6.11748 0.306661
6.45748 6.2848 0.330242
5.62924 6.82519 0.336159
6.61862 6.55559 0.310184
6.07855 6.10829 0.324122
6.38768 6.36303 0.320405
6.99653 6.23503 0.31874
6.99653 6.23503 0.31874
5.95878 6.39706 0.32915
6.11813 6.62327 0.305676
6.4801 6.58268 0.32377
6.05169 6.39712 0.313161
6.13773 6.39862 0.302251
6.34926 6.68377 0.318245
6.34926 6.68377 0.318245
6.15714 6.36708 0.309154
6.20245 6.35913 0.323418
6.47063 6.23706 0.32138
6.47063 6.23706 0.32138
6.47063 6.23706 0.32138
7.10607 6.81347 0.322385
6.70398 6.27758 0.309649
6.4647 6.34352 0.320529
6.19106 6.35263 0.311313
6.19106 6.35263 0.311313
6.40255 6.57332 0.30127
5.76093 6.14968 0.306886
6.4587 6.23873 0.323548
6.4587 6.23873 0.323548
5.90088 6.74074 0.318331
6.64309 6.27588 0.318931
6.64309 6.27588 0.318931
6.4247 6.42771 0.31587
6.18928 6.22665 0.329631
6.18928 6.22665 0.329631
6.48199 5.9845 0.320171
6.59271 6.71969 0.318558
6.59271 6.71969 0.318558
6.29651 6.01056 0.296161
6.39023 6.16039 0.30962
6.39023 6.16039 0.30962
6.68975 6.04773 0.315171
6.27551 6.50314 0.325212
6.70345 6.54843 0.324577
6.70345 6.54843 0.324577
6.07786 5.92516 0.333179
7.10417 6.54611 0.323071
7.10417 6.54611 0.323071
5.93983 6.45715 0.317529
6.25844 6.54808 0.322998
6.25844 6.54808 0.322998
6.51677 6.30545 0.290011
6.51677 6.30545 0.290011
6.48015 5.8424 0.322881
6.58405 6.06189 0.319836
6.58405 6.06189 0.319836
6.8218 6.31233 0.322476
5.95304 6.45837 0.328439
6.59263 6.19645 0.313154
5.87002 6.14703 0.31415
6.33754 6.29896 0.312828
6.2371 7.02685 0.333766
5.52194 5.97796 0.304758
5.95002 6.19356 0.348418
6.06917 6.63705 0.313827
6.80836 5.69103 0.320129
6.32053 7.0576 0.313306
6.45836 6.12636 0.303689
5.85173 6.74775 0.297055
5.85173 6.74775 0.297055
7.06648 6.27037 0.309049
6.2311 6.51915 0.317374
6.1694 6.19747 0.311215
6.1694 6.19747 0.311215
6.53501 5.83114 0.329933
6.29944 6.31997 0.320774
6.29944 6.31997 0.320774
6.62995 6.78145 0.303771
6.51674 5.66767 0.327891
6.39977 6.41305 0.303175
6.69951 6.4976 0.317582
6.37947 5.78096 0.319125
6.89661 6.29965 0.326627
6.52465 5.57296 0.319095
6.19161 6.05825 0.306913
6.43929 5.74338 0.341141
6.43929 5.74338 0.341141
6.45245 5.85735 0.316558
6.06283 6.15171 0.319748
6.06283 6.15171 0.319748
6.06283 6.15171 0.319748
6.32316 5.84554 0.323869
6.45589 6.05782 0.321264
6.7807 6.37877 0.311814
6.53316 6.21854 0.312037
6.10315 6.75396 0.301495
6.10315 6.75396 0.301495
6.43845 5.7396 0.30672
6.68683 6.78725 0.330159
6.68683 6.78725 0.330159
6.68683 6.78725 0.330159
6.25845 6.20621 0.320251
6.08129 6.39263 0.316217
5.93208 5.94553 0.316746
6.36898 5.97174 0.325709
6.00895 6.02644 0.308627
6.3619 6.72095 0.307154
6.70127 6.04951 0.304431
6.3554 6.48554 0.340006
6.3554 6.48554 0.340006
6.17519 6.72092 0.339448
5.68529 6.50481 0.308409
6.75252 6.52432 0.308365
6.62651 6.4456 0.313168
5.85123 5.80429 0.29761
6.4485 6.12291 0.31555
6.25079 6.56029 0.310284
6.25079 6.56029 0.310284
6.25079 6.56029 0.310284
6.14938 6.00199 0.313184
5.83449 6.1481 0.311433
6.29734 6.22545 0.318338
6.29734 6.22545 0.318338
6.08086 6.38532 0.312933
6.50939 6.22984 0.300023
6.54108 6.33303 0.333132
6.15755 6.72358 0.330734
6.28485 5.65429 0.32227
6.63846 6.07798 0.305795
6.0375 6.24343 0.317061
6.0375 6.24343 0.317061
6.56755 6.44708 0.327789
6.42783 6.30192 0.317258
6.26725 5.95211 0.309134
6.26725 5.95211 0.309134
6.23052 6.53332 0.310949
6.01276 6.06554 0.338311
6.67763 6.28202 0.313666
6.71916 6.1977 0.310707
6.43402 6.5864 0.329495
6.41922 6.41559 0.338426
6.41922 6.41559 0.338426
6.41909 6.30988 0.314453
5.94759 6.42542 0.307957
6.20076 6.64577 0.307002
6.34548 6.17446 0.341729
6.34548 6.17446 0.341729
6.64089 6.53703 0.323694
6.29262 6.45219 0.318504
6.3493 6.43305 0.320913
6.15887 6.1793 0.313027
6.15887 6.1793 0.313027
6.23749 6.62171 0.300841
6.23749 6.62171 0.300841
6.0606 6.62536 0.315766
5.7556 6.52114 0.336546
6.67301 5.88789 0.308125
6.75026 6.43444 0.306824
6.77395 6.58094 0.324779
6.30298 6.22168 0.327338
5.94369 6.29405 0.330752
5.71658 6.77026 0.32514
5.71658 6.77026 0.32514
6.33268 6.16808 0.326379
6.0435 6.20743 0.330789
6.52539 6.76893 0.295815
6.46583 6.39975 0.316354
6.95915 6.85761 0.31812
6.32775 6.4458 0.315233
6.4626 6.70521 0.297069
6.94627 6.24201 0.312672
5.90237 6.6237 0.307161
6.1348 6.11272 0.315276
6.1348 6.11272 0.315276
6.45661 6.82392 0.315882
6.45661 6.82392 0.315882
6.45661 6.82392 0.315882
7.01313 6.78897 0.322048
7.01313 6.78897 0.322048
7.01313 6.78897 0.322048
6.13878 6.69922 0.321327
6.55953 6.31398 0.315922
6.28918 6.50045 0.305951
6.28918 6.50045 0.305951
6.46749 6.62466 0.312176
6.43622 6.25755 0.323315
6.43622 6.25755 0.323315
6.43622 6.25755 0.323315
6.25304 6.71137 0.322453
5.82311 5.98396 0.326084
5.82311 5.98396 0.326084
5.82311 5.98396 0.326084
6.28202 6.26002 0.317004
6.53948 6.27721 0.316643
6.38015 6.06719 0.306227
6.48209 6.89828 0.327069
6.48209 6.89828 0.327069
5.92922 6.82824 0.328502
5.92922 6.82824 0.328502
6.19662 6.12623 0.317241
6.25366 6.2694 0.308726
6.6641 6.37413 0.305639
6.47524 6.03345 0.301596
6.37268 6.55524 0.316665
6.3491 6.38405 0.316156
6.84506 6.46306 0.328854
6.84506 6.46306 0.328854
6.50181 6.75528 0.316255
6.50181 6.75528 0.316255
6.50181 6.75528 0.316255
6.33946 6.59052 0.315526
6.27785 6.40774 0.311922
6.0865 5.98999 0.32393
6.44981 5.96721 0.322562
6.04668 5.97185 0.31028
5.9505 6.7141 0.317523
5.9505 6.7141 0.317523
6.1202 6.45191 0.324989
6.73512 6.65742 0.307813
5.91539 6.57009 0.300801
5.94321 6.92557 0.316329
7.15847 6.0371 0.315513
7.15847 6.0371 0.315513
7.15847 6.0371 0.315513
6.27812 6.54767 0.324508
6.27812 6.54767 0.324508
6.36598 6.0469 0.309539
6.36598 6.0469 0.309539
6.37016 6.08626 0.32027
6.7899 6.4418 0.314048
6.20348 6.04842 0.331134
6.36534 6.15456 0.319499
6.36534 6.15456 0.319499
6.36445 6.54418 0.31873
6.36445 6.54418 0.31873
6.1737 6.63371 0.327752
6.1737 6.63371 0.327752
6.06941 6.59826 0.310392
6.62951 5.81607 0.313077
6.62951 5.81607 0.313077
6.62951 5.81607 0.313077
6.74141 6.75165 0.330998
6.55982 6.40695 0.326188
5.95106 6.85951 0.324252
6.2872 5.91313 0.304268
7.18598 6.17225 0.318813
5.93767 6.05922 0.319094
6.03695 6.31007 0.315675
6.23194 6.5865 0.329431
6.23194 6.5865 0.329431
6.72188 6.74372 0.307493
6.26376 6.68339 0.308705
6.17016 6.28338 0.330885
6.65376 6.53812 0.309036
5.75946 5.87721 0.297119
6.80833 6.26063 0.311754
6.50064 6.60023 0.328778
6.32815 6.62659 0.315002
6.24608 7.29485 0.314685
5.78673 6.68987 0.339316
5.80643 6.42734 0.337217
5.65161 6.4211 0.310773
5.65161 6.4211 0.310773
5.882 6.69923 0.354026
5.91577 6.56156 0.337854
6.75319 6.13485 0.303833
6.3972 6.07995 0.336392
6.3972 6.07995 0.336392
6.26366 6.23936 0.312719
6.26366 6.23936 0.312719
6.11968 6.39869 0.321218
6.40395 6.31054 0.325495
6.40395 6.31054 0.325495
6.55932 6.42275 0.327195
6.55932 6.42275 0.327195
6.31205 6.30939 0.319624
6.66229 6.13096 0.318781
6.66229 6.13096 0.318781
5.75386 6.342 0.305282
6.10474 5.93748 0.310581
6.10474 5.93748 0.310581
6.43958 6.01291 0.325854
6.43958 6.01291 0.325854
6.43958 6.01291 0.325854
6.43958 6.01291 0.325854
5.84635 5.86502 0.327245
6.26882 6.13162 0.325524
6.39164 6.43334 0.293592
6.39164 6.43334 0.293592
6.39164 6.43334 0.293592
6.02825 6.06221 0.296605
6.02825 6.06221 0.296605
6.6086 6.38028 0.322437
6.33172 6.20413 0.325089
6.63907 6.68057 0.31961
6.63907 6.68057 0.31961
6.8652 6.28481 0.308311
5.85045 6.14078 0.31326
6.57175 6.7693 0.323738
6.42777 6.73132 0.316101
6.1464 6.96465 0.313089
6.1464 6.96465 0.313089
5.42432 6.11008 0.314148
5.42432 6.11008 0.314148
6.8168 5.93276 0.330117
6.8168 5.93276 0.330117
6.8168 5.93276 0.330117
6.20773 6.2932 0.316307
6.27367 6.19278 0.302342
6.19753 6.49716 0.324422
6.05065 6.33773 0.311215
6.24554 6.426 0.326356
6.58829 6.5394 0.323245
6.84119 6.30742 0.3161
6.84119 6.30742 0.3161
6.84119 6.30742 0.3161
6.51297 6.03612 0.307735
6.20756 6.49028 0.330693
7.02821 6.6846 0.31385
6.59535 6.24072 0.312769
6.61126 6.13198 0.311845
6.25902 6.59342 0.315614
6.25902 6.59342 0.315614
6.40219 6.52784 0.318801
6.40219 6.52784 0.318801
6.31119 5.77298 0.297461
6.11889 6.0658 0.311746
6.11889 6.0658 0.311746
6.83936 6.11796 0.303415
6.83936 6.11796 0.303415
6.1791 6.59999 0.314638
6.1791 6.59999 0.314638
6.1791 6.59999 0.314638
6.5497 5.99866 0.302252
6.68608 5.80356 0.326664
6.58144 6.21405 0.309543
6.14497 6.55557 0.322446
6.14497 6.55557 0.322446
6.94253 6.38411 0.310502
6.12387 6.79134 0.337098
6.37139 6.72726 0.319871
6.36805 5.98667 0.331889
6.51389 6.3312 0.314564
6.46952 5.60933 0.324073
6.37203 6.24452 0.305222
6.40534 5.95366 0.349584
6.50378 6.28436 0.307244
6.31665 6.61626 0.306176
6.70617 6.34576 0.309198
6.70848 5.79961 0.32252
6.97299 5.84664 0.32464
6.97299 5.84664 0.32464
6.97299 5.84664 0.32464
6.22948 6.65776 0.304969
6.30236 5.83155 0.329565
6.60539 5.88927 0.319516
6.34937 6.04737 0.325448
6.71781 5.96557 0.306214
6.71781 5.96557 0.306214
6.71781 5.96557 0.306214
6.06498 6.35117 0.307287
6.89729 6.70312 0.321061
6.91088 5.81665 0.329896
6.91088 5.81665 0.329896
6.128 6.49267 0.316574
6.15197 5.83167 0.315866
6.15197 5.83167 0.315866
6.21845 6.69677 0.321768
6.42056 6.26524 0.305928
6.42056 6.26524 0.305928
6.39396 6.60054 0.329906
6.88533 6.40577 0.325647
6.17526 6.44815 0.321643
6.37072 6.1965 0.30257
6.36072 6.19924 0.331021
6.14819 6.4255 0.317141
6.0528 6.41583 0.323906
6.0528 6.41583 0.323906
6.87548 6.34943 0.319193
6.10234 6.56749 0.315111
6.10234 6.56749 0.315111
6.5275 6.57212 0.321094
6.47851 6.51539 0.322113
6.23729 6.03756 0.319766
6.23536 6.61179 0.330116
5.76562 6.45398 0.312657
6.7049 5.94816 0.315332
6.732 6.21891 0.322853
6.28991 6.29488 0.321956
6.28991 6.29488 0.321956
6.60725 6.25645 0.312887
6.10596 6.52677 0.33767
6.94539 6.39268 0.317453
6.0028 6.57492 0.330213
6.43643 6.20043 0.296742
6.43643 6.20043 0.296742
6.70642 6.39251 0.314721
6.70642 6.39251 0.314721
6.01631 6.89359 0.341549
6.00587 6.47836 0.316275
6.10911 5.82716 0.320009
6.10911 5.82716 0.320009
6.33224 6.20197 0.312966
6.34527 6.63842 0.31346
6.34527 6.63842 0.31346
6.34527 6.63842 0.31346
6.30971 6.14946 0.316724
5.97395 6.26306 0.317704
6.55197 6.23575 0.297985
6.13734 6.33845 0.303938
6.13734 6.33845 0.303938
6.08411 6.46309 0.321004
6.08411 6.46309 0.321004
6.34959 5.93109 0.320528
6.34959 5.93109 0.320528
6.68046 6.34516 0.318774
5.87155 5.98044 0.304317
5.87155 5.98044 0.304317
6.31925 6.49636 0.314435
6.38345 6.54879 0.338263
6.68206 5.5653 0.328855
5.86789 6.60053 0.31957
6.62861 6.0972 0.335426
6.40824 6.29784 0.310673
6.40824 6.29784 0.310673
6.86893 6.26574 0.33212
6.32644 6.30825 0.304836
6.17916 6.41089 0.314202
6.32278 5.89479 0.334328
6.16409 6.70439 0.323316
6.27902 6.3684 0.315602
6.27902 6.3684 0.315602
6.85167 5.75461 0.315828
6.85167 5.75461 0.315828
6.6684 6.23607 0.307985
6.6684 6.23607 0.307985
6.6684 6.23607 0.307985
6.21092 6.30294 0.315774
6.32948 6.47291 0.29537
6.17704 6.52131 0.293115
6.01513 6.31472 0.320302
6.14091 6.56531 0.321444
6.23371 5.93788 0.316023
6.25476 6.04249 0.318203
6.04647 6.60288 0.314906
6.28317 5.92662 0.307093
6.18104 6.219 0.314242
6.10922 6.43796 0.305125
6.10922 6.43796 0.305125
6.46829 6.40474 0.304729
6.46829 6.40474 0.304729
6.0293 6.27033 0.330749
6.0293 6.27033 0.330749
6.39885 6.33494 0.298287
6.4299 6.36348 0.316699
6.61447 7.04445 0.322791
6.12427 6.46628 0.332544
6.03679 6.30267 0.318071
6.67678 6.21996 0.311652
6.67678 6.21996 0.311652
6.26534 6.31367 0.307004
6.26534 6.31367 0.307004
6.56109 6.43107 0.295895
6.16952 6.29754 0.326716
6.43879 6.34734 0.315311
6.43879 6.34734 0.315311
6.70536 5.96359 0.30485
6.67561 6.32024 0.325214
5.83331 6.0871 0.309565
5.94981 6.18058 0.308353
5.94981 6.18058 0.308353
6.20762 6.31535 0.316045
6.20762 6.31535 0.316045
6.47887 6.75477 0.305719
5.95554 6.40799 0.309456
5.95554 6.40799 0.309456
6.75595 6.88824 0.296278
6.45972 6.62715 0.310916
6.54633 6.33 0.321503
6.27181 6.71793 0.31338
6.1216 6.26582 0.316185
6.1216 6.26582 0.316185
5.97757 6.91473 0.320948
6.01296 6.72131 0.298742
6.25382 6.41841 0.30969
6.5642 6.563 0.30689
6.66098 6.24097 0.311588
6.66098 6.24097 0.311588
6.10297 6.60294 0.311265
6.94005 6.38449 0.311403
6.94005 6.38449 0.311403
6.31437 6.93344 0.320731
6.16328 6.46369 0.324019
6.16328 6.46369 0.324019
6.03014 6.4908 0.318008
6.64209 6.59592 0.324669
6.64209 6.59592 0.324669
6.64209 6.59592 0.324669
6.30184 6.37806 0.325377
5.96092 5.89292 0.322504
6.50041 6.58389 0.316033
6.20184 6.96639 0.322236
6.7791 5.97149 0.331285
6.7791 5.97149 0.331285
6.7791 5.97149 0.331285
6.61157 5.74207 0.313365
6.61157 5.74207 0.313365
6.34937 6.21502 0.308711
6.13648 6.7557 0.308026
5.98862 5.95998 0.308173
6.65145 6.62965 0.317721
6.65145 6.62965 0.317721
6.82151 6.51644 0.316405
6.56577 6.13461 0.314278
6.56577 6.13461 0.314278
6.27813 6.088 0.317992
6.14467 6.45875 0.325794
6.14467 6.45875 0.325794
6.6493 5.88144 0.312773
6.307 6.30408 0.31938
6.49745 5.83397 0.296911
6.21392 6.29443 0.3119
6.21392 6.29443 0.3119
6.1109 6.32027 0.309995
6.20576 6.05279 0.307302
6.00644 6.67829 0.3038
6.32201 5.91255 0.327427
6.32201 5.91255 0.327427
6.64527 6.01065 0.329216
5.94444 5.61427 0.330785
6.2246 6.3335 0.320815
6.16463 6.57936 0.300186
6.23663 6.41177 0.323839
5.7702 6.49256 0.317735
6.4509 6.3969 0.314952
6.5823 6.75757 0.319544
6.59474 5.92231 0.329009
6.38661 5.97854 0.303909
6.38661 5.97854 0.303909
6.48323 6.06455 0.302064
6.03251 6.59647 0.32285
6.551 6.33684 0.317074
6.85302 6.73384 0.309373
6.26327 6.33151 0.305061
6.65534 5.63589 0.299196
6.24595 6.39565 0.325223
6.28336 6.52844 0.331357
5.91616 5.90907 0.319856
6.05306 6.59871 0.324265
6.05306 6.59871 0.324265
6.05306 6.59871 0.324265
6.21269 5.79644 0.315396
6.24011 6.2337 0.325037
6.56611 6.47933 0.308287
6.29788 6.56117 0.319257
6.29788 6.56117 0.319257
6.26108 6.11957 0.301319
6.26108 6.11957 0.301319
6.11538 6.98411 0.323644
6.71208 6.57324 0.326743
6.71208 6.57324 0.326743
6.19042 6.3173 0.296132
6.18558 5.99433 0.312161
6.9681 6.12498 0.301691
6.31518 6.75344 0.324692
6.27167 6.55586 0.305553
6.27167 6.55586 0.305553
6.27167 6.55586 0.305553
6.29053 6.13278 0.317482
6.64664 6.60067 0.332574
6.74157 6.06607 0.319465
6.74157 6.06607 0.319465
6.42662 5.52557 0.321346
6.07324 5.84528 0.316889
6.6291 5.77355 0.335819
6.6291 5.77355 0.335819
6.16037 6.79691 0.307427
6.16037 6.79691 0.307427
6.37776 6.31674 0.310603
6.37776 6.31674 0.310603
6.01856 6.55628 0.311814
6.37923 6.79003 0.322999
5.83325 6.63171 0.33734
5.83325 6.63171 0.33734
6.87193 6.05573 0.313807
6.19618 6.31721 0.328817
6.26801 6.31415 0.3112
6.26801 6.31415 0.3112
6.03817 6.17439 0.321875
6.67946 6.03641 0.329875
6.67946 6.03641 0.329875
6.3028 6.84073 0.312338
6.72523 6.66648 0.295257
5.92236 6.22206 0.318883
6.11462 6.34782 0.320702
6.11462 6.34782 0.320702
6.56891 6.16528 0.31194
6.56891 6.16528 0.31194
6.9103 5.94124 0.319707
6.9103 5.94124 0.319707
6.47174 5.84885 0.322928
6.05948 6.45195 0.318103
6.05948 6.45195 0.318103
6.78147 5.7739 0.315329
6.32101 6.07997 0.319298
6.60197 6.74429 0.322697
6.23841 6.11702 0.324677
6.29871 6.23091 0.315898
6.3664 6.22453 0.321512
6.21552 6.05337 0.321436
6.80206 5.98542 0.00317921
6.7337 6.21424 0.308087
5.99366 6.21071 0.335606
5.99366 6.21071 0.335606
6.33899 6.14002 0.310778
6.29179 6.76115 0.324705
6.29179 6.76115 0.324705
6.85444 6.32351 0.3276
6.85444 6.32351 0.3276
6.30681 6.23344 0.29653
6.65796 6.10279 0.314698
6.42779 6.35618 0.309909
6.20276 6.50041 0.315604
5.77558 6.35177 0.312315
6.73298 6.16144 0.334335
5.89854 6.69678 0.309854
6.38812 6.35366 0.341853
6.46044 6.08096 0.312437
6.30241 6.19811 0.309972
6.14225 6.37588 0.314753
6.24979 6.03969 0.326731
6.02343 6.00374 0.325592
5.6135 5.97452 0.302887
5.78663 6.35993 0.326965
5.78663 6.35993 0.326965
6.69271 6.04636 0.330668
6.38596 6.25799 0.320054
6.0107 6.4665 0.301242
5.86344 6.66921 0.315105
5.86344 6.66921 0.315105
6.36291 6.76194 0.32154
6.36291 6.76194 0.32154
6.41595 6.563 0.337581
6.3163 6.68899 0.302943
6.23752 6.91608 0.345841
6.58109 6.73145 0.317112
6.78746 5.83343 0.32191
6.33962 6.83299 0.312739
6.01944 6.35481 0.339555
6.01944 6.35481 0.339555
6.01944 6.35481 0.339555
6.33479 6.26094 0.315371
6.81572 6.22556 0.328448
6.6347 6.16001 0.320539
6.50504 6.37204 0.308291
6.21005 6.36023 0.31589
6.21005 6.36023 0.31589
6.38851 6.11163 0.312889
6.4878 6.36516 0.318211
5.95976 6.65425 0.316479
5.95976 6.65425 0.316479
6.13258 6.52913 0.291919
6.13258 6.52913 0.291919
5.86417 6.64234 0.29832
5.86417 6.64234 0.29832
5.86417 6.64234 0.29832
6.76438 6.36849 0.32346
6.29716 6.57276 0.317356
6.66766 6.83054 0.325086
6.92134 5.82479 0.322648
6.45554 6.00909 0.3169
6.59871 6.32566 0.312742
6.34998 5.86786 0.32616
6.34998 5.86786 0.32616
6.54738 6.31401 0.33853
6.35496 6.21048 0.331393
6.20487 6.39611 0.313699
7.21418 6.20026 0.321282
6.28711 6.58767 0.318033
6.67677 5.95651 0.320491
6.23847 6.4397 0.32852
6.23847 6.4397 0.32852
5.57802 5.71749 0.321466
5.89176 6.23939 0.308044
6.12566 6.85939 0.316801
6.54438 6.38659 0.309407
6.31352 6.86225 0.338043
5.90234 6.49442 0.324157
5.81922 6.21419 0.304768
6.17016 5.83392 0.314901
6.06119 6.44563 0.30686
6.33169 6.47107 0.303158
6.32153 6.42543 0.324129
6.14206 6.12006 0.29216
6.14206 6.12006 0.29216
6.18641 6.32751 0.33223
6.0502 5.92288 0.0164164
6.40496 6.23997 0.0148813
6.16572 6.52997 0.00376169
6.37671 6.56829 0.0126663
6.40679 6.58904 0.0100725
6.02437 6.30134 0.00208202
6.52716 6.23932 0.00725828
6.26279 6.29381 8.97864e-05
6.26279 6.29381 8.97864e-05
5.47546 5.98834 -0.0221817
5.47546 5.98834 -0.0221817
6.43013 6.28221 0.00856103
6.32256 6.6889 0.0121057
6.32256 6.6889 0.0121057
5.88276 6.53893 0.00372605
