17.6598 16.5701 0.288201
16.1467 16.6228 0.27007
22.9475 22.7795 0.264937
19.3748 19.0055 0.275815
19.2348 18.4538 0.256467
9.75382 8.97282 0.30782
15.8888 15.7885 0.324489
8.73661 9.07348 0.303305
9.54755 8.63614 0.334419
10.3423 9.90214 0.291107
10.3423 9.90214 0.291107
18.0388 17.2771 0.264018
31.8853 31.7262 0.211685
30.0952 30.5242 0.218967
26.5862 26.4153 0.234756
32.3589 32.2587 0.23526
10.3778 10.4792 0.28731
11.4454 11.648 0.316461
9.98836 9.22669 0.294127
31.0561 31.1262 0.216478
29.8158 29.7156 0.235263
33.3212 33.3395 0.196302
10.7993 10.8174 0.300323
30.0284 30.2419 0.213123
26.4694 26.3968 0.239085
11.2885 11.4187 0.317347
24.5945 24.2252 0.258789
26.578 25.5544 0.241419
18.8795 19.3555 0.261025
23.0448 22.4068 0.266382
16.111 16.1497 0.32184
25.4299 25.2348 0.255583
26.1813 26.1325 0.242214
11.8814 11.5121 0.315714
29.5281 30.3592 0.229349
12.8415 12.6464 0.310326
16.0587 15.7292 0.318592
10.9446 10.4187 0.310374
31.8416 31.5521 0.197039
30.0284 30.2419 0.213123
10.7197 10.6194 0.333591
10.332 10.1801 0.31267
11.3271 11.9821 0.313649
18.8795 19.3555 0.261025
22.9623 22.8103 0.264614
12.8201 13.2115 0.301444
19.7941 19.8212 0.28284
13.8834 14.3594 0.28122
8.73661 9.07348 0.303305
10.4728 10.266 0.299113
10.4728 10.266 0.299113
16.2032 15.9965 0.292768
25.386 25.8169 0.249319
33.2819 33.352 0.2019
10.4728 10.266 0.299113
6.29217 6.34845 0.315809
32.5326 32.3806 0.217096
15.8888 15.7885 0.324489
10.4728 10.266 0.299113
19.2348 18.4538 0.256467
26.1752 25.8853 0.230655
22.4534 22.2854 0.27058
14.6298 14.9667 0.282827
13.1717 13.1988 0.295595
26.5219 26.4506 0.221916
28.4311 28.236 0.240071
12.7868 13.5786 0.291624
10.5339 11.1495 0.291346
10.1126 10.2139 0.294161
11.3271 11.9821 0.313649
9.28337 8.84325 0.305543
14.7453 14.6678 0.281354
29.131 29.149 0.230373
26.5862 26.4153 0.234756
31.4839 31.8388 0.201705
13.1717 13.1988 0.295595
12.8201 13.2115 0.301444
21.9948 21.9617 0.253411
33.0523 32.8842 0.208347
23.8199 24.1749 0.259081
31.4049 31.7962 0.195943
14.9555 14.2265 0.292377
30.2997 30.1318 0.200821
23.0448 22.4068 0.266382
9.75382 8.97282 0.30782
16.1507 15.8128 0.316045
26.4694 26.3968 0.239085
9.16539 9.652 0.294968
19.3748 19.0055 0.275815
22.4534 22.2854 0.27058
7.77147 7.61535 0.299868
26.0376 26.1734 0.241828
16.4344 16.8535 0.281515
6.41059 6.44927 0.336636
7.28648 7.68299 0.328781
29.9197 29.9759 0.211787
16.2032 15.9965 0.292768
20.8937 20.9118 0.267489
16.1467 16.6228 0.27007
7.76867 7.80736 0.344634
18.3109 17.3995 0.300316
18.3109 17.3995 0.300316
18.3109 17.3995 0.300316
18.3109 17.3995 0.300316
18.3109 17.3995 0.300316
18.254 18.744 0.291873
18.254 18.744 0.291873
18.254 18.744 0.291873
18.254 18.744 0.291873
18.254 18.744 0.291873
18.254 18.744 0.291873
16.2155 16.6217 0.289349
16.2155 16.6217 0.289349
16.2155 16.6217 0.289349
16.2155 16.6217 0.289349
16.3683 16.6091 0.261203
16.3683 16.6091 0.261203
16.3683 16.6091 0.261203
16.3683 16.6091 0.261203
16.3683 16.6091 0.261203
16.3683 16.6091 0.261203
16.3683 16.6091 0.261203
16.3683 16.6091 0.261203
16.3683 16.6091 0.261203
16.3683 16.6091 0.261203
16.3683 16.6091 0.261203
16.3683 16.6091 0.261203
16.3683 16.6091 0.261203
16.2232 16.8388 0.263474
16.2232 16.8388 0.263474
16.2232 16.8388 0.263474
16.2232 16.8388 0.263474
16.2232 16.8388 0.263474
16.2232 16.8388 0.263474
16.2232 16.8388 0.263474
16.2232 16.8388 0.263474
16.2232 16.8388 0.263474
16.2232 16.8388 0.263474
13.6248 12.8957 0.303668
13.6248 12.8957 0.303668
13.6248 12.8957 0.303668
13.6248 12.8957 0.303668
13.6248 12.8957 0.303668
13.6248 12.8957 0.303668
13.6248 12.8957 0.303668
13.6248 12.8957 0.303668
13.6248 12.8957 0.303668
13.6248 12.8957 0.303668
13.6284 13.4606 0.283722
13.6284 13.4606 0.283722
12.8627 13.2592 0.305107
12.8627 13.2592 0.305107
12.8627 13.2592 0.305107
12.8627 13.2592 0.305107
12.8627 13.2592 0.305107
13.624 13.4286 0.308974
13.624 13.4286 0.308974
13.624 13.4286 0.308974
13.624 13.4286 0.308974
13.624 13.4286 0.308974
13.624 13.4286 0.308974
13.1586 13.2112 0.292323
13.1586 13.2112 0.292323
13.1586 13.2112 0.292323
13.1586 13.2112 0.292323
13.3865 12.6559 0.298939
13.3865 12.6559 0.298939
13.3865 12.6559 0.298939
13.2471 13.6533 0.311401
13.2471 13.6533 0.311401
13.2471 13.6533 0.311401
13.2471 13.6533 0.311401
13.6103 13.5376 0.291744
13.6103 13.5376 0.291744
13.6103 13.5376 0.291744
13.6103 13.5376 0.291744
13.3701 13.7992 0.290788
13.3701 13.7992 0.290788
13.3701 13.7992 0.290788
13.3701 13.7992 0.290788
13.3701 13.7992 0.290788
30.602 30.0762 0.214804
30.602 30.0762 0.214804
29.6839 29.1629 0.205069
29.6839 29.1629 0.205069
29.3601 29.9798 0.207581
29.3601 29.9798 0.207581
29.8641 30.1664 0.220856
29.8641 30.1664 0.220856
29.8641 30.1664 0.220856
29.8641 30.1664 0.220856
29.8641 30.1664 0.220856
29.8641 30.1664 0.220856
29.8641 30.1664 0.220856
29.8641 30.1664 0.220856
29.8641 30.1664 0.220856
29.8641 30.1664 0.220856
30.3281 29.9786 0.209946
30.3281 29.9786 0.209946
30.3281 29.9786 0.209946
6.34454 6.11268 0.301483
6.34454 6.11268 0.301483
6.34454 6.11268 0.301483
6.34454 6.11268 0.301483
6.6024 6.19172 0.325415
6.6024 6.19172 0.325415
6.6024 6.19172 0.325415
6.6024 6.19172 0.325415
6.6024 6.19172 0.325415
6.6024 6.19172 0.325415
6.6024 6.19172 0.325415
6.6024 6.19172 0.325415
6.6024 6.19172 0.325415
6.6024 6.19172 0.325415
6.6024 6.19172 0.325415
6.6024 6.19172 0.325415
6.6024 6.19172 0.325415
6.6024 6.19172 0.325415
5.79895 6.35468 0.314323
5.79895 6.35468 0.314323
5.79895 6.35468 0.314323
5.79895 6.35468 0.314323
5.79895 6.35468 0.314323
5.79895 6.35468 0.314323
5.79895 6.35468 0.314323
5.51925 6.54841 -0.0106684
10.378 10.2374 0.288076
10.378 10.2374 0.288076
10.378 10.2374 0.288076
10.378 10.2374 0.288076
10.378 10.2374 0.288076
10.378 10.2374 0.288076
10.378 10.2374 0.288076
10.378 10.2374 0.288076
10.378 10.2374 0.288076
10.378 10.2374 0.288076
10.378 10.2374 0.288076
10.378 10.2374 0.288076
10.568 10.6739 0.312579
10.9786 11.0713 0.313281
10.9786 11.0713 0.313281
10.9786 11.0713 0.313281
10.9786 11.0713 0.313281
10.9786 11.0713 0.313281
10.9786 11.0713 0.313281
10.9786 11.0713 0.313281
10.9786 11.0713 0.313281
10.9786 11.0713 0.313281
10.9786 11.0713 0.313281
10.9786 11.0713 0.313281
10.9786 11.0713 0.313281
10.9786 11.0713 0.313281
10.9786 11.0713 0.313281
10.1506 10.315 0.297157
10.7396 10.9664 0.302289
10.7396 10.9664 0.302289
10.7396 10.9664 0.302289
10.7396 10.9664 0.302289
10.7396 10.9664 0.302289
10.7396 10.9664 0.302289
10.7396 10.9664 0.302289
10.7396 10.9664 0.302289
10.7396 10.9664 0.302289
11.3238 10.7283 0.289929
11.3238 10.7283 0.289929
11.3238 10.7283 0.289929
11.3238 10.7283 0.289929
11.3238 10.7283 0.289929
11.3238 10.7283 0.289929
11.0675 10.459 0.309198
11.0675 10.459 0.309198
6.24282 6.11591 8.88965e-05
6.24282 6.11591 8.88965e-05
6.24282 6.11591 8.88965e-05
6.24282 6.11591 8.88965e-05
6.24282 6.11591 8.88965e-05
6.24282 6.11591 8.88965e-05
6.24282 6.11591 8.88965e-05
6.24282 6.11591 8.88965e-05
6.24282 6.11591 8.88965e-05
6.24282 6.11591 8.88965e-05
6.24282 6.11591 8.88965e-05
6.24282 6.11591 8.88965e-05
6.24282 6.11591 8.88965e-05
6.24282 6.11591 8.88965e-05
6.24282 6.11591 8.88965e-05
6.24282 6.11591 8.88965e-05
15.3069 15.2193 0.285604
15.3069 15.2193 0.285604
15.3069 15.2193 0.285604
15.3069 15.2193 0.285604
15.3069 15.2193 0.285604
15.3069 15.2193 0.285604
15.3069 15.2193 0.285604
15.435 15.1194 0.300524
15.435 15.1194 0.300524
15.435 15.1194 0.300524
15.2645 15.5538 0.307365
15.2645 15.5538 0.307365
14.8672 15.4229 0.289846
20.3238 19.921 0.266798
20.3238 19.921 0.266798
20.3238 19.921 0.266798
20.3238 19.921 0.266798
20.3238 19.921 0.266798
20.3238 19.921 0.266798
20.3238 19.921 0.266798
20.3238 19.921 0.266798
19.4619 20.0979 0.28365
19.4619 20.0979 0.28365
19.4619 20.0979 0.28365
19.4619 20.0979 0.28365
19.5283 19.4648 0.283662
19.5283 19.4648 0.283662
19.5283 19.4648 0.283662
19.5283 19.4648 0.283662
19.5283 19.4648 0.283662
19.5283 19.4648 0.283662
19.5283 19.4648 0.283662
19.5283 19.4648 0.283662
19.5283 19.4648 0.283662
20.091 19.9436 0.285984
20.091 19.9436 0.285984
20.091 19.9436 0.285984
20.091 19.9436 0.285984
20.091 19.9436 0.285984
19.9067 19.5669 0.277935
19.9067 19.5669 0.277935
20.0085 19.9804 0.292874
20.0085 19.9804 0.292874
20.0085 19.9804 0.292874
20.0085 19.9804 0.292874
20.0085 19.9804 0.292874
19.7472 19.7897 0.278623
19.8308 19.6155 0.269176
19.8308 19.6155 0.269176
19.8308 19.6155 0.269176
19.8308 19.6155 0.269176
19.8308 19.6155 0.269176
8.29265 8.36911 0.310468
8.29265 8.36911 0.310468
8.29265 8.36911 0.310468
8.29265 8.36911 0.310468
8.29265 8.36911 0.310468
8.29265 8.36911 0.310468
8.29265 8.36911 0.310468
8.29265 8.36911 0.310468
8.29265 8.36911 0.310468
8.29265 8.36911 0.310468
8.29265 8.36911 0.310468
8.29265 8.36911 0.310468
8.29265 8.36911 0.310468
8.29265 8.36911 0.310468
8.29265 8.36911 0.310468
8.29265 8.36911 0.310468
8.29265 8.36911 0.310468
8.29265 8.36911 0.310468
8.29265 8.36911 0.310468
8.35208 7.99052 0.319232
8.35208 7.99052 0.319232
8.35208 7.99052 0.319232
8.35208 7.99052 0.319232
8.35208 7.99052 0.319232
8.35208 7.99052 0.319232
8.35208 7.99052 0.319232
8.35208 7.99052 0.319232
7.90373 8.59657 0.335763
7.90373 8.59657 0.335763
7.90373 8.59657 0.335763
7.90373 8.59657 0.335763
7.90373 8.59657 0.335763
7.90373 8.59657 0.335763
7.90373 8.59657 0.335763
7.90373 8.59657 0.335763
7.90373 8.59657 0.335763
7.90373 8.59657 0.335763
7.90373 8.59657 0.335763
7.90373 8.59657 0.335763
7.90373 8.59657 0.335763
7.90373 8.59657 0.335763
7.90373 8.59657 0.335763
7.90373 8.59657 0.335763
7.90373 8.59657 0.335763
7.90373 8.59657 0.335763
7.90373 8.59657 0.335763
8.49479 8.08888 0.330636
8.49479 8.08888 0.330636
8.49479 8.08888 0.330636
8.1726 8.17298 0.328303
8.1726 8.17298 0.328303
7.54428 8.53664 0.297268
7.54428 8.53664 0.297268
9.82286 9.38233 0.315405
9.82286 9.38233 0.315405
9.82286 9.38233 0.315405
9.82286 9.38233 0.315405
9.82286 9.38233 0.315405
9.82286 9.38233 0.315405
9.82286 9.38233 0.315405
9.86619 9.45872 0.310176
