30.6947 30.7218 0.218197
20.0178 20.4241 0.266637
22.683 22.7532 0.264134
16.0716 15.1602 0.320489
35.3149 36.0773 0.203059
23.631 23.794 0.277553
32.9867 32.975 0.19424
24.0654 23.9651 0.270039
26.4588 26.3875 0.24176
35.3149 36.0773 0.203059
11.9624 12.0525 0.304642
80.739 80.7776 0.115173
17.4042 17.8942 0.284772
64.1176 63.356 0.116651
6.41059 6.44927 0.336636
46.5828 45.973 0.182654
80.6995 79.7881 0.113822
10.1126 10.2139 0.294161
80.1056 80.8385 0.12006
80.4542 80.9409 0.0854652
59.5354 59.4437 0.116492
69.0353 69.5059 0.0964729
22.2132 21.7731 0.255546
81.267 80.629 0.0957812
31.9523 31.9993 0.190278
28.9438 28.9218 0.232835
74.488 74.7616 0.116559
62.9856 62.6361 0.114059
63.6659 64.0028 0.127238
69.1482 69.1152 0.0805728
22.683 22.7532 0.264134
15.8208 16.3301 0.271449
11.3271 11.9821 0.313649
55.4707 55.6842 0.139604
52.7551 52.7731 0.147174
24.0654 23.9651 0.270039
61.4505 60.8125 0.124142
18.298 17.9685 0.298419
22.3479 22.4181 0.262509
72.9318 73.4024 0.103662
80.6434 80.923 0.0885603
61.875 60.8515 0.121686
26.4694 26.3968 0.239085
61.4505 60.8125 0.124142
22.8236 22.4544 0.277171
48.3979 48.2087 0.159202
81.6867 81.3489 0.109399
26.4588 26.3875 0.24176
15.8888 15.7885 0.324489
27.641 28.0375 0.242506
15.4497 15.3771 0.290848
78.7879 78.2388 0.105215
15.8888 15.7885 0.324489
55.1923 55.4568 0.148509
31.4178 30.7799 0.218725
11.3271 11.9821 0.313649
81.7463 82.1654 0.103246
74.6671 74.2978 0.118992
75.1505 75.5795 0.103647
26.8965 26.3756 0.214624
74.6671 74.2978 0.118992
75.7957 75.8484 0.0901634
10.3423 9.90214 0.291107
15.8208 16.3301 0.271449
14.0762 13.8435 0.277601
26.4694 26.3968 0.239085
20.8324 20.6257 0.259427
26.4694 26.3968 0.239085
27.641 28.0375 0.242506
69.2396 69.5192 0.0846978
15.8208 16.3301 0.271449
11.3271 11.9821 0.313649
74.6005 74.9919 0.114303
62.9814 62.7863 0.123885
63.7462 62.9652 0.119249
32.9867 32.975 0.19424
20.0178 20.4241 0.266637
20.8324 20.6257 0.259427
24.0514 24.0696 0.253401
32.584 32.4279 0.187846
14.0762 13.8435 0.277601
36.6415 37.1175 0.189836
30.6947 30.7218 0.218197
83.1364 83.1927 0.0845304
69.2396 69.5192 0.0846978
23.3807 23.5833 0.257712
48.5995 48.4434 0.136444
10.6001 10.8645 0.309277
15.4497 15.3771 0.290848
11.2885 11.4187 0.317347
36.701 36.6893 0.183929
47.5446 47.5116 0.166752
59.805 59.7323 0.105357
55.7004 55.7705 0.148535
6.41059 6.44927 0.336636
20.0178 20.4241 0.266637
18.298 17.9685 0.298419
14.7453 14.6678 0.281354
10.347 10.3249 0.309636
64.1176 63.356 0.116651
28.9177 28.9205 0.235471
28.9177 28.9205 0.235471
28.9177 28.9205 0.235471
28.9177 28.9205 0.235471
28.9177 28.9205 0.235471
28.9177 28.9205 0.235471
28.9177 28.9205 0.235471
28.9177 28.9205 0.235471
28.9177 28.9205 0.235471
28.9177 28.9205 0.235471
28.9668 28.9947 0.22623
28.9668 28.9947 0.22623
28.9668 28.9947 0.22623
28.9668 28.9947 0.22623
29.2984 29.4877 0.231618
29.2984 29.4877 0.231618
29.2984 29.4877 0.231618
29.2984 29.4877 0.231618
29.2984 29.4877 0.231618
29.2984 29.4877 0.231618
29.2984 29.4877 0.231618
29.2984 29.4877 0.231618
29.2984 29.4877 0.231618
29.2984 29.4877 0.231618
29.2984 29.4877 0.231618
29.2984 29.4877 0.231618
29.2984 29.4877 0.231618
29.2984 29.4877 0.231618
29.2984 29.4877 0.231618
29.2984 29.4877 0.231618
29.2984 29.4877 0.231618
29.0669 29.0146 0.223306
29.0669 29.0146 0.223306
29.0669 29.0146 0.223306
29.0669 29.0146 0.223306
29.0669 29.0146 0.223306
29.0669 29.0146 0.223306
29.0669 29.0146 0.223306
29.0849 29.2202 0.226586
29.0849 29.2202 0.226586
29.0849 29.2202 0.226586
28.9582 28.8587 0.219225
28.9582 28.8587 0.219225
28.9582 28.8587 0.219225
28.9582 28.8587 0.219225
28.9582 28.8587 0.219225
28.9582 28.8587 0.219225
28.9582 28.8587 0.219225
28.9582 28.8587 0.219225
28.9582 28.8587 0.219225
28.9582 28.8587 0.219225
28.9582 28.8587 0.219225
28.9582 28.8587 0.219225
28.9582 28.8587 0.219225
28.9582 28.8587 0.219225
28.9582 28.8587 0.219225
28.9582 28.8587 0.219225
28.9304 29.0418 0.238278
28.9304 29.0418 0.238278
28.9304 29.0418 0.238278
28.9304 29.0418 0.238278
28.9304 29.0418 0.238278
28.9304 29.0418 0.238278
28.9304 29.0418 0.238278
28.9304 29.0418 0.238278
28.9304 29.0418 0.238278
12.9599 12.9439 0.270883
12.9599 12.9439 0.270883
12.9599 12.9439 0.270883
12.9599 12.9439 0.270883
12.9599 12.9439 0.270883
12.9599 12.9439 0.270883
12.9599 12.9439 0.270883
12.9599 12.9439 0.270883
12.9599 12.9439 0.270883
12.9599 12.9439 0.270883
12.9599 12.9439 0.270883
12.9599 12.9439 0.270883
12.9599 12.9439 0.270883
12.9599 12.9439 0.270883
12.9599 12.9439 0.270883
12.9599 12.9439 0.270883
12.9599 12.9439 0.270883
12.9599 12.9439 0.270883
12.9599 12.9439 0.270883
12.9599 12.9439 0.270883
12.9599 12.9439 0.270883
12.9599 12.9439 0.270883
12.9599 12.9439 0.270883
12.9599 12.9439 0.270883
12.9599 12.9439 0.270883
12.9599 12.9439 0.270883
12.9599 12.9439 0.270883
12.9599 12.9439 0.270883
12.9599 12.9439 0.270883
59.2458 59.4259 0.112304
59.2458 59.4259 0.112304
59.2458 59.4259 0.112304
59.2458 59.4259 0.112304
59.4757 59.5567 0.10728
46.4614 46.2901 0.163406
46.4614 46.2901 0.163406
46.4614 46.2901 0.163406
46.4614 46.2901 0.163406
46.4614 46.2901 0.163406
46.4614 46.2901 0.163406
46.4614 46.2901 0.163406
46.4614 46.2901 0.163406
46.4614 46.2901 0.163406
46.4614 46.2901 0.163406
46.4614 46.2901 0.163406
46.4614 46.2901 0.163406
46.4614 46.2901 0.163406
46.4614 46.2901 0.163406
46.4614 46.2901 0.163406
46.4614 46.2901 0.163406
46.4614 46.2901 0.163406
46.4614 46.2901 0.163406
46.4614 46.2901 0.163406
46.4614 46.2901 0.163406
46.4614 46.2901 0.163406
46.4614 46.2901 0.163406
46.609 47.163 0.166585
46.609 47.163 0.166585
46.609 47.163 0.166585
46.609 47.163 0.166585
46.2016 46.2338 0.16682
47.0952 46.0407 0.170695
28.5567 27.6643 0.240999
28.5567 27.6643 0.240999
28.5567 27.6643 0.240999
28.5567 27.6643 0.240999
28.5567 27.6643 0.240999
27.9872 28.1012 0.233006
27.9872 28.1012 0.233006
27.9872 28.1012 0.233006
27.9872 28.1012 0.233006
27.9872 28.1012 0.233006
27.9872 28.1012 0.233006
27.9872 28.1012 0.233006
27.9872 28.1012 0.233006
27.9872 28.1012 0.233006
27.9872 28.1012 0.233006
27.9872 28.1012 0.233006
27.9872 28.1012 0.233006
27.9872 28.1012 0.233006
26.8327 27.6987 0.230358
26.8327 27.6987 0.230358
26.8327 27.6987 0.230358
26.8327 27.6987 0.230358
26.8327 27.6987 0.230358
26.8327 27.6987 0.230358
26.8327 27.6987 0.230358
26.8327 27.6987 0.230358
26.8327 27.6987 0.230358
26.8327 27.6987 0.230358
26.8327 27.6987 0.230358
26.8327 27.6987 0.230358
26.8327 27.6987 0.230358
26.8327 27.6987 0.230358
26.8327 27.6987 0.230358
26.8327 27.6987 0.230358
26.8327 27.6987 0.230358
26.8327 27.6987 0.230358
26.8327 27.6987 0.230358
26.8327 27.6987 0.230358
26.8327 27.6987 0.230358
27.4589 27.194 0.2322
27.4589 27.194 0.2322
27.4589 27.194 0.2322
27.4589 27.194 0.2322
27.4589 27.194 0.2322
27.4589 27.194 0.2322
27.4589 27.194 0.2322
27.4589 27.194 0.2322
27.4589 27.194 0.2322
27.4589 27.194 0.2322
27.4589 27.194 0.2322
27.4589 27.194 0.2322
27.4589 27.194 0.2322
26.9327 27.2712 0.211908
27.3641 26.7623 0.217025
27.3641 26.7623 0.217025
27.3641 26.7623 0.217025
27.3641 26.7623 0.217025
27.3641 26.7623 0.217025
27.3641 26.7623 0.217025
27.3641 26.7623 0.217025
27.3641 26.7623 0.217025
27.3641 26.7623 0.217025
27.3641 26.7623 0.217025
27.3641 26.7623 0.217025
27.3641 26.7623 0.217025
27.3641 26.7623 0.217025
27.3641 26.7623 0.217025
27.3641 26.7623 0.217025
49.9924 49.8059 0.163256
49.9924 49.8059 0.163256
49.9924 49.8059 0.163256
49.9924 49.8059 0.163256
