10.1509 9.62505 0.317959
28.9438 28.9218 0.232835
6.12699 6.26278 -0.00087697
26.7857 26.9883 0.219243
15.8888 15.7885 0.324489
37.3861 37.1793 0.200615
31.9032 32.5229 0.207578
20.2327 20.1601 0.278989
13.3332 13.3111 0.296966
34.5716 34.2748 0.182687
37.5519 36.8228 0.217841
39.9211 39.9094 0.164176
13.8835 14.0193 0.283585
15.2874 15.567 0.284193
6.26297 5.93353 0.0169025
16.0587 15.7292 0.318592
31.8853 31.7262 0.211685
25.4012 25.2057 0.261885
20.0178 20.4241 0.266637
20.0885 20.5076 0.290812
9.5903 10.0193 0.311043
36.6415 37.1175 0.189836
20.0885 20.5076 0.290812
15.8208 16.3301 0.271449
13.2839 13.3401 0.290723
24.0654 23.9651 0.270039
6.93656 6.81633 0.301809
18.298 17.9685 0.298419
37.0792 37.2421 0.226602
6.41059 6.44927 0.336636
22.4534 22.2854 0.27058
7.77147 7.61535 0.299868
17.4042 17.8942 0.284772
6.41059 6.44927 0.336636
41.4945 41.7597 0.189393
24.5492 24.3814 0.235597
11.2885 11.4187 0.317347
11.6142 11.2764 0.318521
27.791 27.27 0.225368
18.8795 19.3555 0.261025
10.5339 11.1495 0.291346
19.2348 18.4538 0.256467
6.41059 6.44927 0.336636
30.6947 30.7218 0.218197
31.4839 31.8388 0.201705
7.77147 7.61535 0.299868
18.8795 19.3555 0.261025
11.3271 11.9821 0.313649
26.0376 26.1734 0.241828
36.1519 36.7716 0.188195
26.5862 26.4153 0.234756
17.4042 17.8942 0.284772
9.877 9.52748 0.313101
17.4042 17.8942 0.284772
22.2132 21.7731 0.255546
40.2162 40.2864 0.171836
16.3348 15.9698 0.283498
26.5862 26.4153 0.234756
9.28337 8.84325 0.305543
12.8201 13.2115 0.301444
22.2132 21.7731 0.255546
11.6142 11.2764 0.318521
16.4393 16.3191 0.276611
26.4588 26.3875 0.24176
11.6142 11.2764 0.318521
31.9179 31.8959 0.191465
25.0807 24.9126 0.253234
20.5414 20.3523 0.266493
18.8795 19.3555 0.261025
31.7296 31.4051 0.193089
15.5643 15.9557 0.307769
13.8835 14.0193 0.283585
24.292 24.0593 0.240379
10.3423 9.90214 0.291107
15.5423 14.4526 0.304441
11.3271 11.9821 0.313649
22.8236 22.4544 0.277171
18.298 17.9685 0.298419
15.4497 15.3771 0.290848
26.1582 26.495 0.24146
10.1126 10.2139 0.294161
15.831 16.2275 0.283055
24.8543 25.2307 0.245901
10.1126 10.2139 0.294161
12.8201 13.2115 0.301444
22.9475 22.7795 0.264937
26.1582 26.495 0.24146
10.3561 10.7326 0.298809
10.3561 10.7326 0.298809
7.28648 7.68299 0.328781
14.3047 14.2334 0.283516
7.77147 7.61535 0.299868
10.1126 10.2139 0.294161
37.4149 36.8658 0.210337
37.2678 37.176 0.217052
7.94892 8.07917 0.327881
35.3149 36.0773 0.203059
13.3332 13.3111 0.296966
22.4205 22.9105 0.275979
34.9934 35.0635 0.190747
38.9385 38.0462 0.186665
38.9385 38.0462 0.186665
38.1071 37.6516 0.197311
38.1071 37.6516 0.197311
38.1071 37.6516 0.197311
38.1071 37.6516 0.197311
38.6071 38.2272 0.205952
38.3555 37.9747 0.175032
38.3555 37.9747 0.175032
37.7428 38.7563 0.18873
38.6764 38.1101 0.171132
38.6764 38.1101 0.171132
38.6764 38.1101 0.171132
37.7047 38.0562 0.190754
37.7047 38.0562 0.190754
37.7047 38.0562 0.190754
37.7047 38.0562 0.190754
37.7047 38.0562 0.190754
37.7047 38.0562 0.190754
38.3004 38.663 0.190696
38.3004 38.663 0.190696
38.3004 38.663 0.190696
38.2829 37.6056 0.18686
37.9237 38.2824 0.200265
37.9237 38.2824 0.200265
38.1758 38.3197 0.191676
38.1758 38.3197 0.191676
38.6582 38.1442 0.200067
38.6582 38.1442 0.200067
38.6582 38.1442 0.200067
38.6582 38.1442 0.200067
38.6525 38.1111 0.192683
38.6525 38.1111 0.192683
38.3535 38.1653 0.186458
38.2864 38.1312 0.190247
38.0852 38.3259 0.193875
38.0852 38.3259 0.193875
38.0852 38.3259 0.193875
38.3783 38.3491 0.186482
38.3751 37.8561 0.193509
38.3751 37.8561 0.193509
38.3751 37.8561 0.193509
38.3751 37.8561 0.193509
38.3751 37.8561 0.193509
38.3751 37.8561 0.193509
38.7172 37.8776 0.202685
38.3986 37.6797 0.20232
38.5034 37.8124 0.203742
38.8194 38.4675 0.188711
38.8194 38.4675 0.188711
38.8194 38.4675 0.188711
38.1213 38.2504 0.216982
17.875 17.3735 0.27414
17.875 17.3735 0.27414
17.875 17.3735 0.27414
17.875 17.3735 0.27414
17.875 17.3735 0.27414
17.875 17.3735 0.27414
17.875 17.3735 0.27414
17.875 17.3735 0.27414
17.7784 16.8714 0.274539
17.7784 16.8714 0.274539
17.7784 16.8714 0.274539
17.7784 16.8714 0.274539
17.7784 16.8714 0.274539
17.7784 16.8714 0.274539
17.7784 16.8714 0.274539
17.7784 16.8714 0.274539
17.7784 16.8714 0.274539
17.7784 16.8714 0.274539
17.7784 16.8714 0.274539
17.7784 16.8714 0.274539
17.7784 16.8714 0.274539
17.7784 16.8714 0.274539
17.7784 16.8714 0.274539
17.7784 16.8714 0.274539
17.7784 16.8714 0.274539
17.7784 16.8714 0.274539
17.7784 16.8714 0.274539
17.7784 16.8714 0.274539
17.7784 16.8714 0.274539
17.7784 16.8714 0.274539
17.7784 16.8714 0.274539
17.7784 16.8714 0.274539
17.7784 16.8714 0.274539
17.7784 16.8714 0.274539
17.7784 16.8714 0.274539
17.7784 16.8714 0.274539
17.7784 16.8714 0.274539
17.7784 16.8714 0.274539
17.7784 16.8714 0.274539
17.7784 16.8714 0.274539
17.7784 16.8714 0.274539
17.7784 16.8714 0.274539
17.7784 16.8714 0.274539
17.7784 16.8714 0.274539
17.7784 16.8714 0.274539
17.7784 16.8714 0.274539
17.7784 16.8714 0.274539
17.7784 16.8714 0.274539
11.751 11.9067 0.311021
11.751 11.9067 0.311021
11.751 11.9067 0.311021
11.751 11.9067 0.311021
11.751 11.9067 0.311021
11.751 11.9067 0.311021
11.751 11.9067 0.311021
11.751 11.9067 0.311021
11.751 11.9067 0.311021
11.751 11.9067 0.311021
11.086 11.5883 0.294658
11.086 11.5883 0.294658
11.086 11.5883 0.294658
11.086 11.5883 0.294658
11.086 11.5883 0.294658
11.086 11.5883 0.294658
11.086 11.5883 0.294658
11.086 11.5883 0.294658
11.086 11.5883 0.294658
11.086 11.5883 0.294658
11.086 11.5883 0.294658
11.086 11.5883 0.294658
11.086 11.5883 0.294658
11.086 11.5883 0.294658
11.086 11.5883 0.294658
11.086 11.5883 0.294658
11.086 11.5883 0.294658
11.6948 11.1696 0.306673
11.6948 11.1696 0.306673
11.6948 11.1696 0.306673
11.6948 11.1696 0.306673
11.6948 11.1696 0.306673
11.6948 11.1696 0.306673
11.6948 11.1696 0.306673
11.6948 11.1696 0.306673
11.6948 11.1696 0.306673
11.6948 11.1696 0.306673
11.6948 11.1696 0.306673
11.5332 11.0902 0.307227
11.5332 11.0902 0.307227
11.5332 11.0902 0.307227
11.5332 11.0902 0.307227
11.5332 11.0902 0.307227
11.5332 11.0902 0.307227
11.5332 11.0902 0.307227
11.5332 11.0902 0.307227
11.5332 11.0902 0.307227
11.5332 11.0902 0.307227
11.5332 11.0902 0.307227
11.5332 11.0902 0.307227
8.15494 7.61623 0.313565
8.15494 7.61623 0.313565
8.15494 7.61623 0.313565
8.15494 7.61623 0.313565
7.34463 7.83575 0.307684
7.34463 7.83575 0.307684
39.4857 39.2068 0.170274
39.4857 39.2068 0.170274
39.4857 39.2068 0.170274
39.3613 39.4178 0.167701
39.0113 39.3237 0.165312
39.0511 39.7307 0.181566
39.4685 39.379 0.155851
39.4685 39.379 0.155851
39.4685 39.379 0.155851
39.1044 39.0383 0.181032
38.581 39.1158 0.165712
38.581 39.1158 0.165712
39.0337 39.0836 0.170653
39.4018 39.3307 0.175148
39.4018 39.3307 0.175148
39.4018 39.3307 0.175148
39.4018 39.3307 0.175148
39.4108 39.1131 0.183274
39.4108 39.1131 0.183274
40.0337 39.353 0.163774
40.0337 39.353 0.163774
40.0337 39.353 0.163774
40.0337 39.353 0.163774
39.1699 39.6547 0.170386
39.1244 39.2184 0.150093
39.1244 39.2184 0.150093
39.1244 39.2184 0.150093
39.1244 39.2184 0.150093
39.7542 39.1481 0.175459
39.7542 39.1481 0.175459
39.7542 39.1481 0.175459
39.3046 39.2338 0.167533
39.3046 39.2338 0.167533
39.2384 39.4382 0.167432
39.2384 39.4382 0.167432
39.2384 39.4382 0.167432
39.1512 39.0744 0.18356
39.1512 39.0744 0.18356
39.1512 39.0744 0.18356
39.1512 39.0744 0.18356
39.1512 39.0744 0.18356
39.1811 38.9393 0.16633
39.1811 38.9393 0.16633
39.382 39.4843 0.173685
