6.57683 6.64695 0.314997
6.34849 6.58928 -0.0121085
7.76949 7.15972 0.334398
8.29668 7.65871 0.325242
7.86086 7.6541 0.315561
6.21547 6.24258 0.316716
6.26867 7.09974 0.304316
7.19868 7.96436 0.338038
7.09037 6.36129 0.306814
6.12699 6.26278 -0.00087697
6.04563 6.80803 0.318406
6.12023 6.14733 0.000230269
6.92935 6.75472 0.303999
6.60168 6.55829 -0.00513132
6.93859 6.30063 0.317245
7.32291 7.67787 0.33088
6.22364 6.19063 0.305899
7.34483 7.88563 0.324283
6.19692 6.25321 -0.000677008
6.34849 6.58928 -0.0121085
6.4195 6.29928 0.00329886
7.95748 7.17648 0.31124
6.94883 6.18717 0.306088
6.34849 6.58928 -0.0121085
6.87931 6.35343 0.00233969
7.52118 8.17617 0.333967
7.86086 7.6541 0.315561
7.76934 7.81639 0.324898
7.67312 7.95272 0.318021
8.04745 7.96676 0.322155
7.66368 7.24802 0.305283
6.12699 6.26278 -0.00087697
7.61602 7.31827 0.33375
7.92799 6.83827 0.338269
7.67994 7.94511 0.320122
8.07652 7.88142 0.326346
6.1631 6.81809 0.32597
6.12699 6.26278 -0.00087697
5.95039 6.71278 0.00192008
7.79129 7.83834 0.319453
6.31814 6.16202 -0.0246146
6.31616 5.70639 0.00991534
6.78002 6.45059 0.315412
6.20232 6.25496 0.313444
6.0564 5.53544 0.309091
6.48158 6.55171 -0.00148843
5.88158 6.36862 0.302299
7.32291 7.67787 0.33088
6.71851 6.42868 0.306304
8.04784 7.85237 0.332648
5.88158 6.36862 0.302299
6.45023 6.11237 0.330841
7.87283 7.75261 0.327782
6.64404 6.77983 0.297633
7.70522 7.91869 0.314064
5.88158 6.36862 0.302299
7.86086 7.6541 0.315561
6.26677 6.11479 0.00463575
6.45023 6.11237 0.330841
7.7512 6.83979 0.337838
8.29668 7.65871 0.325242
7.19868 7.96436 0.338038
7.69507 7.97467 0.312577
7.25425 7.76356 0.32262
6.79875 6.77667 0.300112
6.47465 5.38494 0.0137858
6.20339 6.819 -0.00983748
7.93552 7.15452 0.316684
5.95039 6.71278 0.00192008
6.01834 6.25177 0.000834648
7.67089 8.07713 0.335075
6.19692 6.25321 -0.000677008
6.94883 6.18717 0.306088
6.41392 6.84292 0.31191
7.84257 7.9327 0.304443
7.32288 7.86367 0.329727
6.13101 6.72968 0.31345
7.67674 7.38691 0.326832
7.22196 7.61332 0.330563
7.92799 6.83827 0.338269
7.69433 8.18429 0.329395
6.0564 5.53544 0.309091
6.22364 6.19063 0.305899
8.12892 7.95808 0.316534
7.73825 7.40882 0.335941
6.34849 6.58928 -0.0121085
6.4195 6.29928 0.00329886
6.12699 6.26278 -0.00087697
8.02589 7.83041 0.338093
7.86086 7.6541 0.315561
6.19692 6.25321 -0.000677008
6.36201 6.21003 0.321121
7.32291 7.67787 0.33088
6.29217 6.34845 0.315809
7.42567 8.18807 0.320959
7.79502 7.56227 0.312178
6.26677 6.11479 0.00463575
7.50088 7.87733 0.316664
6.17317 6.44682 0.306846
6.82873 6.32764 0.293077
7.79129 7.83834 0.319453
8.15087 7.98003 0.311089
7.52259 7.62395 0.305165
7.52259 7.62395 0.305165
7.56838 7.46812 0.341838
7.17511 7.96693 0.319263
7.17511 7.96693 0.319263
7.79396 8.22297 0.314463
7.79396 8.22297 0.314463
7.79396 8.22297 0.314463
7.56867 7.24415 0.322264
7.79063 7.82931 0.339189
7.79063 7.82931 0.339189
7.63798 7.34022 0.328306
7.49078 7.96137 0.324352
7.91165 7.36258 0.319839
7.32558 7.52818 0.316263
7.83837 7.7609 0.316319
7.67221 7.72849 0.318362
7.49363 7.72706 0.319873
7.50088 7.87733 0.316664
7.95687 8.02699 0.31755
7.24391 7.63527 0.325118
7.24391 7.63527 0.325118
7.84257 7.9327 0.304443
7.2269 8.05797 0.324845
7.2269 8.05797 0.324845
8.09748 7.72818 0.330587
7.26162 7.74866 0.304852
7.66368 7.24802 0.305283
7.74205 7.59007 0.323674
7.89479 7.77456 0.322337
7.5045 7.63475 0.332221
8.07697 8.03358 0.313907
7.60228 7.73807 0.318162
7.67994 7.94511 0.320122
7.67994 7.94511 0.320122
7.67994 7.94511 0.320122
8.03261 8.46351 0.320082
7.88984 8.30894 0.327241
7.72436 7.56522 0.34086
7.67867 8.29428 0.309201
7.79145 7.18168 0.328954
6.36591 6.31713 0.315994
6.36591 6.31713 0.315994
6.36591 6.31713 0.315994
6.34281 6.67968 0.31524
6.34281 6.67968 0.31524
6.34281 6.67968 0.31524
6.34281 6.67968 0.31524
6.63434 6.26931 0.298294
6.18875 6.21356 0.314174
6.18875 6.21356 0.314174
6.50277 6.29601 0.307564
6.50277 6.29601 0.307564
6.22214 6.69819 0.313244
6.20232 6.25496 0.313444
6.69648 6.50138 0.323793
6.69648 6.50138 0.323793
6.69648 6.50138 0.323793
6.35821 6.02878 0.333388
6.35821 6.02878 0.333388
6.35821 6.02878 0.333388
6.35821 6.02878 0.333388
6.38446 6.29272 0.324001
5.69709 6.03396 0.315266
6.68936 6.60868 0.314158
6.68936 6.60868 0.314158
6.68936 6.60868 0.314158
6.68936 6.60868 0.314158
6.43025 5.69964 0.320061
6.29085 6.69709 0.332522
6.29085 6.69709 0.332522
6.41125 6.4583 0.316901
6.41125 6.4583 0.316901
6.41125 6.4583 0.316901
5.89617 6.40547 0.314623
6.18834 6.08808 0.339285
6.41339 6.25727 0.291871
6.28167 6.26996 0.307337
6.18863 5.86411 0.319711
6.41059 6.44927 0.336636
6.41059 6.44927 0.336636
6.40692 5.90583 0.311053
6.40692 5.90583 0.311053
6.40692 5.90583 0.311053
6.40692 5.90583 0.311053
6.40692 5.90583 0.311053
6.40692 5.90583 0.311053
6.40692 5.90583 0.311053
6.56407 6.58215 0.315626
6.29217 6.34845 0.315809
6.29217 6.34845 0.315809
6.29217 6.34845 0.315809
5.86387 6.25523 0.322566
5.86387 6.25523 0.322566
5.86387 6.25523 0.322566
6.10699 5.66687 0.306409
6.10699 5.66687 0.306409
5.84686 6.67793 0.322292
6.03406 6.46569 -0.00462943
6.31307 5.90556 -0.00487374
5.84007 6.14549 0.00118501
6.04783 6.09178 0.0205589
6.04783 6.09178 0.0205589
6.04783 6.09178 0.0205589
6.47058 6.19881 -0.0183841
6.47058 6.19881 -0.0183841
6.47058 6.19881 -0.0183841
6.00667 5.97816 0.00289481
6.0679 5.82756 -0.00250895
6.0679 5.82756 -0.00250895
6.00563 5.64775 -0.0185629
6.00563 5.64775 -0.0185629
6.00563 5.64775 -0.0185629
6.00563 5.64775 -0.0185629
6.01208 6.04234 -0.000752924
6.01208 6.04234 -0.000752924
6.36556 6.87274 -0.00146155
6.36556 6.87274 -0.00146155
6.36556 6.87274 -0.00146155
6.36556 6.87274 -0.00146155
6.36556 6.87274 -0.00146155
6.58391 5.82938 0.00352092
5.70706 6.07175 0.0260659
5.70706 6.07175 0.0260659
5.70706 6.07175 0.0260659
5.70706 6.07175 0.0260659
5.91241 6.04484 0.000465257
6.31254 6.86931 0.00251908
6.17673 5.96018 -0.00356271
6.17673 5.96018 -0.00356271
6.17673 5.96018 -0.00356271
6.59607 5.89542 0.0060963
6.59607 5.89542 0.0060963
6.59607 5.89542 0.0060963
6.74331 6.39611 0.00730086
6.74331 6.39611 0.00730086
6.74331 6.39611 0.00730086
6.74331 6.39611 0.00730086
6.74331 6.39611 0.00730086
6.74331 6.39611 0.00730086
5.68589 6.42463 -0.000516435
5.68589 6.42463 -0.000516435
5.68589 6.42463 -0.000516435
6.64092 6.21093 0.000357216
6.64092 6.21093 0.000357216
6.64092 6.21093 0.000357216
6.47709 6.10878 0.01017
6.47709 6.10878 0.01017
6.57431 6.71006 -0.00332545
6.57431 6.71006 -0.00332545
6.57431 6.71006 -0.00332545
6.57431 6.71006 -0.00332545
6.57431 6.71006 -0.00332545
6.57431 6.71006 -0.00332545
6.57431 6.71006 -0.00332545
6.57431 6.71006 -0.00332545
6.19817 6.48035 -0.00329855
6.19817 6.48035 -0.00329855
6.19817 6.48035 -0.00329855
6.19817 6.48035 -0.00329855
6.19817 6.48035 -0.00329855
6.19817 6.48035 -0.00329855
6.75099 5.85013 -0.00201314
6.31045 6.04032 -0.00805316
5.94049 6.50248 0.009852
6.21062 6.06879 0.0161651
6.59445 6.40705 -0.00706496
6.59445 6.40705 -0.00706496
6.22875 5.47629 -0.00940921
6.22875 5.47629 -0.00940921
6.36684 6.63806 -0.0241859
6.36684 6.63806 -0.0241859
6.33956 6.00027 0.00559225
6.33956 6.00027 0.00559225
5.73993 5.77686 -0.00498431
5.73993 5.77686 -0.00498431
5.73993 5.77686 -0.00498431
6.00299 6.42784 -0.00712312
6.00299 6.42784 -0.00712312
6.5472 6.21999 0.00469693
6.29698 5.92767 0.00260254
6.29698 5.92767 0.00260254
6.24543 6.34507 0.00345536
6.24543 6.34507 0.00345536
6.24543 6.34507 0.00345536
5.8125 6.71327 -0.00326448
5.8125 6.71327 -0.00326448
5.8125 6.71327 -0.00326448
5.8125 6.71327 -0.00326448
5.8125 6.71327 -0.00326448
6.32116 6.12881 0.0131109
6.04035 6.44712 0.0152168
6.04035 6.44712 0.0152168
6.04035 6.44712 0.0152168
6.04035 6.44712 0.0152168
6.04035 6.44712 0.0152168
6.32836 6.15672 -0.00632841
6.50882 6.21084 -0.00957092
5.87295 5.80043 0.00865663
5.87295 5.80043 0.00865663
6.23755 6.91737 -0.0035252
6.48301 6.31336 0.00958211
6.48301 6.31336 0.00958211
6.48301 6.31336 0.00958211
5.82803 6.26844 0.00467356
6.62694 6.69325 0.0203406
6.62694 6.69325 0.0203406
6.62694 6.69325 0.0203406
5.43664 6.80012 0.00879205
5.61629 6.57774 -0.00599234
6.14222 6.39929 -0.00522199
6.14222 6.39929 -0.00522199
6.14222 6.39929 -0.00522199
6.14222 6.39929 -0.00522199
6.14222 6.39929 -0.00522199
6.14222 6.39929 -0.00522199
6.28687 6.73979 -0.00597567
6.77094 6.28492 0.0111073
6.77094 6.28492 0.0111073
6.77094 6.28492 0.0111073
6.77094 6.28492 0.0111073
6.77094 6.28492 0.0111073
6.77094 6.28492 0.0111073
5.7035 6.69035 0.016265
6.73144 6.57395 0.0153207
5.96178 6.18368 -0.0180866
5.96178 6.18368 -0.0180866
5.96178 6.18368 -0.0180866
6.26847 6.11488 0.00273858
6.26847 6.11488 0.00273858
6.48575 6.29434 0.0030314
6.48575 6.29434 0.0030314
6.48575 6.29434 0.0030314
6.10382 6.11323 -0.00799342
6.10382 6.11323 -0.00799342
6.10382 6.11323 -0.00799342
6.54322 6.41983 0.00054464
6.44775 6.59114 -0.00375917
6.44775 6.59114 -0.00375917
6.44775 6.59114 -0.00375917
6.4135 6.21534 -0.0015834
6.13789 6.21648 -0.0126281
6.39704 5.52875 -0.00364245
6.23733 5.42787 0.0165196
6.27471 6.59936 -0.00799855
6.27471 6.59936 -0.00799855
6.27471 6.59936 -0.00799855
6.27471 6.59936 -0.00799855
6.27471 6.59936 -0.00799855
6.27471 6.59936 -0.00799855
6.47424 6.30813 -0.00940026
6.22588 6.15096 -0.012458
6.63138 6.21764 -0.0159746
6.63138 6.21764 -0.0159746
6.11451 6.10447 -0.00794619
6.54858 5.91884 0.00922016
6.54858 5.91884 0.00922016
6.5937 6.20199 0.00201557
6.5937 6.20199 0.00201557
6.5937 6.20199 0.00201557
6.5937 6.20199 0.00201557
7.65437 8.1257 0.329433
8.26175 7.99647 0.320064
8.26175 7.99647 0.320064
7.58796 7.54424 0.334138
7.68105 7.63405 0.326085
7.68105 7.63405 0.326085
8.3159 7.48083 0.32996
8.3159 7.48083 0.32996
8.3159 7.48083 0.32996
8.3159 7.48083 0.32996
7.42511 8.39892 0.312969
7.70544 7.27045 0.315636
7.90811 8.01193 0.318391
7.90811 8.01193 0.318391
7.73867 8.08482 0.320468
7.73867 8.08482 0.320468
7.73867 8.08482 0.320468
7.67828 7.91178 0.330836
7.55767 7.61498 0.323017
7.60705 7.7591 0.32238
7.9581 7.93618 0.329293
7.65465 7.67415 0.314102
7.65465 7.67415 0.314102
7.50468 7.73466 0.339219
7.7577 7.48552 0.341492
7.7577 7.48552 0.341492
8.04939 8.08775 0.328423
7.72643 7.87121 0.31414
7.72643 7.87121 0.31414
7.2346 7.94937 0.334981
7.2346 7.94937 0.334981
7.74237 7.78289 0.333195
7.74237 7.78289 0.333195
7.87507 7.58476 0.32028
7.87507 7.58476 0.32028
7.87507 7.58476 0.32028
7.87507 7.58476 0.32028
7.61401 7.54096 0.320274
7.61401 7.54096 0.320274
7.94185 7.87397 0.342777
8.0395 7.65291 0.340596
7.68859 8.30297 0.333886
7.10752 8.14281 0.321512
7.10752 8.14281 0.321512
7.10752 8.14281 0.321512
7.86638 7.54547 0.324176
7.86638 7.54547 0.324176
8.34698 7.60229 0.328164
8.34698 7.60229 0.328164
7.9602 7.86534 0.329609
7.81742 7.58414 0.316
7.11002 7.83491 0.317906
8.01933 7.36911 0.327592
7.53925 7.6216 0.331086
8.10026 7.57153 0.334814
8.10026 7.57153 0.334814
8.10026 7.57153 0.334814
7.56987 7.36688 0.323504
7.56987 7.36688 0.323504
7.56987 7.36688 0.323504
7.72277 7.68825 0.32583
7.76065 7.77074 0.329108
7.19014 7.79337 0.332914
7.66349 7.5192 0.323964
8.08247 7.81801 0.32127
7.37664 7.77327 0.31682
8.11121 8.22753 0.314885
7.48773 7.44614 0.318896
7.48773 7.44614 0.318896
8.30623 7.55707 0.325364
7.75349 7.21501 0.320096
7.75349 7.21501 0.320096
8.11728 7.63699 0.327997
8.11728 7.63699 0.327997
7.70029 7.64146 0.335067
7.70029 7.64146 0.335067
7.70029 7.64146 0.335067
7.49205 7.76084 0.317134
7.49205 7.76084 0.317134
7.49205 7.76084 0.317134
7.64386 7.89692 0.341532
7.64386 7.89692 0.341532
7.64386 7.89692 0.341532
7.462 8.18728 0.313813
7.91085 7.70707 0.319253
7.45824 8.12442 0.321935
7.45824 8.12442 0.321935
7.89797 7.86251 0.323879
7.8281 7.53659 0.311591
7.8281 7.53659 0.311591
7.90465 7.81367 0.326274
7.1452 7.66845 0.331454
7.92974 7.88033 0.326269
7.91113 7.36888 0.326975
7.91113 7.36888 0.326975
7.71789 7.18123 0.333319
7.71789 7.18123 0.333319
7.11045 7.98029 0.316387
7.11045 7.98029 0.316387
7.11045 7.98029 0.316387
8.06449 7.52849 0.315827
8.06449 7.52849 0.315827
8.02536 7.9405 0.345808
8.02536 7.9405 0.345808
8.02536 7.9405 0.345808
7.87644 8.13229 0.328541
7.87644 8.13229 0.328541
7.65559 7.9325 0.337535
7.32224 7.99772 0.332009
7.32224 7.99772 0.332009
7.19666 8.10686 0.325076
7.28196 7.72591 0.344541
7.32413 7.64093 0.317147
7.32413 7.64093 0.317147
7.95489 8.1947 0.332886
7.55204 7.72904 0.332447
7.55204 7.72904 0.332447
7.17773 7.61697 0.325177
7.17773 7.61697 0.325177
8.14433 7.47854 0.325959
8.14433 7.47854 0.325959
7.71214 8.19358 0.318492
7.6978 7.80839 0.329563
7.71341 7.80211 0.326626
7.4049 7.93168 0.334663
7.23443 7.56291 0.317607
7.23443 7.56291 0.317607
8.17224 7.76124 0.321647
8.28754 7.23624 0.313902
8.28754 7.23624 0.313902
7.41129 7.86748 0.330523
7.25842 7.17476 0.315447
7.25842 7.17476 0.315447
7.6627 7.7909 0.339863
7.6627 7.7909 0.339863
7.71301 7.04734 0.320488
7.86715 7.57157 0.324785
7.59739 7.9104 0.334844
7.59739 7.9104 0.334844
8.40797 8.20881 0.327421
7.59877 7.74094 0.317611
7.59877 7.74094 0.317611
7.59877 7.74094 0.317611
7.59877 7.74094 0.317611
7.59877 7.74094 0.317611
7.42799 7.53468 0.333613
7.42799 7.53468 0.333613
8.27173 8.09306 0.317779
8.27173 8.09306 0.317779
8.27173 8.09306 0.317779
8.27173 8.09306 0.317779
7.42056 7.57521 0.327436
7.92002 7.31977 0.312882
7.79759 8.0738 0.343912
7.79759 8.0738 0.343912
7.79759 8.0738 0.343912
7.22375 7.48669 0.341469
8.021 7.12564 0.327332
7.85749 7.59129 0.328271
7.44992 7.51319 0.32357
7.44992 7.51319 0.32357
7.91882 7.56652 0.333713
7.93412 7.94287 0.327134
7.39541 7.48192 0.328589
7.39541 7.48192 0.328589
7.39804 7.7424 0.334387
7.39804 7.7424 0.334387
7.88621 6.9914 0.328226
7.877 7.59991 0.324491
7.59352 7.87515 0.327439
7.81381 8.03559 0.320761
7.81381 8.03559 0.320761
7.25525 7.55084 0.315681
7.25525 7.55084 0.315681
7.86255 8.63479 0.311321
7.86255 8.63479 0.311321
7.86255 8.63479 0.311321
7.86255 8.63479 0.311321
7.74048 7.78663 0.31616
7.64735 7.8552 0.335172
7.81917 7.60482 0.32329
7.56217 7.16328 0.317079
7.56217 7.16328 0.317079
7.56217 7.16328 0.317079
7.62207 7.59421 0.338327
8.27556 7.82633 0.325624
7.89739 7.5265 0.319785
7.25109 7.78673 0.326959
7.66033 7.71547 0.314978
7.66033 7.71547 0.314978
7.55609 7.77759 0.33376
7.55609 7.77759 0.33376
8.15606 7.48042 0.320635
8.15606 7.48042 0.320635
8.15606 7.48042 0.320635
7.59551 7.90366 0.321649
7.32883 7.57784 0.3331
7.32883 7.57784 0.3331
7.67973 7.6789 0.342639
7.67973 7.6789 0.342639
8.06167 7.61895 0.327239
7.83489 6.55377 0.320072
7.2037 7.28261 0.327489
7.2037 7.28261 0.327489
7.2037 7.28261 0.327489
7.2037 7.28261 0.327489
7.75672 7.97408 0.31295
7.92918 8.00931 0.320048
7.63694 7.38097 0.333093
8.10949 7.7915 0.321261
7.32529 7.54062 0.329865
7.34442 7.75046 0.335935
7.34442 7.75046 0.335935
7.34442 7.75046 0.335935
7.34442 7.75046 0.335935
7.92927 8.23992 0.331755
7.92927 8.23992 0.331755
7.92927 8.23992 0.331755
7.57469 8.59433 0.316921
7.83362 8.15945 0.314951
7.83362 8.15945 0.314951
7.83362 8.15945 0.314951
7.83362 8.15945 0.314951
7.74176 7.23585 0.326712
7.96283 7.54113 0.330788
7.96283 7.54113 0.330788
7.45766 8.02825 0.319193
7.45766 8.02825 0.319193
7.45766 8.02825 0.319193
7.45766 8.02825 0.319193
8.11162 7.32226 0.320901
8.11162 7.32226 0.320901
7.69502 7.58867 0.326318
8.02807 7.64374 0.309072
7.58235 7.62819 0.329512
7.58235 7.62819 0.329512
8.05999 8.06359 0.332888
7.74876 7.01619 0.328274
7.74876 7.01619 0.328274
7.74876 7.01619 0.328274
7.27628 7.48847 0.343163
7.27628 7.48847 0.343163
7.34357 7.48637 0.343469
8.15346 7.92206 0.341281
8.15346 7.92206 0.341281
7.81802 7.50844 0.337291
7.81802 7.50844 0.337291
7.81802 7.50844 0.337291
7.81802 7.50844 0.337291
7.81802 7.50844 0.337291
7.81802 7.50844 0.337291
7.81802 7.50844 0.337291
8.07755 8.03796 0.337453
7.60624 7.42008 0.332197
7.60624 7.42008 0.332197
7.41123 7.52671 0.31811
7.41123 7.52671 0.31811
7.48368 7.81336 0.326062
7.58571 7.81175 0.310269
7.44527 8.43534 0.337363
7.44527 8.43534 0.337363
7.44527 8.43534 0.337363
7.83657 7.63049 0.317214
7.83657 7.63049 0.317214
7.83657 7.63049 0.317214
7.83657 7.63049 0.317214
7.83657 7.63049 0.317214
7.83657 7.63049 0.317214
7.83491 7.71288 0.320863
8.07709 6.80596 0.320678
8.07709 6.80596 0.320678
8.07709 6.80596 0.320678
8.07709 6.80596 0.320678
7.9369 7.58528 0.335133
7.9369 7.58528 0.335133
7.59751 7.81627 0.329413
7.59751 7.81627 0.329413
7.59751 7.81627 0.329413
7.66931 8.44195 0.343444
7.66931 8.44195 0.343444
7.23976 7.88549 0.323035
7.23976 7.88549 0.323035
7.23976 7.88549 0.323035
7.60948 7.8734 0.336579
7.79632 7.662 0.344663
7.79632 7.662 0.344663
7.79632 7.662 0.344663
7.75233 7.42052 0.339409
7.84993 7.83601 0.319358
7.84993 7.83601 0.319358
7.84993 7.83601 0.319358
7.84993 7.83601 0.319358
7.84993 7.83601 0.319358
7.50281 8.06761 0.342809
7.96766 7.38869 0.314183
7.72478 7.99544 0.326642
7.72478 7.99544 0.326642
7.70827 7.93261 0.325537
7.70827 7.93261 0.325537
7.70827 7.93261 0.325537
7.70827 7.93261 0.325537
8.27678 7.7106 0.335729
8.27678 7.7106 0.335729
7.63562 7.64959 0.320969
8.24713 7.65162 0.332726
6.96135 7.52533 0.301972
7.75525 7.92662 0.322121
7.87163 7.65091 0.315381
7.87163 7.65091 0.315381
7.87163 7.65091 0.315381
7.87163 7.65091 0.315381
7.83331 7.64979 0.321504
7.83331 7.64979 0.321504
7.05601 7.39343 0.331658
7.05601 7.39343 0.331658
7.69371 7.61179 0.338601
7.69371 7.61179 0.338601
7.70068 7.71223 0.336818
8.09183 7.06538 0.325145
7.54126 7.47189 0.31854
7.46278 7.47671 0.329477
7.95695 7.42004 0.338224
7.21384 7.64371 0.315477
7.7062 7.51944 0.324711
7.86072 7.74566 0.316259
7.55191 7.39226 0.32783
7.55191 7.39226 0.32783
7.21577 7.78563 0.319501
7.98528 7.60213 0.326457
7.98528 7.60213 0.326457
7.59808 8.14532 0.322645
7.59808 8.14532 0.322645
8.28548 7.66293 0.325315
8.28548 7.66293 0.325315
8.28548 7.66293 0.325315
7.4091 7.33033 0.343397
7.4091 7.33033 0.343397
7.89599 7.55506 0.344957
7.15243 7.23389 0.334758
7.15243 7.23389 0.334758
7.91272 7.54053 0.331715
7.91272 7.54053 0.331715
7.069 7.97581 0.333076
8.08293 7.52504 0.316516
8.08293 7.52504 0.316516
7.80368 7.67299 0.327287
7.41066 8.26277 0.330537
7.41066 8.26277 0.330537
7.92732 7.49884 0.31096
7.92732 7.49884 0.31096
6.7661 7.63664 0.311358
6.7661 7.63664 0.311358
8.1752 7.68796 0.319866
7.30383 7.77283 0.310666
7.80118 7.96546 0.324236
7.26704 7.24182 0.316055
7.29855 7.63115 0.309275
7.45478 8.06992 0.326026
7.45478 8.06992 0.326026
7.83652 8.12167 0.318288
7.83652 8.12167 0.318288
7.52371 6.81575 0.31936
7.52371 6.81575 0.31936
7.45211 7.88683 0.323721
7.53097 8.09385 0.323456
7.40023 7.33506 0.32108
7.5944 8.08414 0.330168
7.35062 7.59444 0.324443
7.10604 7.95827 0.327382
7.10604 7.95827 0.327382
7.88573 7.85393 0.321824
7.4809 8.03841 0.344045
7.4809 8.03841 0.344045
7.30711 7.97884 0.3144
7.30711 7.97884 0.3144
7.30711 7.97884 0.3144
7.76836 7.57731 0.323242
8.11292 7.94956 0.340719
7.30887 7.49831 0.321505
7.5265 7.54413 0.328681
7.5265 7.54413 0.328681
7.5265 7.54413 0.328681
7.71418 8.04783 0.313414
7.75362 7.99228 0.31569
8.25565 7.56734 0.320593
8.25565 7.56734 0.320593
7.8918 7.981 0.325959
7.14502 7.23305 0.302017
7.35772 7.37158 0.304784
7.35772 7.37158 0.304784
7.35772 7.37158 0.304784
7.35772 7.37158 0.304784
7.45978 7.91198 0.31819
7.45978 7.91198 0.31819
7.95249 7.72794 0.338036
7.95249 7.72794 0.338036
7.6744 7.56615 0.335017
8.15872 7.56851 0.307496
7.8322 7.42851 0.319639
7.8322 7.42851 0.319639
7.8322 7.42851 0.319639
7.8322 7.42851 0.319639
7.8322 7.42851 0.319639
7.97795 7.23964 0.316395
7.97795 7.23964 0.316395
8.05659 7.32562 0.328535
8.05659 7.32562 0.328535
7.59732 7.53304 0.335694
7.68565 7.31001 0.344736
8.11821 7.53879 0.329707
7.77642 7.02587 0.333997
7.77642 7.02587 0.333997
8.16307 7.70691 0.339574
8.01589 7.62819 0.324449
8.01589 7.62819 0.324449
8.01589 7.62819 0.324449
7.08085 7.53135 0.327436
7.80937 7.90145 0.325898
7.56266 7.84534 0.333034
7.56266 7.84534 0.333034
7.23959 7.42127 0.325159
7.47457 7.96954 0.3151
7.47457 7.96954 0.3151
7.48497 7.62511 0.323631
7.71928 7.47686 0.334164
7.60694 7.30074 0.333087
7.85522 7.57207 0.333183
7.48277 7.75609 0.318136
7.59676 8.16911 0.337345
7.40459 7.75414 0.32669
7.40459 7.75414 0.32669
7.72542 7.96661 0.327727
7.72542 7.96661 0.327727
8.10509 7.16549 0.31071
8.10509 7.16549 0.31071
8.10509 7.16549 0.31071
8.07449 7.32264 0.330896
8.07449 7.32264 0.330896
7.8935 7.69182 0.315349
7.8935 7.69182 0.315349
7.95585 8.06809 0.318879
7.95585 8.06809 0.318879
8.11677 7.51972 0.314505
8.11267 7.94794 0.314063
8.11267 7.94794 0.314063
8.37902 6.83794 0.319726
7.64552 8.09755 0.326183
7.64552 8.09755 0.326183
7.64552 8.09755 0.326183
7.64552 8.09755 0.326183
7.64552 8.09755 0.326183
7.63435 7.07715 0.322706
7.63435 7.07715 0.322706
7.88084 7.69625 0.324822
7.88084 7.69625 0.324822
7.76429 7.62059 0.338563
7.76429 7.62059 0.338563
7.63736 7.60093 0.331608
7.70553 7.91242 0.32684
7.97883 8.04429 0.31212
7.97883 8.04429 0.31212
7.64212 7.36408 0.332993
7.64212 7.36408 0.332993
8.02776 7.87213 0.30879
8.02776 7.87213 0.30879
7.61979 7.86535 0.326347
7.61979 7.86535 0.326347
7.3981 7.9123 0.331267
7.3981 7.9123 0.331267
7.3981 7.9123 0.331267
7.4641 7.31666 0.322892
7.4641 7.31666 0.322892
7.4641 7.31666 0.322892
7.62318 7.61519 0.316155
7.32942 6.88363 0.336336
7.85751 7.84223 0.332402
7.94306 7.60871 0.340553
7.94306 7.60871 0.340553
7.28109 7.65686 0.322055
7.81285 7.91744 0.337965
7.81285 7.91744 0.337965
8.25009 8.11258 0.305481
8.25009 8.11258 0.305481
7.43966 7.76124 0.343242
8.28448 7.73088 0.325631
7.82355 7.14185 0.307498
7.82355 7.14185 0.307498
7.82355 7.14185 0.307498
7.82355 7.14185 0.307498
7.17812 7.79953 0.318627
7.81993 7.9712 0.327226
7.37131 8.03451 0.317702
7.54218 7.74721 0.324925
7.5855 7.41407 0.337664
7.71998 8.14447 0.314147
7.9287 7.74022 0.32567
7.97509 7.40623 0.316989
7.24204 7.74688 0.316991
7.24204 7.74688 0.316991
7.64795 7.74941 0.321507
7.84936 7.57519 0.319466
7.84936 7.57519 0.319466
7.84936 7.57519 0.319466
7.84936 7.57519 0.319466
7.85529 7.71139 0.32725
7.85529 7.71139 0.32725
8.1169 7.90773 0.323029
8.1169 7.90773 0.323029
8.1169 7.90773 0.323029
7.03026 7.83446 0.325356
7.03026 7.83446 0.325356
7.67253 7.19371 0.325974
7.28248 8.00822 0.337865
7.52048 7.11412 0.31588
7.81407 7.44219 0.325891
7.98024 7.88602 0.335936
7.55011 7.90548 0.329213
7.45588 7.86581 0.314798
7.87181 7.5277 0.312626
7.6082 7.88713 0.310712
7.35712 7.63798 0.32805
7.35712 7.63798 0.32805
7.35712 7.63798 0.32805
7.90575 7.97431 0.331001
7.90575 7.97431 0.331001
7.90575 7.97431 0.331001
7.91617 7.71673 0.331402
7.37596 7.69144 0.330357
7.37596 7.69144 0.330357
7.4463 8.20771 0.318923
7.4463 8.20771 0.318923
7.4463 8.20771 0.318923
7.4463 8.20771 0.318923
7.46073 7.8971 0.315552
7.46073 7.8971 0.315552
7.7424 7.63516 0.340551
7.64252 7.60417 0.304291
7.52644 7.65565 0.34968
7.52644 7.65565 0.34968
7.28441 7.27709 0.32919
7.71339 7.71748 0.329797
7.34615 6.99174 0.316213
7.66515 7.27448 0.332185
7.66515 7.27448 0.332185
7.66515 7.27448 0.332185
7.66515 7.27448 0.332185
7.66515 7.27448 0.332185
7.598 7.32587 0.326171
7.46825 7.77312 0.320158
7.46825 7.77312 0.320158
7.76092 7.56895 0.336547
7.6934 7.55814 0.326911
7.89768 7.74367 0.326702
7.38322 7.401 0.324372
8.36811 7.58698 0.327239
7.81987 7.8984 0.325959
7.72281 7.39365 0.329696
7.72281 7.39365 0.329696
7.63985 8.09916 0.325835
7.63985 8.09916 0.325835
7.45621 7.98932 0.312827
7.45621 7.98932 0.312827
7.25634 7.69974 0.321572
7.25634 7.69974 0.321572
7.62746 7.71132 0.312177
7.62746 7.71132 0.312177
7.49376 7.4105 0.328833
7.49376 7.4105 0.328833
7.87644 7.44685 0.326516
7.7125 8.25368 0.320749
7.57851 7.28809 0.319165
7.29208 7.65261 0.316352
7.68459 7.03056 0.34354
7.69424 7.8584 0.298014
8.0281 7.76628 0.32874
8.0281 7.76628 0.32874
8.0281 7.76628 0.32874
8.0281 7.76628 0.32874
8.0281 7.76628 0.32874
8.0281 7.76628 0.32874
8.36332 7.5689 0.327131
8.36332 7.5689 0.327131
7.71339 7.38332 0.335059
7.68623 7.05994 0.324568
7.68623 7.05994 0.324568
7.70994 8.10819 0.319228
7.70994 8.10819 0.319228
7.5032 8.14978 0.318283
7.5032 8.14978 0.318283
8.18787 7.65815 0.320657
8.18787 7.65815 0.320657
7.86025 7.84963 0.320662
7.86025 7.84963 0.320662
7.5951 7.99623 0.316781
7.5951 7.99623 0.316781
7.57334 7.97244 0.315871
7.16431 8.20033 0.323939
8.12841 7.58575 0.3331
7.98629 7.57036 0.335574
7.98629 7.57036 0.335574
7.73403 7.7904 0.326556
7.63684 7.82615 0.326189
7.67647 8.07271 0.313616
7.67647 8.07271 0.313616
7.86423 7.96674 0.319777
7.69228 7.55008 0.312152
7.42287 7.49326 0.335936
7.42287 7.49326 0.335936
7.51158 7.94734 0.323634
8.07416 7.79279 0.341114
7.77668 7.54738 0.327017
8.11055 7.79825 0.304417
7.57845 7.87261 0.330466
7.56859 7.82066 0.335623
7.56859 7.82066 0.335623
7.57104 7.65094 0.315304
7.57104 7.65094 0.315304
7.57104 7.65094 0.315304
7.57104 7.65094 0.315304
7.68976 7.74116 0.334057
8.14285 7.67883 0.325377
7.47383 7.5564 0.303884
8.14832 7.27381 0.298428
7.78345 7.94343 0.299911
7.0515 7.90068 0.31809
8.30121 7.31043 0.333767
7.85404 7.83204 0.336013
7.85404 7.83204 0.336013
7.85404 7.83204 0.336013
7.70709 7.50767 0.315386
7.93657 7.63166 0.317953
7.93657 7.63166 0.317953
7.8706 7.95346 0.31491
7.4981 7.36144 0.305673
7.4981 7.36144 0.305673
7.59739 7.46248 0.337139
7.74153 7.16342 0.313899
7.54959 8.03654 0.318613
7.58112 7.71271 0.333197
7.69992 7.95154 0.34798
7.99789 7.20651 0.306647
7.61688 7.77501 0.333913
7.61688 7.77501 0.333913
7.78025 7.55476 0.333367
7.78025 7.55476 0.333367
7.78025 7.55476 0.333367
7.21572 8.52621 0.316875
7.21572 8.52621 0.316875
7.59235 7.7239 0.32149
7.59235 7.7239 0.32149
7.59235 7.7239 0.32149
7.71409 7.2372 0.32009
7.5124 7.07751 0.320856
7.08934 7.36415 0.310505
7.94957 7.84914 0.322673
7.94957 7.84914 0.322673
7.2981 7.16106 0.345456
7.2981 7.16106 0.345456
7.68332 7.68805 0.344064
7.83134 7.74895 0.310308
7.51161 7.60962 0.318935
7.9766 7.50076 0.310134
7.9766 7.50076 0.310134
7.55705 7.33352 0.316043
7.55705 7.33352 0.316043
7.55705 7.33352 0.316043
7.55705 7.33352 0.316043
8.05343 7.52491 0.351507
8.05343 7.52491 0.351507
7.80927 7.62172 0.334495
7.35647 7.65427 0.339387
7.79994 7.75448 0.331759
7.79994 7.75448 0.331759
7.80392 8.01768 0.321796
7.80392 8.01768 0.321796
7.80392 8.01768 0.321796
7.24367 7.73599 0.319563
7.49137 8.00984 0.315867
7.49137 8.00984 0.315867
7.84068 7.68057 0.340912
7.77776 7.71439 0.325058
7.77776 7.71439 0.325058
7.57784 7.6419 0.323419
7.29535 7.85263 0.334367
7.29535 7.85263 0.334367
7.86109 7.67774 0.339297
7.86109 7.67774 0.339297
8.06533 7.41375 0.319281
8.06533 7.41375 0.319281
8.06533 7.41375 0.319281
8.06533 7.41375 0.319281
7.88911 7.58789 0.328711
7.53528 7.66857 0.337289
7.39482 6.95688 0.339823
7.39482 6.95688 0.339823
7.922 7.31617 0.32425
7.922 7.31617 0.32425
7.48228 6.93384 0.318694
7.6194 7.86432 0.322739
7.6194 7.86432 0.322739
8.22007 7.23175 0.333329
7.39714 7.77275 0.329269
7.88076 7.50687 0.308871
7.88076 7.50687 0.308871
7.40627 7.21728 0.331174
7.91772 7.59436 0.319009
8.08628 7.52218 0.324775
8.0553 7.28063 0.315426
8.0553 7.28063 0.315426
7.97906 8.21986 0.322768
8.3782 7.81447 0.330469
8.01146 7.44151 0.317315
8.14479 7.94704 0.324645
7.78351 7.49921 0.324082
7.60233 7.57702 0.320201
7.60233 7.57702 0.320201
7.55528 7.79384 0.313442
7.55528 7.79384 0.313442
7.55528 7.79384 0.313442
7.71075 8.05093 0.323053
7.71075 8.05093 0.323053
7.37631 7.40847 0.323969
7.30437 7.99765 0.337126
7.30437 7.99765 0.337126
7.85582 7.83632 0.307021
7.44787 7.89732 0.327085
7.91735 8.13553 0.329174
7.91735 8.13553 0.329174
7.36589 7.50789 0.324322
7.36589 7.50789 0.324322
7.62098 7.74307 0.327361
7.54778 7.25104 0.320801
7.67621 7.43394 0.327244
7.9962 8.06163 0.334111
7.9962 8.06163 0.334111
8.12317 7.82648 0.31265
7.68465 7.58725 0.326922
7.68465 7.58725 0.326922
7.34687 7.41345 0.324897
7.34687 7.41345 0.324897
7.8778 7.79851 0.322817
7.56266 8.22487 0.33394
7.56266 8.22487 0.33394
7.4945 7.61977 0.327372
7.4945 7.61977 0.327372
7.4945 7.61977 0.327372
7.51222 7.5133 0.319322
7.51222 7.5133 0.319322
8.52003 7.73133 0.309449
8.52003 7.73133 0.309449
8.52003 7.73133 0.309449
7.5233 7.76856 0.314399
7.039 7.9033 0.331413
7.039 7.9033 0.331413
7.039 7.9033 0.331413
7.56291 7.56413 0.318028
7.12561 7.75191 0.336164
7.94607 7.95548 0.327622
7.19808 7.97952 0.315392
7.19808 7.97952 0.315392
7.19808 7.97952 0.315392
8.00012 7.76763 0.32274
7.50319 7.55042 0.333421
7.48364 8.06983 0.322787
7.89438 7.80789 0.345062
7.82243 7.61597 0.329809
7.36631 7.46212 0.326899
7.65335 7.52483 0.338765
7.83056 8.13746 0.31362
7.83056 8.13746 0.31362
7.35222 7.81783 0.304826
7.62357 7.58472 0.328441
7.62357 7.58472 0.328441
7.84761 7.78056 0.322285
7.84761 7.78056 0.322285
7.62827 7.44646 0.316363
7.62827 7.44646 0.316363
7.74844 7.55877 0.317435
7.74844 7.55877 0.317435
8.11857 7.41453 0.31429
8.33745 7.53726 0.321944
7.13367 8.06974 0.314357
7.78871 7.43985 0.332379
7.6094 7.37866 0.33014
7.94884 8.28441 0.341581
7.60645 7.38028 0.336724
7.60645 7.38028 0.336724
7.9211 7.93015 0.328467
7.9211 7.93015 0.328467
8.13697 7.53777 0.345945
7.32212 7.80448 0.34204
7.58572 7.43052 0.320731
7.58572 7.43052 0.320731
7.58572 7.43052 0.320731
7.58572 7.43052 0.320731
8.13416 7.94983 0.318771
7.79968 7.35043 0.322186
7.79968 7.35043 0.322186
7.79968 7.35043 0.322186
7.79968 7.35043 0.322186
6.8993 8.13354 0.338697
6.8993 8.13354 0.338697
6.8993 8.13354 0.338697
7.46146 7.79137 0.325098
8.17194 8.15854 0.337421
8.17194 8.15854 0.337421
8.15202 7.76046 0.322919
7.32697 7.38701 0.324774
7.32697 7.38701 0.324774
7.74793 7.43026 0.316783
7.59209 8.01677 0.32646
7.80994 7.31788 0.334665
7.59412 7.59807 0.327979
7.56164 6.84272 0.334335
7.56164 6.84272 0.334335
7.98273 7.87464 0.318693
7.46005 8.11264 0.331743
7.46005 8.11264 0.331743
7.46005 8.11264 0.331743
7.58668 7.7596 0.336365
7.85004 7.62031 0.329806
7.43212 8.04708 0.327393
7.43212 8.04708 0.327393
7.43212 8.04708 0.327393
7.43212 8.04708 0.327393
7.43212 8.04708 0.327393
8.48675 7.59895 0.313811
8.48675 7.59895 0.313811
7.93694 8.11425 0.322628
7.65233 7.39647 0.333849
7.59614 7.88027 0.334411
7.68997 7.49475 0.3257
7.46775 7.82371 0.340032
7.67937 7.73252 0.318304
7.65029 7.46479 0.315769
7.65029 7.46479 0.315769
6.94396 7.55809 0.325834
8.08119 7.55365 0.315175
7.66476 7.57132 0.327449
7.66476 7.57132 0.327449
7.90096 7.82546 0.330571
7.90096 7.82546 0.330571
7.90096 7.82546 0.330571
7.89549 7.99743 0.318982
7.89549 7.99743 0.318982
7.31807 7.16155 0.321661
7.85229 7.64698 0.314057
7.91003 7.78357 0.33128
7.91003 7.78357 0.33128
7.64769 7.43191 0.335562
7.64769 7.43191 0.335562
7.64769 7.43191 0.335562
7.64769 7.43191 0.335562
7.64769 7.43191 0.335562
7.50632 7.47651 0.327029
7.50632 7.47651 0.327029
7.95254 7.38137 0.322258
8.07423 7.65225 0.319303
7.37902 7.35488 0.316304
7.37902 7.35488 0.316304
7.37902 7.35488 0.316304
7.71457 7.80005 0.299444
7.71457 7.80005 0.299444
7.71457 7.80005 0.299444
7.71457 7.80005 0.299444
7.68344 7.95038 0.34301
7.69421 8.29482 0.33853
7.69421 8.29482 0.33853
7.37258 7.66345 0.308674
7.83323 7.75433 0.320897
7.6605 7.57227 0.326649
7.35399 7.47656 0.307117
7.35399 7.47656 0.307117
7.35399 7.47656 0.307117
7.98917 7.8645 0.323231
7.42582 7.59389 0.318206
7.42582 7.59389 0.318206
7.25457 7.35769 0.327558
7.25457 7.35769 0.327558
7.55662 7.55089 0.328137
7.55662 7.55089 0.328137
8.34213 7.17724 0.323287
8.34213 7.17724 0.323287
8.34213 7.17724 0.323287
7.815 7.75546 0.325525
7.815 7.75546 0.325525
8.2961 7.86709 0.330816
8.2961 7.86709 0.330816
8.09059 7.63434 0.347371
7.64562 7.43254 0.321279
7.64562 7.43254 0.321279
7.86077 7.46416 0.337041
7.99294 8.07618 0.323595
7.51869 7.8349 0.337802
7.51869 7.8349 0.337802
7.96968 7.64614 0.312086
7.96968 7.64614 0.312086
7.57283 7.91707 0.33443
7.87259 7.39112 0.318961
7.96793 7.41904 0.328984
7.7533 7.50403 0.321252
7.7533 7.50403 0.321252
6.79609 7.31305 0.331301
6.79609 7.31305 0.331301
7.94915 7.60312 0.328439
7.94915 7.60312 0.328439
7.85614 8.02569 0.311755
8.17799 7.98876 0.32979
8.17799 7.98876 0.32979
7.49764 7.29829 0.323665
7.63991 8.1406 0.325099
8.00138 7.31238 0.321199
7.58751 7.76956 0.330739
7.58751 7.76956 0.330739
7.58751 7.76956 0.330739
7.58751 7.76956 0.330739
7.56527 7.34385 0.313772
7.68558 7.19586 0.337739
7.95216 7.80087 0.330026
7.69391 7.74471 0.324293
7.69391 7.74471 0.324293
7.67189 7.80304 0.33609
7.67189 7.80304 0.33609
7.68695 7.59553 0.330497
7.68695 7.59553 0.330497
7.2895 7.32807 0.316607
7.7856 7.39862 0.321786
7.42786 7.40191 0.332238
7.42786 7.40191 0.332238
7.42786 7.40191 0.332238
7.18101 7.2892 0.319919
7.79791 7.31208 0.311691
8.11113 7.56147 0.324309
7.4884 8.01957 0.326061
7.03925 7.43013 0.329138
7.39212 7.87696 0.326401
7.65999 7.65092 0.318866
7.65999 7.65092 0.318866
7.65999 7.65092 0.318866
8.0412 7.62309 0.311971
8.0412 7.62309 0.311971
7.73004 7.78997 0.323569
7.73004 7.78997 0.323569
7.73004 7.78997 0.323569
7.37985 8.02121 0.320089
7.54362 7.8902 0.331199
7.34858 7.69821 0.327351
7.84037 6.86081 0.330634
7.78606 7.78161 0.327557
7.78606 7.78161 0.327557
7.49237 8.01813 0.311001
7.47601 7.89017 0.323267
8.17277 7.86927 0.320839
7.75307 7.66355 0.338618
7.75307 7.66355 0.338618
7.75307 7.66355 0.338618
7.38526 7.84103 0.329079
7.62556 7.18154 0.327162
7.66781 6.95696 0.3199
7.56866 7.78458 0.313064
7.56866 7.78458 0.313064
7.4989 7.56384 0.322541
7.4989 7.56384 0.322541
8.21796 7.19125 0.335501
8.21796 7.19125 0.335501
7.38829 7.27486 0.341774
7.38829 7.27486 0.341774
8.10021 8.0188 0.344861
8.10021 8.0188 0.344861
7.21323 8.00612 0.309187
7.21323 8.00612 0.309187
7.25107 8.01766 0.327191
8.15708 7.30204 0.319974
8.15708 7.30204 0.319974
7.47671 7.34015 0.336694
8.05908 7.70123 0.323259
7.77371 7.20782 0.324939
7.82123 7.52722 0.313539
7.65822 7.69642 0.322876
7.65822 7.69642 0.322876
7.65822 7.69642 0.322876
7.5898 7.63007 0.329401
7.97094 7.91544 0.32183
7.79476 7.99715 0.332913
7.21515 7.58581 0.30767
8.09268 6.93601 0.32992
8.09268 6.93601 0.32992
7.22755 7.36645 0.327154
7.22755 7.36645 0.327154
8.82607 7.23752 0.333567
7.42555 7.75644 0.327463
7.42555 7.75644 0.327463
8.24309 7.75218 0.321528
7.78704 7.54319 0.354151
7.96074 7.14384 0.331602
7.96074 7.14384 0.331602
7.96074 7.14384 0.331602
7.78969 7.72828 0.321902
7.87876 7.8948 0.320368
7.78686 7.38437 0.334813
7.78686 7.38437 0.334813
7.78686 7.38437 0.334813
7.53165 7.96442 0.330281
7.23931 7.51761 0.330733
7.23931 7.51761 0.330733
7.23931 7.51761 0.330733
7.66034 7.53244 0.329235
8.63332 7.41145 0.32209
7.8389 7.31617 0.310488
7.46785 7.78087 0.32428
7.82739 7.62107 0.319004
7.82739 7.62107 0.319004
8.01489 7.52277 0.336063
8.01489 7.52277 0.336063
8.01489 7.52277 0.336063
8.01489 7.52277 0.336063
7.55609 7.41228 0.315782
8.05329 7.44515 0.303985
7.72572 7.67735 0.321468
7.29686 7.1546 0.33193
7.62841 7.39445 0.31787
7.53821 8.3216 0.331123
7.53821 8.3216 0.331123
7.60237 7.35327 0.32326
7.74143 7.78913 0.323423
7.48244 7.57378 0.348672
8.10628 7.53324 0.30877
8.14841 7.13077 0.323852
7.78322 7.89884 0.322048
7.78322 7.89884 0.322048
7.97963 7.64025 0.336454
7.50612 7.68938 0.335371
7.66016 7.65129 0.326648
8.10237 7.43636 0.315675
7.83402 7.69819 0.307215
7.78767 7.70421 0.322533
7.2681 7.06482 0.347278
6.93493 7.34534 0.322068
7.94454 7.59034 0.328537
7.94454 7.59034 0.328537
7.70174 7.54922 0.3451
7.70174 7.54922 0.3451
7.92443 7.63217 0.320554
8.15743 7.27081 0.320727
8.15743 7.27081 0.320727
7.22348 7.37813 0.327607
7.20207 7.56196 0.352275
7.42766 8.06408 0.318331
7.68418 7.91041 0.326324
7.71705 8.11513 0.339318
7.71705 8.11513 0.339318
7.12393 7.70614 0.342541
7.12393 7.70614 0.342541
7.21484 7.85291 0.336955
7.48921 7.89243 0.316714
7.48921 7.89243 0.316714
7.98893 7.45106 0.320007
7.98893 7.45106 0.320007
7.65937 7.74769 0.319637
7.65937 7.74769 0.319637
7.80899 7.2673 0.307105
7.80899 7.2673 0.307105
7.88065 7.84485 0.320014
7.77403 7.41009 0.317709
7.77403 7.41009 0.317709
7.77403 7.41009 0.317709
8.06103 7.53087 0.317083
8.06103 7.53087 0.317083
8.06103 7.53087 0.317083
8.06103 7.53087 0.317083
7.88528 7.64712 0.307613
8.07962 8.0667 0.325503
7.67724 7.46856 0.326262
7.67724 7.46856 0.326262
7.98888 7.26093 0.330966
7.98888 7.26093 0.330966
7.63437 7.42975 0.321185
7.83709 7.60532 0.32554
7.83709 7.60532 0.32554
7.7309 7.63586 0.346615
7.7309 7.63586 0.346615
7.3756 7.93397 0.321972
7.3756 7.93397 0.321972
7.33177 7.99416 0.314478
7.33177 7.99416 0.314478
7.33177 7.99416 0.314478
7.86683 7.83105 0.330704
7.82849 7.76948 0.34332
7.52653 7.51574 0.301832
7.52653 7.51574 0.301832
7.41156 7.70383 0.310382
7.18855 7.715 0.346643
7.21679 7.1717 0.318633
7.10868 7.55373 0.331054
7.10868 7.55373 0.331054
6.91201 7.90983 0.323331
6.91201 7.90983 0.323331
7.311 7.76861 0.332813
7.311 7.76861 0.332813
7.311 7.76861 0.332813
7.311 7.76861 0.332813
7.311 7.76861 0.332813
7.52085 7.02122 0.322366
8.07707 7.64004 0.338934
8.07707 7.64004 0.338934
8.07707 7.64004 0.338934
7.8219 7.33001 0.308698
7.8219 7.33001 0.308698
7.61348 7.94829 0.32109
8.10898 7.7991 0.317982
7.89953 7.68736 0.310656
7.85037 7.75073 0.340256
7.66326 7.71664 0.325254
7.71056 7.72037 0.321057
7.23804 7.68651 0.317515
7.80416 7.37755 0.32969
7.80416 7.37755 0.32969
8.44379 7.23031 0.314779
8.44379 7.23031 0.314779
8.44379 7.23031 0.314779
7.87593 7.5974 0.309281
7.87593 7.5974 0.309281
7.75609 7.79022 0.338344
8.04481 8.0864 0.322594
8.04604 7.51743 0.337134
8.04604 7.51743 0.337134
8.04604 7.51743 0.337134
8.04604 7.51743 0.337134
7.09877 7.74448 0.340473
7.50753 7.42791 0.327875
7.50753 7.42791 0.327875
7.50753 7.42791 0.327875
7.50753 7.42791 0.327875
7.50753 7.42791 0.327875
7.59445 7.74775 0.315569
7.59445 7.74775 0.315569
7.59445 7.74775 0.315569
7.77013 7.8141 0.328676
8.07735 7.54578 0.330452
8.07735 7.54578 0.330452
7.7594 7.28623 0.328882
7.51225 8.22461 0.340175
7.60152 8.06273 0.314825
7.73132 7.43731 0.336727
8.29174 7.64885 0.307698
6.91264 8.12671 0.322889
7.48512 7.30798 0.324422
7.88589 7.81118 0.31246
7.91064 7.27882 0.320994
7.91064 7.27882 0.320994
8.20132 7.86898 0.32599
7.52174 7.38068 0.332485
7.52174 7.38068 0.332485
7.52174 7.38068 0.332485
7.86398 7.88649 0.322101
7.60179 7.68726 0.329816
7.64795 7.34386 0.322432
7.17932 8.14725 0.326179
7.66288 7.65156 0.350395
7.66288 7.65156 0.350395
8.19194 7.17245 0.327184
8.19194 7.17245 0.327184
8.19194 7.17245 0.327184
7.44306 8.0718 0.331397
7.44306 8.0718 0.331397
7.44306 8.0718 0.331397
7.88424 7.29597 0.304178
7.87921 7.61094 0.331499
7.87588 7.91675 0.311979
7.87588 7.91675 0.311979
7.87588 7.91675 0.311979
7.81194 8.28563 0.314088
7.92661 7.7737 0.326179
7.92661 7.7737 0.326179
7.51103 7.36512 0.328423
7.51103 7.36512 0.328423
7.51103 7.36512 0.328423
7.51103 7.36512 0.328423
7.51103 7.36512 0.328423
7.63914 7.51577 0.330805
7.63914 7.51577 0.330805
7.54071 7.80736 0.309109
7.60283 7.99391 0.309188
7.37109 7.90165 0.335125
7.32353 7.79276 0.329263
7.32353 7.79276 0.329263
7.77442 7.58901 0.328143
7.77442 7.58901 0.328143
7.35847 7.2036 0.335068
7.84602 7.62795 0.316583
7.39131 7.45457 0.31016
7.39131 7.45457 0.31016
7.89724 7.73763 0.32465
7.89724 7.73763 0.32465
7.28137 8.2518 0.334408
7.40653 7.62781 0.320926
8.24203 7.90861 0.313416
8.24203 7.90861 0.313416
8.00314 7.38692 0.320722
7.88225 8.40411 0.332749
7.71555 7.90888 0.325246
7.71555 7.90888 0.325246
7.42705 6.98217 0.323504
7.42705 6.98217 0.323504
7.42705 6.98217 0.323504
7.74666 7.49344 0.316174
7.74666 7.49344 0.316174
7.74666 7.49344 0.316174
7.62955 7.71241 0.31847
7.75625 7.74839 0.325404
7.49001 8.22592 0.329055
7.49001 8.22592 0.329055
7.49001 8.22592 0.329055
7.69079 7.88528 0.330462
7.69079 7.88528 0.330462
7.11446 7.58432 0.311847
7.66378 8.3138 0.329824
8.18515 7.1926 0.333526
8.18515 7.1926 0.333526
7.68961 7.48449 0.307818
7.61899 7.37042 0.324455
8.22962 8.18612 0.326805
7.56123 8.2439 0.326596
7.49179 7.84835 0.325246
7.62652 7.60584 0.332315
7.38033 7.61991 0.31163
7.45296 7.50368 0.331794
7.45296 7.50368 0.331794
7.72729 7.91612 0.326881
7.27766 7.71939 0.324781
7.77275 7.90436 0.305326
8.0246 7.79884 0.31415
7.87071 7.34976 0.31173
7.87863 7.8311 0.328835
7.74588 7.28159 0.319648
7.74588 7.28159 0.319648
7.68858 7.63226 0.32797
7.83426 7.76141 0.326735
7.83426 7.76141 0.326735
7.83426 7.76141 0.326735
7.53892 7.24295 0.330694
7.51502 6.88221 0.304035
7.72136 7.95707 0.335229
7.72136 7.95707 0.335229
7.32683 7.59352 0.334524
7.32683 7.59352 0.334524
7.89018 8.30853 0.321705
7.89018 8.30853 0.321705
7.53046 7.9408 0.332225
7.40039 7.75366 0.31293
7.45424 7.77139 0.324671
7.45424 7.77139 0.324671
7.45424 7.77139 0.324671
8.05479 7.56842 0.332318
8.05479 7.56842 0.332318
7.35277 7.39633 0.327506
7.73998 7.72773 0.314085
7.73998 7.72773 0.314085
7.73998 7.72773 0.314085
7.42311 8.21376 0.328868
7.73676 8.22167 0.305435
7.73676 8.22167 0.305435
8.02339 7.874 0.319081
8.02339 7.874 0.319081
7.86937 7.71658 0.332203
8.04325 7.79345 0.328529
7.79077 7.7827 0.325177
7.42569 8.05185 0.336091
7.99248 7.96591 0.329767
7.83908 7.60182 0.315955
7.83908 7.60182 0.315955
7.83908 7.60182 0.315955
7.16695 7.29887 0.325773
7.70105 6.95591 0.333831
7.86399 7.66377 0.344881
7.2286 7.87147 0.320051
7.2286 7.87147 0.320051
7.4013 7.88351 0.31961
7.4013 7.88351 0.31961
7.4013 7.88351 0.31961
7.4013 7.88351 0.31961
7.11222 7.75409 0.32834
7.11222 7.75409 0.32834
7.65948 8.25342 0.322091
7.66727 7.38417 0.323006
7.66727 7.38417 0.323006
8.24833 7.51747 0.313689
7.63831 8.15085 0.321951
8.1819 7.55992 0.342648
7.57252 7.98576 0.3278
7.73435 7.46114 0.332824
7.73435 7.46114 0.332824
7.73435 7.46114 0.332824
7.43147 7.74455 0.311006
7.50868 6.94143 0.338793
7.50868 6.94143 0.338793
7.50706 7.2425 0.335882
7.50706 7.2425 0.335882
7.41088 7.50489 0.324616
7.41088 7.50489 0.324616
7.82291 7.78685 0.344584
7.82291 7.78685 0.344584
7.70136 7.18579 0.328852
7.87001 7.93207 0.324029
7.87001 7.93207 0.324029
7.64634 7.69095 0.337764
7.64634 7.69095 0.337764
7.34669 7.65147 0.328684
7.65871 7.15726 0.317713
7.61127 7.42406 0.332951
7.30095 7.23177 0.321976
7.30095 7.23177 0.321976
7.30095 7.23177 0.321976
7.94347 7.19249 0.325904
7.65032 7.79185 0.329218
7.65032 7.79185 0.329218
7.65032 7.79185 0.329218
7.4627 7.41608 0.318336
7.53674 7.46834 0.320352
7.71409 7.55508 0.322631
8.30177 7.14033 0.306629
8.30177 7.14033 0.306629
7.59178 7.53692 0.312967
7.59178 7.53692 0.312967
7.92343 7.47478 0.303527
7.22331 7.88 0.335521
7.43906 7.89493 0.327553
7.43906 7.89493 0.327553
8.09519 8.26225 0.330346
7.40963 7.7564 0.336007
7.40963 7.7564 0.336007
7.82541 7.92015 0.333948
7.14333 7.70435 0.337154
7.61345 7.72007 0.316423
7.61345 7.72007 0.316423
7.71813 7.48817 0.325834
7.71813 7.48817 0.325834
8.00317 7.86547 0.342627
8.20273 7.72353 0.320769
7.67978 7.60174 0.335923
7.67978 7.60174 0.335923
7.12601 7.18573 0.326211
7.12601 7.18573 0.326211
7.45051 7.84024 0.320513
7.71192 7.28879 0.322047
7.71192 7.28879 0.322047
7.71192 7.28879 0.322047
7.71192 7.28879 0.322047
8.07345 7.66027 0.338675
7.61515 8.02555 0.320725
7.49009 7.74738 0.32914
7.52117 7.41845 0.348856
7.59936 7.8465 0.334052
7.6546 7.47735 0.317135
7.6546 7.47735 0.317135
7.6546 7.47735 0.317135
8.18187 7.54 0.317429
8.26508 8.13974 0.3267
7.09282 7.53502 0.333163
7.4878 8.08765 0.31698
7.30746 7.84379 0.331783
7.97848 7.75349 0.321024
7.55612 7.62619 0.344898
7.75317 7.39597 0.334811
7.46395 7.55004 0.316342
8.24395 7.64904 0.322866
7.57335 8.116 0.31411
7.57335 8.116 0.31411
8.33232 7.76059 0.30961
7.67619 7.69923 0.336883
7.67619 7.69923 0.336883
7.78735 7.4281 0.315741
7.71401 7.61769 0.338792
7.28318 7.76823 0.332007
7.65259 7.67327 0.327936
7.65259 7.67327 0.327936
7.64081 7.88777 0.313531
8.46624 7.06846 0.340798
8.46624 7.06846 0.340798
7.54811 7.70629 0.319699
6.90696 8.08959 0.313231
7.79424 7.48712 0.317373
7.34775 7.79816 0.320095
7.34775 7.79816 0.320095
7.89545 7.88091 0.323415
7.89545 7.88091 0.323415
7.81857 7.61016 0.319017
7.60823 7.52156 0.330354
7.60823 7.52156 0.330354
7.49531 8.05128 0.313624
7.85477 7.79032 0.311355
7.85477 7.79032 0.311355
7.74943 7.58431 0.328914
7.74943 7.58431 0.328914
7.74943 7.58431 0.328914
7.74943 7.58431 0.328914
7.55798 7.88175 0.336729
7.31072 8.04775 0.317146
8.20188 8.03091 0.314312
7.6067 7.55373 0.34485
7.6067 7.55373 0.34485
7.6067 7.55373 0.34485
7.6067 7.55373 0.34485
7.6067 7.55373 0.34485
8.1302 7.56271 0.327189
8.1302 7.56271 0.327189
7.81484 7.12069 0.318103
7.81484 7.12069 0.318103
7.69426 7.6346 0.332089
7.05838 7.68163 0.322631
7.05838 7.68163 0.322631
7.418 7.51249 0.326174
7.62557 7.85596 0.303831
7.86774 7.76093 0.317424
7.86774 7.76093 0.317424
7.85866 7.85937 0.324515
7.85866 7.85937 0.324515
7.80669 7.70681 0.312992
7.89455 7.46305 0.324346
7.89455 7.46305 0.324346
8.21174 8.08334 0.305483
8.06741 7.45807 0.304198
8.06741 7.45807 0.304198
7.39123 8.10299 0.308895
7.3319 7.72485 0.328251
7.72917 7.90045 0.321509
7.63911 7.80753 0.327691
7.83131 7.52102 0.333418
8.05143 7.60747 0.322631
8.05143 7.60747 0.322631
8.07974 7.73464 0.308377
8.07974 7.73464 0.308377
8.0031 7.5646 0.337606
7.9997 7.92252 0.321128
7.36938 7.81954 0.330678
8.10203 7.46617 0.330857
8.10203 7.46617 0.330857
7.49622 7.93318 0.326264
8.18731 7.52994 0.304486
8.18731 7.52994 0.304486
8.18731 7.52994 0.304486
7.76367 7.82267 0.315399
7.68196 7.6942 0.321798
7.60095 8.13805 0.332756
7.45716 8.02899 0.322322
7.45716 8.02899 0.322322
7.44137 7.9376 0.333129
7.62874 7.32735 0.316193
7.62874 7.32735 0.316193
7.68536 8.29628 0.320523
7.8731 7.48818 0.322634
7.8731 7.48818 0.322634
7.8731 7.48818 0.322634
7.55612 7.58252 0.34999
7.85825 7.33223 0.324545
7.63313 8.08921 0.332734
8.20845 7.1493 0.320497
6.78404 7.36688 0.327428
6.78404 7.36688 0.327428
6.78404 7.36688 0.327428
6.78404 7.36688 0.327428
7.81114 7.66494 0.316475
7.37937 7.39117 0.326156
7.37937 7.39117 0.326156
7.49393 8.42422 0.331757
7.71591 7.81794 0.318473
7.71591 7.81794 0.318473
8.09148 7.8909 0.325844
7.54711 7.61415 0.328177
8.14836 7.62511 0.324505
8.14836 7.62511 0.324505
8.03938 7.10401 0.331026
7.79247 7.3951 0.315456
7.79247 7.3951 0.315456
7.41753 7.55638 0.304336
7.41753 7.55638 0.304336
7.41753 7.55638 0.304336
7.41753 7.55638 0.304336
7.70035 7.50469 0.335608
7.70035 7.50469 0.335608
7.70035 7.50469 0.335608
7.70035 7.50469 0.335608
7.61543 7.60268 0.334037
7.61543 7.60268 0.334037
7.87718 7.68808 0.338079
7.44272 7.41205 0.331282
7.80018 7.68944 0.312958
7.93292 7.83487 0.317615
7.93292 7.83487 0.317615
7.96551 7.69992 0.336671
7.96551 7.69992 0.336671
7.59556 7.81785 0.31388
7.729 7.54609 0.32809
7.36094 7.85827 0.323579
7.36094 7.85827 0.323579
7.99857 7.75371 0.309474
7.90876 7.27444 0.338596
7.56377 7.23211 0.328566
7.56377 7.23211 0.328566
7.34326 7.30936 0.318156
7.34326 7.30936 0.318156
7.92808 7.2873 0.322332
7.22487 6.93676 0.322656
7.22487 6.93676 0.322656
7.22487 6.93676 0.322656
7.64774 7.72988 0.311996
8.03602 7.98689 0.332734
8.05383 7.81844 0.326628
8.25596 8.08768 0.336574
7.46005 7.93591 0.322585
7.46005 7.93591 0.322585
7.46005 7.93591 0.322585
7.98906 7.8058 0.333712
7.98906 7.8058 0.333712
7.98906 7.8058 0.333712
7.54296 7.15095 0.331919
7.54296 7.15095 0.331919
7.68321 8.03006 0.327904
7.3685 7.52932 0.31721
7.3685 7.52932 0.31721
7.87391 7.86775 0.317794
8.18441 7.54257 0.316473
7.3565 7.66482 0.328667
7.69195 7.73524 0.311853
7.69195 7.73524 0.311853
7.74511 7.71405 0.333719
7.41134 7.48117 0.328221
7.69213 7.90122 0.32458
7.69213 7.90122 0.32458
7.31122 7.6796 0.327682
7.2891 7.99319 0.318251
7.56239 7.64714 0.324962
7.49595 8.31946 0.334756
7.49595 8.31946 0.334756
7.77402 7.44986 0.334764
7.97751 8.03106 0.31085
7.97751 8.03106 0.31085
7.96233 8.0025 0.299141
7.69777 7.32123 0.342745
6.60452 6.45002 -0.0061124
6.60452 6.45002 -0.0061124
6.60452 6.45002 -0.0061124
6.60452 6.45002 -0.0061124
6.36408 6.71882 -0.00675379
6.36408 6.71882 -0.00675379
6.45856 6.42886 0.0141427
6.45856 6.42886 0.0141427
6.45856 6.42886 0.0141427
6.45546 5.81456 -0.00610933
6.45546 5.81456 -0.00610933
6.45546 5.81456 -0.00610933
6.45546 5.81456 -0.00610933
6.45546 5.81456 -0.00610933
6.12152 6.37982 -0.00961034
6.12152 6.37982 -0.00961034
6.12152 6.37982 -0.00961034
6.12152 6.37982 -0.00961034
6.12152 6.37982 -0.00961034
6.76795 5.96191 0.00448084
5.96633 6.48848 -0.0157292
5.96633 6.48848 -0.0157292
6.82515 6.13064 0.00342185
6.82515 6.13064 0.00342185
6.83709 6.27215 -0.00934258
6.83709 6.27215 -0.00934258
6.74255 6.64071 0.00400399
6.74255 6.64071 0.00400399
6.40852 6.49749 -0.000127406
6.40852 6.49749 -0.000127406
6.40852 6.49749 -0.000127406
6.34736 5.9781 -0.0254993
6.04783 6.23315 0.00122725
5.55331 6.389 0.000379935
5.55331 6.389 0.000379935
5.55331 6.389 0.000379935
5.831 6.0098 -0.022804
5.831 6.0098 -0.022804
5.831 6.0098 -0.022804
5.831 6.0098 -0.022804
5.831 6.0098 -0.022804
6.09749 6.49644 0.00529514
7.15128 6.49258 0.00213205
7.15128 6.49258 0.00213205
7.15128 6.49258 0.00213205
7.15128 6.49258 0.00213205
6.04066 6.32426 0.0122364
6.04066 6.32426 0.0122364
6.22922 6.04213 -0.000609575
6.45245 6.43548 0.000576207
6.45245 6.43548 0.000576207
6.45245 6.43548 0.000576207
6.45245 6.43548 0.000576207
6.45245 6.43548 0.000576207
6.25902 6.62124 0.00551941
6.01322 5.90734 -0.00868962
6.01322 5.90734 -0.00868962
6.27438 6.555 -0.00770491
6.27438 6.555 -0.00770491
6.27438 6.555 -0.00770491
6.62549 6.46648 0.0142596
6.62549 6.46648 0.0142596
5.85035 6.08896 -0.00639676
6.5183 6.43025 -0.00142055
5.88536 6.73295 0.00724185
5.88536 6.73295 0.00724185
6.91688 6.17276 -0.0162462
6.91688 6.17276 -0.0162462
6.11648 6.51757 0.00403507
6.12963 6.28325 -0.002755
5.98798 7.04411 0.0114207
6.34735 6.41841 -0.000181743
6.34735 6.41841 -0.000181743
6.06553 6.41727 0.00236405
6.19995 6.57103 0.0102319
6.39656 6.24172 -0.00506733
6.14615 5.97484 0.0020089
6.14615 5.97484 0.0020089
6.14615 5.97484 0.0020089
6.14615 5.97484 0.0020089
6.45068 6.49311 0.01501
6.13546 6.60513 -0.00991461
6.31103 6.41103 -0.00125439
6.31103 6.41103 -0.00125439
5.82566 6.77408 -0.00707027
5.82566 6.77408 -0.00707027
6.15099 5.83841 -0.0199627
6.15099 5.83841 -0.0199627
6.15099 5.83841 -0.0199627
6.11191 6.40156 0.00888932
6.58179 6.37431 -0.00113985
6.58179 6.37431 -0.00113985
6.28487 6.51365 0.00488928
6.28487 6.51365 0.00488928
6.40605 6.18723 -0.000958666
6.50862 5.9984 -0.0159103
6.50862 5.9984 -0.0159103
6.50862 5.9984 -0.0159103
6.50862 5.9984 -0.0159103
6.50862 5.9984 -0.0159103
6.50862 5.9984 -0.0159103
6.50862 5.9984 -0.0159103
6.50862 5.9984 -0.0159103
6.58624 5.8485 0.0231184
6.58624 5.8485 0.0231184
6.58624 5.8485 0.0231184
6.31943 5.94179 0.0111282
6.31943 5.94179 0.0111282
5.92706 6.17555 0.00314912
5.92706 6.17555 0.00314912
5.92706 6.17555 0.00314912
6.26297 6.75854 -0.0321617
6.08504 6.09875 -0.0081743
6.08504 6.09875 -0.0081743
6.14394 5.99622 -9.1259e-05
6.14394 5.99622 -9.1259e-05
6.59427 6.537 0.0105791
6.59427 6.537 0.0105791
6.1268 6.04098 0.00751344
6.1268 6.04098 0.00751344
6.1268 6.04098 0.00751344
6.49899 6.26966 0.0126114
6.49899 6.26966 0.0126114
5.95169 6.0617 -0.0141852
6.28789 6.44499 -0.00052692
6.28789 6.44499 -0.00052692
6.28789 6.44499 -0.00052692
6.22537 6.30577 0.00507651
6.22537 6.30577 0.00507651
6.22537 6.30577 0.00507651
6.33526 6.35178 0.00122237
6.33526 6.35178 0.00122237
6.33526 6.35178 0.00122237
5.78727 6.60597 -0.00378044
6.21454 6.94272 -0.0267877
6.37401 6.0748 0.00307415
6.37401 6.0748 0.00307415
6.37401 6.0748 0.00307415
6.37401 6.0748 0.00307415
5.90252 6.15961 0.0100636
5.90252 6.15961 0.0100636
6.4768 6.64167 -0.00790588
6.4768 6.64167 -0.00790588
6.4768 6.64167 -0.00790588
6.46157 6.46804 -0.00681603
6.46157 6.46804 -0.00681603
6.29364 6.35356 -0.00160002
6.22722 5.96173 0.00274176
6.22722 5.96173 0.00274176
6.22722 5.96173 0.00274176
6.22722 5.96173 0.00274176
6.22722 5.96173 0.00274176
6.61994 6.80597 -0.00551868
6.29399 6.79212 -0.0106937
6.29399 6.79212 -0.0106937
6.29399 6.79212 -0.0106937
5.99354 6.11415 -0.00723187
6.47843 6.26563 -0.00415373
6.33321 5.99698 0.0256372
6.33321 5.99698 0.0256372
6.33321 5.99698 0.0256372
6.33321 5.99698 0.0256372
6.33321 5.99698 0.0256372
6.34043 6.43278 -0.00897665
6.34043 6.43278 -0.00897665
6.34043 6.43278 -0.00897665
6.16388 6.13424 0.0168164
6.24149 6.43749 0.00449126
6.24149 6.43749 0.00449126
6.24149 6.43749 0.00449126
6.05492 6.27008 0.01044
6.05492 6.27008 0.01044
6.05492 6.27008 0.01044
6.05492 6.27008 0.01044
5.75981 6.47858 0.00835216
5.75981 6.47858 0.00835216
6.4899 6.24014 -0.0134383
6.76747 6.24163 0.000433278
6.09096 6.00304 -0.00130837
6.09096 6.00304 -0.00130837
6.09096 6.00304 -0.00130837
6.09096 6.00304 -0.00130837
6.09096 6.00304 -0.00130837
5.76582 6.15232 -0.00311394
5.76582 6.15232 -0.00311394
6.35549 5.92846 0.000761441
6.35549 5.92846 0.000761441
6.35549 5.92846 0.000761441
6.37768 6.33232 -0.00446777
6.16396 5.93615 0.0152673
6.16396 5.93615 0.0152673
6.16396 5.93615 0.0152673
6.16396 5.93615 0.0152673
6.42357 6.69738 -0.0103486
6.54425 6.86318 -0.0197892
6.54425 6.86318 -0.0197892
6.54425 6.86318 -0.0197892
6.54425 6.86318 -0.0197892
6.54425 6.86318 -0.0197892
5.88754 5.6725 0.0109277
5.88754 5.6725 0.0109277
6.7891 6.29173 -0.00574945
6.7891 6.29173 -0.00574945
6.11057 6.17749 0.000216675
6.11057 6.17749 0.000216675
6.79736 6.21296 -0.00571661
6.1256 6.2476 -0.0105352
6.1256 6.2476 -0.0105352
6.38086 6.16319 0.00348682
6.38086 6.16319 0.00348682
6.38086 6.16319 0.00348682
6.38086 6.16319 0.00348682
6.38086 6.16319 0.00348682
6.21123 6.24977 -0.00545218
6.21123 6.24977 -0.00545218
6.479 6.46054 -0.00344145
6.479 6.46054 -0.00344145
6.479 6.46054 -0.00344145
6.479 6.46054 -0.00344145
6.11755 6.40941 -0.0107328
6.11755 6.40941 -0.0107328
6.24122 5.99597 -0.00802388
6.12183 6.14037 -0.00268201
6.12183 6.14037 -0.00268201
6.52053 5.82146 -0.0320923
6.52053 5.82146 -0.0320923
6.52053 5.82146 -0.0320923
6.52053 5.82146 -0.0320923
6.11687 6.2754 -0.012367
7.02806 6.56739 0.00621821
7.02806 6.56739 0.00621821
7.02806 6.56739 0.00621821
7.02806 6.56739 0.00621821
7.02806 6.56739 0.00621821
7.02806 6.56739 0.00621821
7.02806 6.56739 0.00621821
7.02806 6.56739 0.00621821
7.02806 6.56739 0.00621821
7.02806 6.56739 0.00621821
7.02806 6.56739 0.00621821
6.74658 5.79495 0.00694101
6.28735 5.69285 0.00218445
6.28735 5.69285 0.00218445
6.28735 5.69285 0.00218445
6.28735 5.69285 0.00218445
6.28735 5.69285 0.00218445
6.87632 6.14113 0.000438949
6.87632 6.14113 0.000438949
6.37409 5.84254 0.0112397
6.37409 5.84254 0.0112397
6.37409 5.84254 0.0112397
6.90805 6.38412 0.0121898
6.27916 6.74269 0.00795353
6.40282 6.43447 -0.00123252
6.40282 6.43447 -0.00123252
6.40282 6.43447 -0.00123252
6.40282 6.43447 -0.00123252
6.25127 6.08794 -0.00121113
6.25127 6.08794 -0.00121113
6.03038 6.13089 0.0151725
6.03038 6.13089 0.0151725
6.03038 6.13089 0.0151725
6.03038 6.13089 0.0151725
6.64396 6.56519 0.0110304
6.64396 6.56519 0.0110304
6.64396 6.56519 0.0110304
6.64396 6.56519 0.0110304
6.08771 6.36821 -0.0170911
6.08771 6.36821 -0.0170911
6.58901 6.20032 -4.34995e-05
6.58901 6.20032 -4.34995e-05
6.44475 6.12344 -0.00178555
6.44475 6.12344 -0.00178555
6.36251 5.73168 -0.00824866
6.35742 5.88588 -0.00996864
6.35742 5.88588 -0.00996864
6.35742 5.88588 -0.00996864
6.35742 5.88588 -0.00996864
6.35439 6.33393 -0.00986985
6.35439 6.33393 -0.00986985
6.35439 6.33393 -0.00986985
6.35439 6.33393 -0.00986985
6.35439 6.33393 -0.00986985
6.39656 6.01515 -0.00345348
6.39656 6.01515 -0.00345348
6.39656 6.01515 -0.00345348
6.54167 6.19985 0.00951522
6.54167 6.19985 0.00951522
6.76056 6.041 0.00462978
6.76056 6.041 0.00462978
6.76056 6.041 0.00462978
6.76056 6.041 0.00462978
6.45764 6.41597 0.00876756
6.54938 6.23812 0.00233099
6.54938 6.23812 0.00233099
5.64985 7.061 0.00699223
5.64985 7.061 0.00699223
5.64985 7.061 0.00699223
5.93497 6.76707 -0.00519412
5.93497 6.76707 -0.00519412
6.78965 6.24129 0.0067937
6.78965 6.24129 0.0067937
6.78965 6.24129 0.0067937
6.78965 6.24129 0.0067937
6.78965 6.24129 0.0067937
6.78965 6.24129 0.0067937
6.78965 6.24129 0.0067937
6.78965 6.24129 0.0067937
6.54532 5.92121 -0.00115065
6.54532 5.92121 -0.00115065
6.54532 5.92121 -0.00115065
6.70325 6.56003 -0.00314776
6.70325 6.56003 -0.00314776
6.28832 6.02136 -0.00743327
6.28832 6.02136 -0.00743327
5.47712 6.74557 -0.00789232
5.97473 6.40027 -0.0192377
5.97473 6.40027 -0.0192377
5.97473 6.40027 -0.0192377
6.26816 6.19972 0.304306
6.26816 6.19972 0.304306
6.20139 6.16441 0.327488
6.20139 6.16441 0.327488
5.92469 6.55677 0.314967
5.92469 6.55677 0.314967
6.27343 6.37423 0.311398
6.27343 6.37423 0.311398
6.18322 5.82732 0.314755
6.18322 5.82732 0.314755
6.18322 5.82732 0.314755
6.0269 6.37716 0.314707
6.0269 6.37716 0.314707
6.0269 6.37716 0.314707
6.32507 6.28741 0.328149
6.32507 6.28741 0.328149
6.32507 6.28741 0.328149
6.32507 6.28741 0.328149
6.29654 6.30348 0.325244
6.0559 6.3398 0.333149
6.0559 6.3398 0.333149
6.0559 6.3398 0.333149
6.29255 6.06696 0.327559
6.29255 6.06696 0.327559
6.29255 6.06696 0.327559
6.29255 6.06696 0.327559
6.29255 6.06696 0.327559
6.52745 6.13665 0.313918
6.62397 6.32027 0.3201
6.62397 6.32027 0.3201
6.62397 6.32027 0.3201
6.62397 6.32027 0.3201
6.35104 6.17875 0.303465
6.44645 6.39873 0.300081
6.44645 6.39873 0.300081
6.44645 6.39873 0.300081
6.57045 5.90389 0.328851
5.77509 6.43057 0.323079
6.12513 6.30995 0.312628
6.19059 6.43736 0.318012
6.19059 6.43736 0.318012
6.45147 6.16703 0.303326
6.5455 6.29405 0.327496
6.30139 6.29782 0.307582
6.30139 6.29782 0.307582
6.30139 6.29782 0.307582
6.53326 6.50798 0.330492
6.53326 6.50798 0.330492
6.33934 6.15323 0.32514
6.33934 6.15323 0.32514
6.33934 6.15323 0.32514
6.33934 6.15323 0.32514
6.33934 6.15323 0.32514
6.47624 6.34326 0.332651
6.47624 6.34326 0.332651
6.32887 6.00048 0.305378
6.56994 6.06166 0.326849
6.1036 5.96447 0.31115
6.1036 5.96447 0.31115
6.1036 5.96447 0.31115
6.08742 6.44726 0.315183
6.27847 6.00654 0.319299
6.27847 6.00654 0.319299
6.65014 6.42743 0.315019
6.34988 6.22952 0.331397
6.34988 6.22952 0.331397
6.09565 6.81358 0.308536
6.09565 6.81358 0.308536
6.10512 6.88722 0.311052
6.10512 6.88722 0.311052
6.10512 6.88722 0.311052
6.11161 6.41993 0.313167
6.11161 6.41993 0.313167
6.30906 6.52894 0.309729
6.30906 6.52894 0.309729
6.7086 6.40736 0.306875
6.7086 6.40736 0.306875
6.7086 6.40736 0.306875
6.7086 6.40736 0.306875
6.18242 5.91789 0.339993
6.08418 6.15062 0.331747
6.08418 6.15062 0.331747
5.79833 6.56081 0.316339
6.27093 6.51375 0.313384
6.29548 6.35448 0.308294
6.29548 6.35448 0.308294
6.29548 6.35448 0.308294
6.41839 6.21889 0.303863
6.12226 6.62412 0.312025
6.12226 6.62412 0.312025
6.12226 6.62412 0.312025
6.12226 6.62412 0.312025
6.12226 6.62412 0.312025
6.5386 6.09669 0.310324
6.5386 6.09669 0.310324
6.34379 6.61571 0.309306
6.37617 6.43201 0.310847
6.16868 6.18102 0.313514
6.16868 6.18102 0.313514
6.16868 6.18102 0.313514
6.16868 6.18102 0.313514
6.19973 6.42131 0.286422
6.19973 6.42131 0.286422
6.19973 6.42131 0.286422
6.19973 6.42131 0.286422
6.19973 6.42131 0.286422
6.3861 6.80029 0.309609
6.31702 6.26177 0.328653
6.39871 6.20228 0.300321
6.39871 6.20228 0.300321
6.187 6.20896 0.345841
6.187 6.20896 0.345841
6.187 6.20896 0.345841
6.187 6.20896 0.345841
6.83046 6.16345 0.312108
6.83046 6.16345 0.312108
5.83119 6.70396 0.32797
6.34454 6.11268 0.301483
6.34454 6.11268 0.301483
6.25724 6.06134 0.310622
6.25724 6.06134 0.310622
6.25724 6.06134 0.310622
6.25724 6.06134 0.310622
6.51026 6.65062 0.31588
6.38236 6.52276 0.308619
6.65951 6.312 0.306971
6.65951 6.312 0.306971
6.65951 6.312 0.306971
6.65951 6.312 0.306971
6.28589 6.51487 0.322256
6.28589 6.51487 0.322256
6.55335 6.81779 0.325694
6.6594 6.42464 0.323407
6.6024 6.19172 0.325415
6.6024 6.19172 0.325415
6.6024 6.19172 0.325415
6.6024 6.19172 0.325415
6.6024 6.19172 0.325415
6.6024 6.19172 0.325415
6.32165 6.31136 0.322393
5.79895 6.35468 0.314323
5.79895 6.35468 0.314323
6.4422 6.54245 0.323503
6.4422 6.54245 0.323503
6.48895 6.24105 0.336204
6.48895 6.24105 0.336204
6.48895 6.24105 0.336204
6.48895 6.24105 0.336204
6.48895 6.24105 0.336204
6.09576 6.2727 0.00140674
6.19537 6.34689 0.00304058
6.1111 6.01928 -0.00461913
5.90261 6.1978 -0.0100492
5.90261 6.1978 -0.0100492
5.51925 6.54841 -0.0106684
5.51925 6.54841 -0.0106684
6.3282 6.40091 0.0108318
6.3282 6.40091 0.0108318
5.94486 6.17549 0.00501626
5.94486 6.17549 0.00501626
5.94486 6.17549 0.00501626
6.03251 6.42082 -0.0156332
6.46947 6.08019 -0.00785884
6.24282 6.11591 8.88965e-05
6.24282 6.11591 8.88965e-05
6.24282 6.11591 8.88965e-05
6.24282 6.11591 8.88965e-05
6.24282 6.11591 8.88965e-05
6.04087 6.28655 0.0126829
6.04087 6.28655 0.0126829
6.04087 6.28655 0.0126829
6.27663 6.0176 0.00364776
6.27663 6.0176 0.00364776
6.27663 6.0176 0.00364776
6.27663 6.0176 0.00364776
6.04386 6.25995 -0.00278758
6.04386 6.25995 -0.00278758
6.04386 6.25995 -0.00278758
6.40747 6.21512 0.0131552
8.07647 7.74341 0.335027
7.81435 7.91802 0.318591
7.40999 7.6456 0.316897
8.00327 7.20261 0.326885
7.37643 7.52468 0.315892
3.9382 46.556 -66.807
3.9382 46.556 -66.807
3.9382 46.556 -66.807
3.9382 46.556 -66.807
3.9382 46.556 -66.807
6.27972 5.97753 -0.0023066
6.69607 6.16258 0.315986
6.11606 6.63768 0.311238
6.75705 6.73889 0.322539
3.9382 46.556 -66.807
3.9382 46.556 -66.807
3.9382 46.556 -66.807
3.9382 46.556 -66.807
3.9382 46.556 -66.807
3.9382 46.556 -66.807
3.9382 46.556 -66.807
6.11428 5.64396 -0.0165289
6.02295 6.49786 0.298185
7.05148 6.36356 0.307219
7.05148 6.36356 0.307219
7.37648 7.04026 0.296286
7.37648 7.04026 0.296286
3.9382 46.556 -66.807
3.9382 46.556 -66.807
3.9382 46.556 -66.807
3.9382 46.556 -66.807
3.9382 46.556 -66.807
3.9382 46.556 -66.807
5.87787 5.89027 -0.00434887
6.31318 6.16147 -0.00760273
5.68161 5.87953 0.299647
6.56005 6.41238 0.318405
6.92433 6.78817 0.305899
6.63738 7.00852 0.307539
3.9382 46.556 -66.807
3.9382 46.556 -66.807
6.08774 6.20284 -0.0255484
6.86751 6.06459 0.316486
7.7129 7.56141 0.332622
7.81448 7.19371 0.324809
7.41049 7.39345 0.309755
7.56959 7.39868 0.341784
7.23247 8.06622 0.331019
7.6421 7.4493 0.313631
7.53098 7.16668 0.334174
7.37643 7.52468 0.315892
7.46573 6.07861 0.311908
3.9382 46.556 -66.807
6.03463 6.70893 0.328866
7.06031 6.60606 0.321524
5.97726 6.29092 0.311849
6.22267 6.88076 0.311236
7.31302 6.91436 0.309002
7.37648 7.04026 0.296286
3.9382 46.556 -66.807
3.9382 46.556 -66.807
3.9382 46.556 -66.807
3.9382 46.556 -66.807
3.9382 46.556 -66.807
7.59278 8.01632 0.296379
7.79332 7.77128 0.338673
7.95858 7.27827 0.308012
7.68928 7.57708 0.323757
7.77608 7.83623 0.304428
7.86701 7.3882 0.324458
7.42698 7.52941 0.318236
8.56288 8.34892 0.312275
7.56346 7.74239 0.311033
7.49345 6.85653 0.31635
8.2249 7.61909 0.322972
7.69871 7.71681 0.325442
7.42698 7.71991 0.305307
7.57506 7.60213 0.309359
7.6167 7.50899 0.320456
7.96454 7.53509 0.315959
7.96695 7.79429 0.326239
7.6881 7.79885 0.31669
7.05657 7.99658 0.323543
7.91032 7.72407 0.30806
8.02692 7.51869 0.321495
7.82421 7.54437 0.315341
7.72493 7.81021 0.318556
7.72493 7.81021 0.318556
7.81087 7.52431 0.343074
7.27063 7.72956 0.316043
6.57348 7.1485 0.306963
3.9382 46.556 -66.807
3.9382 46.556 -66.807
3.9382 46.556 -66.807
6.40255 6.22241 -0.0173554
6.28838 5.98052 0.0112194
6.68083 6.12514 0.327962
6.27388 5.94588 0.309674
6.22267 6.88076 0.311236
6.81328 7.10437 0.293273
7.60759 7.51364 0.325955
8.19051 7.57058 0.307148
7.49784 7.91807 0.338845
7.49784 7.91807 0.338845
7.49784 7.91807 0.338845
7.49784 7.91807 0.338845
7.49784 7.91807 0.338845
7.42078 7.63246 0.3225
7.64699 7.98309 0.324314
7.72354 7.55916 0.317058
7.73266 7.99627 0.324258
7.69848 7.87734 0.322136
7.69712 7.42062 0.326353
7.69712 7.42062 0.326353
7.69712 7.42062 0.326353
7.69712 7.42062 0.326353
7.69712 7.42062 0.326353
8.30768 7.29708 0.332609
8.04337 8.10186 0.312155
8.04337 8.10186 0.312155
7.18876 7.95181 0.324964
7.18876 7.95181 0.324964
7.18876 7.95181 0.324964
7.88273 7.33139 0.3462
8.08644 7.87146 0.324305
8.03793 8.14608 0.324818
8.03793 8.14608 0.324818
8.03793 8.14608 0.324818
7.78466 7.63134 0.313346
7.78466 7.63134 0.313346
7.78466 7.63134 0.313346
7.78466 7.63134 0.313346
7.60671 7.61608 0.324994
7.89904 7.92418 0.335639
7.89904 7.92418 0.335639
7.32193 7.3313 0.320625
8.13585 7.38275 0.331846
7.43401 7.91716 0.329126
7.53345 8.61803 0.327919
7.42311 7.72892 0.318542
8.00266 7.75327 0.320815
7.68433 7.60325 0.332039
8.14719 7.9032 0.334239
8.14719 7.9032 0.334239
7.50218 7.69456 0.321458
7.50218 7.69456 0.321458
8.26871 7.85619 0.32927
8.26871 7.85619 0.32927
8.26871 7.85619 0.32927
8.16108 8.14266 0.316205
7.49003 7.85192 0.327429
7.77755 7.48527 0.327851
7.03009 7.44331 0.334434
7.03009 7.44331 0.334434
7.78897 7.75673 0.330227
7.78897 7.75673 0.330227
7.78897 7.75673 0.330227
8.29205 7.99454 0.31185
8.47255 7.54446 0.329426
8.47255 7.54446 0.329426
8.47255 7.54446 0.329426
7.19073 7.93587 0.305913
7.19073 7.93587 0.305913
7.19073 7.93587 0.305913
7.63697 7.72506 0.324878
7.63697 7.72506 0.324878
7.63697 7.72506 0.324878
7.63697 7.72506 0.324878
7.63697 7.72506 0.324878
7.84913 7.19854 0.323712
7.61547 7.70145 0.327916
7.56339 7.55514 0.307639
7.56339 7.55514 0.307639
7.56339 7.55514 0.307639
8.04475 8.26897 0.332
7.61824 7.80208 0.318841
7.96519 7.52213 0.316719
7.96519 7.52213 0.316719
8.3774 7.28493 0.309965
8.3774 7.28493 0.309965
7.81685 7.41589 0.325971
7.81685 7.41589 0.325971
7.19414 7.77268 0.325503
7.72553 7.79155 0.329444
7.72553 7.79155 0.329444
8.09643 7.76079 0.317111
7.73905 7.78429 0.32567
7.92627 7.69095 0.317186
7.76537 8.20748 0.315197
8.17659 7.9272 0.330267
8.17659 7.9272 0.330267
8.24519 7.05356 0.321668
8.24519 7.05356 0.321668
8.24519 7.05356 0.321668
7.6103 7.62558 0.319055
7.3793 7.79727 0.321757
7.61796 7.46678 0.322753
7.42894 7.78232 0.316927
7.49235 7.40746 0.315589
7.49235 7.40746 0.315589
8.11526 7.78594 0.322328
8.11526 7.78594 0.322328
7.66664 7.34408 0.30615
8.02913 8.0569 0.3186
7.43623 8.02836 0.311624
7.43623 8.02836 0.311624
8.13331 6.91305 0.311771
8.00129 7.58757 0.321613
7.23678 7.48089 0.326405
8.05801 7.66482 0.318845
7.58218 7.32613 0.327867
8.03133 7.85582 0.313167
8.03133 7.85582 0.313167
7.73266 7.59376 0.32231
7.73266 7.59376 0.32231
7.86608 7.46836 0.300427
7.3272 7.71093 0.309119
7.96758 7.40001 0.32597
7.75877 7.79258 0.302853
7.99029 7.42078 0.312799
7.99029 7.42078 0.312799
7.85776 7.46705 0.333138
7.40197 7.4795 0.322264
7.62944 7.53565 0.331552
7.13166 7.28936 0.324453
7.4737 7.30203 0.317241
7.92659 8.02941 0.316685
7.86307 7.7239 0.311181
7.87893 7.68564 0.322606
7.39366 7.54959 0.309107
7.28677 7.35854 0.323882
7.70549 7.59932 0.294656
7.70549 7.40419 0.325194
7.70549 7.40419 0.325194
7.73758 8.03029 0.311746
7.6304 7.90844 0.320761
7.64438 7.69083 0.321265
7.64438 7.69083 0.321265
7.40016 7.9345 0.345425
7.71416 7.89456 0.327973
7.68202 7.92347 0.311599
7.58401 7.66776 0.33209
7.55762 7.09058 0.316898
8.03593 7.51485 0.307115
7.98333 7.99631 0.330256
7.98333 7.99631 0.330256
7.98333 7.99631 0.330256
7.38607 7.88044 0.320868
7.37698 7.52615 0.319455
7.90149 7.70798 0.313469
7.43476 7.78401 0.307119
7.43476 7.78401 0.307119
7.43476 7.78401 0.307119
8.69804 7.87722 0.317429
7.16868 8.22607 0.322481
7.16868 8.22607 0.322481
7.88295 8.11716 0.327831
7.88295 8.11716 0.327831
7.41921 7.65199 0.321745
7.70212 7.44457 0.312833
7.70212 7.44457 0.312833
8.09635 7.85941 0.300213
7.77469 8.07768 0.313499
7.58925 7.51305 0.31394
7.78412 7.4926 0.323166
7.77466 7.51167 0.322222
7.74978 7.3861 0.291763
7.76674 7.85607 0.326658
7.76674 7.85607 0.326658
7.96214 8.27697 0.336391
7.96214 8.27697 0.336391
7.93508 7.95186 0.315477
7.73226 7.56199 0.307269
7.73226 7.56199 0.307269
7.50782 7.37552 0.317128
7.62844 8.09693 0.315171
7.62844 8.09693 0.315171
7.80203 7.70875 0.328665
7.77771 7.96886 0.331545
7.77771 7.96886 0.331545
7.62376 8.29548 0.311316
7.62569 7.44697 0.323663
7.45152 7.81511 0.316819
7.93182 7.62623 0.298772
7.44092 7.64231 0.329812
8.20562 7.95504 0.311286
7.36622 7.84157 0.318589
7.54961 7.41356 0.315485
7.49138 7.62136 0.316599
7.63231 7.68328 0.328862
7.93848 7.60411 0.306355
7.25933 7.60483 0.310561
8.06529 7.59718 0.318948
7.26991 7.73244 0.311795
7.26991 7.73244 0.311795
8.09298 8.18146 0.314926
7.68734 8.29686 0.322657
7.42333 8.20583 0.318166
7.70095 8.17938 0.323735
7.70095 8.17938 0.323735
7.42156 7.7807 0.322117
8.13425 7.87204 0.320396
8.13425 7.87204 0.320396
7.79245 7.17782 0.310301
8.00496 7.55304 0.328618
7.82962 7.82583 0.312304
8.0347 7.66281 0.335855
7.39678 7.69999 0.336853
7.6844 7.22523 0.334639
7.91106 7.92365 0.323017
7.42844 8.17528 0.307875
7.42844 8.17528 0.307875
7.24162 7.76844 0.312465
7.24162 7.76844 0.312465
7.54418 7.94723 0.306063
7.44094 7.59133 0.330556
7.56867 7.1989 0.31986
7.56867 7.1989 0.31986
7.67978 7.53646 0.325023
7.65762 7.86681 0.326645
7.91311 7.8045 0.32176
7.47533 8.41391 0.335184
7.47782 8.20691 0.311882
7.56932 7.61208 0.311635
7.93154 7.97606 0.320271
7.56602 7.2317 0.304642
7.44879 8.12386 0.316562
7.44263 7.7348 0.321921
8.03438 8.069 0.318471
7.68916 8.00131 0.302184
7.63526 7.95416 0.309807
7.63526 7.95416 0.309807
7.26722 8.12064 0.320874
7.26722 8.12064 0.320874
7.7316 7.92733 0.320944
7.78844 7.92927 0.318123
7.98656 7.29244 0.32418
7.8612 7.62872 0.328738
7.8612 7.62872 0.328738
7.65311 7.49377 0.319191
7.71387 7.86814 0.333035
7.0498 7.93098 0.307569
7.20104 7.76699 0.320901
7.20104 7.76699 0.320901
7.41524 7.45285 0.297648
8.00426 7.31539 0.327736
8.20232 7.9221 0.311125
8.20232 7.9221 0.311125
7.96041 7.56351 0.322005
8.35661 7.82808 0.329685
7.34632 7.6324 0.325433
7.34632 7.6324 0.325433
7.34632 7.6324 0.325433
7.34632 7.6324 0.325433
7.51218 7.58271 0.31195
7.73445 7.41625 0.331279
7.86525 8.05163 0.326223
7.33298 7.5128 0.328073
7.39184 7.81148 0.31374
8.27773 7.42316 0.32907
7.50153 7.56659 0.313485
8.32736 7.94193 0.321742
7.94587 8.03568 0.320029
7.81317 7.81021 0.328033
7.81317 7.81021 0.328033
7.66486 7.18541 0.305094
8.68489 8.02434 0.325324
7.58333 7.83994 0.310246
8.69717 8.10462 0.317349
7.81388 8.24786 0.320085
7.81388 8.24786 0.320085
7.87306 7.83925 0.303396
7.87306 7.83925 0.303396
7.87306 7.83925 0.303396
7.44039 7.59582 0.326813
7.44039 7.59582 0.326813
7.83088 7.47297 0.302464
7.84349 7.79955 0.320059
7.84349 7.79955 0.320059
7.92336 7.81077 0.305011
7.92336 7.81077 0.305011
7.50659 7.20659 0.316681
7.50659 7.20659 0.316681
8.01961 7.87231 0.314152
7.761 8.07357 0.313017
7.761 8.07357 0.313017
7.761 8.07357 0.313017
7.761 8.07357 0.313017
7.97502 7.64101 0.313733
7.47296 8.01009 0.310726
7.47296 8.01009 0.310726
7.90859 7.6349 0.311794
8.04767 7.81269 0.324898
7.47534 8.15502 0.320625
7.88942 7.67195 0.327768
7.6951 7.66368 0.343724
7.59017 7.36367 0.300679
7.77558 7.76959 0.326924
7.77558 7.76959 0.326924
7.21602 7.50778 0.33585
7.97839 7.67838 0.297139
7.69157 7.70248 0.324253
7.93902 7.59831 0.32817
7.39771 7.78332 0.30784
8.22008 7.2806 0.304172
7.44355 7.76116 0.334587
7.28941 7.32761 0.311009
8.3282 7.70446 0.32439
7.74196 7.67188 0.321141
7.5781 8.01028 0.329102
7.69061 8.46717 0.317579
7.69061 8.46717 0.317579
7.92355 7.9944 0.318082
7.92355 7.9944 0.318082
7.81732 7.79751 0.312636
7.83257 7.42821 0.326483
7.61519 7.74441 0.316643
7.61519 7.74441 0.316643
7.34301 8.02254 0.317818
7.6688 7.71225 0.306845
7.6688 7.71225 0.306845
7.65057 7.60125 0.321814
7.65057 7.60125 0.321814
7.58542 8.12167 0.312263
7.80322 6.85428 0.324594
7.96454 7.55423 0.321553
7.58799 7.78565 0.327028
7.7254 7.87041 0.314527
7.96042 7.67169 0.337649
7.55426 7.03767 0.330192
7.53337 7.41465 0.3324
7.87477 7.94002 0.341359
7.91107 7.76736 0.326962
7.65384 8.23937 0.327713
7.65384 8.23937 0.327713
7.57016 7.37419 0.32228
8.27962 7.52388 0.323069
7.66818 7.99878 0.30501
7.66818 7.99878 0.30501
7.53924 8.08057 0.306037
7.89189 7.73749 0.322515
7.73881 7.34452 0.317355
7.99862 8.47532 0.327179
7.53142 7.57459 0.318377
8.00379 8.08197 0.322989
8.00379 8.08197 0.322989
8.09113 7.68606 0.331923
7.85515 7.63258 0.315558
7.95527 7.74258 0.31311
7.95527 7.74258 0.31311
8.00631 8.0028 0.322516
8.44563 7.5889 0.310867
7.81061 7.57404 0.336613
7.46785 7.52416 0.324226
7.19266 7.35212 0.327069
7.19266 7.35212 0.327069
7.19266 7.35212 0.327069
8.02008 7.11588 0.319451
8.18078 7.79219 0.31623
7.66972 7.30138 0.316778
7.76637 7.81921 0.324214
7.76637 7.81921 0.324214
7.59692 7.64113 0.316236
7.7223 7.53205 0.323664
7.19721 7.55977 0.312598
8.02523 7.27035 0.317861
7.93094 7.2703 0.322769
7.93094 7.2703 0.322769
7.63598 7.77715 0.336857
7.41202 7.89561 0.34179
7.41202 7.89561 0.34179
7.25864 7.83476 0.310312
8.09412 7.9141 0.314727
7.52552 7.78343 0.318213
7.52552 7.78343 0.318213
7.42768 7.91658 0.312365
7.42768 7.91658 0.312365
7.37941 8.01477 0.316923
7.37941 8.01477 0.316923
7.37941 8.01477 0.316923
7.74629 7.82618 0.322403
7.28094 8.23387 0.314946
7.36552 7.7714 0.314328
7.22041 7.51347 0.309051
7.63688 8.07943 0.312106
7.8341 7.37177 0.330574
7.85749 7.58398 0.325692
7.85749 7.58398 0.325692
7.84109 7.56948 0.319185
7.84109 7.56948 0.319185
8.08562 7.49742 0.301766
7.89937 7.6579 0.328238
8.6827 7.25572 0.311019
7.39043 7.50069 0.30717
7.7766 7.6633 0.326215
7.809 7.92756 0.313481
7.70593 7.42225 0.313413
7.70593 7.42225 0.313413
7.70593 7.42225 0.313413
7.70832 7.80889 0.310134
7.96498 7.92931 0.305831
7.91138 7.46532 0.33407
7.5352 7.78675 0.315019
7.5352 7.78675 0.315019
7.24391 7.65866 0.310249
7.24391 7.65866 0.310249
7.24391 7.65866 0.310249
7.96098 7.98221 0.320623
7.53609 7.54675 0.311574
7.16228 7.5138 0.324375
7.55024 7.37585 0.326215
7.55024 7.37585 0.326215
7.89437 7.3132 0.316885
7.37174 7.91333 0.325294
7.44549 7.82598 0.331406
7.56484 7.68003 0.313618
7.56484 7.68003 0.313618
7.34266 7.29386 0.314609
7.34266 7.29386 0.314609
8.08186 7.71204 0.321977
7.96523 7.36358 0.32263
7.96523 7.36358 0.32263
8.00663 7.32202 0.310236
8.00663 7.32202 0.310236
7.54442 7.73885 0.33875
7.54442 7.73885 0.33875
7.67144 8.09946 0.327348
7.37043 7.73026 0.307693
7.83019 8.22163 0.33599
7.64589 7.58266 0.317512
7.64589 7.58266 0.317512
7.91414 7.80561 0.296641
8.07181 7.50337 0.322709
7.85812 7.724 0.32371
7.85812 7.724 0.32371
7.85812 7.724 0.32371
7.7962 7.25666 0.333665
7.16705 7.85525 0.335792
7.69691 8.00809 0.32541
7.62834 7.35465 0.304667
7.62834 7.35465 0.304667
7.89824 7.68282 0.307788
7.89824 7.68282 0.307788
7.08672 7.57926 0.315148
7.86854 7.59269 0.321815
7.86854 7.59269 0.321815
7.59151 7.63426 0.307369
7.59151 7.63426 0.307369
7.88289 8.07061 0.335859
7.97631 7.3559 0.311819
7.33199 7.82485 0.346332
7.33199 7.82485 0.346332
7.7582 7.4569 0.307108
7.56477 7.35788 0.3158
7.56477 7.35788 0.3158
7.56477 7.35788 0.3158
7.84142 7.72146 0.325722
7.84142 7.72146 0.325722
7.74413 7.58009 0.322067
7.95447 8.10103 0.325001
7.87078 8.19819 0.311464
7.87078 8.19819 0.311464
7.86269 7.8006 0.333357
8.27888 8.04059 0.348352
7.39597 7.28357 0.31115
7.39597 7.28357 0.31115
7.05809 8.08177 0.310516
7.59348 8.05672 0.314423
7.90766 7.99469 0.311383
7.74194 8.10902 0.328814
7.613 8.46859 0.332162
7.63853 7.66458 0.31085
7.86454 7.60162 0.323974
7.68463 7.7847 0.316312
7.5976 8.14658 0.305416
7.45596 7.95545 0.30758
7.45596 7.95545 0.30758
7.15401 7.82343 0.319152
7.15401 7.82343 0.319152
7.84196 7.60802 0.34052
8.33179 7.89707 0.307648
7.5993 7.26119 0.332699
7.72504 7.47067 0.30455
7.72504 7.47067 0.30455
7.60915 7.46192 0.326092
7.78991 7.53714 0.324982
7.78991 7.53714 0.324982
7.88639 7.77826 0.301845
7.76237 7.63851 0.308363
7.65959 7.77902 0.337672
8.27321 7.65102 0.322659
7.89202 8.18823 0.327031
7.57576 7.69501 0.325298
7.44997 7.8451 0.322436
8.07744 7.8617 0.312862
7.61915 7.91124 0.321256
8.00634 7.65492 0.292865
7.46813 8.02682 0.318595
7.90686 8.00275 0.30275
7.90686 8.00275 0.30275
8.0296 7.88114 0.311321
7.91749 7.62531 0.318932
7.347 7.73896 0.317903
7.70886 8.03511 0.318078
7.69643 7.83282 0.319971
7.51179 7.73268 0.336297
7.70778 7.47813 0.304326
8.04227 8.27315 0.310095
7.68202 7.79998 0.318545
7.68202 7.79998 0.318545
7.54008 7.84739 0.324866
7.54008 7.84739 0.324866
7.52951 7.76509 0.328281
7.59194 8.04807 0.328752
7.24109 7.54548 0.338159
7.47545 7.45915 0.316861
7.47545 7.45915 0.316861
8.01865 7.43384 0.321979
7.82511 6.84043 0.334168
8.01624 7.70929 0.323309
8.01624 7.70929 0.323309
7.55424 8.38825 0.328043
7.17526 7.54203 0.311065
7.85805 8.21324 0.310296
7.76819 7.6734 0.326662
7.76819 7.6734 0.326662
7.78407 7.93279 0.320364
7.8916 7.42746 0.307842
7.91694 7.60165 0.317151
7.91694 7.60165 0.317151
8.19726 7.29786 0.331561
7.50949 7.57003 0.30411
7.82167 7.23876 0.316871
8.02969 7.5996 0.317439
8.02969 7.5996 0.317439
8.02969 7.5996 0.317439
7.90793 7.58915 0.330609
7.74878 8.0428 0.33216
7.88715 7.55996 0.330948
7.33715 8.0006 0.326245
7.27852 7.10705 0.316917
7.77586 7.74712 0.310036
8.48324 7.65597 0.307586
7.93987 8.09192 0.311957
7.58123 7.46921 0.323283
7.6165 7.2321 0.323332
7.36684 7.36571 0.32288
8.01488 7.95445 0.32233
7.54387 8.04902 0.298918
7.54387 8.04902 0.298918
7.52278 7.68865 0.321346
7.87885 6.9947 0.325471
7.87885 6.9947 0.325471
7.94789 7.79071 0.323533
7.78013 7.634 0.330058
7.93204 7.96665 0.326061
7.93204 7.96665 0.326061
7.32907 8.20026 0.311235
7.58754 7.64267 0.325321
8.12646 8.20507 0.30711
8.12646 8.20507 0.30711
8.13873 7.60288 0.317679
7.06261 7.49243 0.324609
7.00487 7.41029 0.314351
7.81509 8.31349 0.337088
7.81509 8.31349 0.337088
7.50581 7.6282 0.324607
7.50581 7.6282 0.324607
7.57208 8.243 0.318769
7.57208 8.243 0.318769
7.57208 8.243 0.318769
7.90037 7.31016 0.312629
7.88157 8.04808 0.325424
8.05076 7.46805 0.308114
8.05076 7.46805 0.308114
7.58098 8.01079 0.315988
8.15573 7.64211 0.31732
8.15573 7.64211 0.31732
7.39865 7.79719 0.324287
8.26083 7.45301 0.326344
8.26083 7.45301 0.326344
7.63538 7.5405 0.318635
7.8664 7.05096 0.326276
7.6345 7.43891 0.328365
7.6345 7.43891 0.328365
7.51798 7.65415 0.335842
7.82974 7.1744 0.318638
7.69252 7.86659 0.326181
8.0627 8.2959 0.320891
8.01806 7.95068 0.321782
7.43444 7.86732 0.31804
7.06511 8.11963 0.305063
7.63149 7.8937 0.315825
7.61798 7.58361 0.316557
8.20273 8.00898 0.312136
7.66697 8.0912 0.325264
7.66697 8.0912 0.325264
7.98037 7.7513 0.327106
8.10466 7.50558 0.313382
7.7539 7.55621 0.313865
7.4967 7.58673 0.319515
7.4967 7.58673 0.319515
7.4967 7.58673 0.319515
7.71537 7.63171 0.33262
7.67029 7.59539 0.318607
7.47903 7.69359 0.32573
7.47903 7.69359 0.32573
7.47903 7.69359 0.32573
7.54011 7.86332 0.311074
8.04127 7.72837 0.31472
7.89992 7.66088 0.324125
7.769 8.13629 0.336481
6.99342 7.83726 0.32342
7.35995 8.1958 0.307557
7.94193 7.4819 0.331287
7.4021 7.96302 0.307412
7.65857 7.48314 0.33703
7.88737 8.06105 0.319024
7.69713 7.81552 0.329048
7.82842 7.52898 0.343018
7.72839 8.4271 0.317556
7.72839 8.4271 0.317556
7.27637 7.42382 0.318437
7.53227 7.2151 0.315484
7.53227 7.2151 0.315484
7.88208 7.19938 0.306858
7.57468 7.62839 0.310037
8.09023 7.70067 0.312179
8.09023 7.70067 0.312179
8.21945 7.83557 0.304876
7.9874 7.89093 0.316906
7.70883 7.66541 0.333997
7.70883 7.66541 0.333997
7.70883 7.66541 0.333997
7.78686 7.26498 0.325292
7.73403 7.73631 0.318041
7.73403 7.73631 0.318041
7.73403 7.73631 0.318041
7.6221 7.70335 0.314445
7.57218 7.72828 0.321986
7.66958 8.45819 0.32692
7.66958 8.45819 0.32692
7.66958 8.45819 0.32692
7.78467 7.65142 0.332497
7.77365 7.56356 0.338691
7.61318 7.3939 0.317536
7.53772 7.32328 0.300467
7.81486 7.88276 0.325578
7.68879 8.11783 0.321699
7.68879 8.11783 0.321699
7.20377 7.80283 0.31053
7.3833 7.64598 0.312735
7.3833 7.64598 0.312735
7.3833 7.64598 0.312735
7.18953 7.27064 0.323215
7.34949 7.2939 0.322727
7.85482 7.26516 0.307901
7.85482 7.26516 0.307901
7.85482 7.26516 0.307901
7.45904 7.86287 0.316286
7.26426 7.91659 0.335094
7.26426 7.91659 0.335094
7.26426 7.91659 0.335094
7.82263 7.50982 0.30819
7.78911 7.64596 0.338522
7.75008 7.34788 0.302926
7.78229 7.85406 0.318901
8.53787 7.98148 0.323113
7.42028 7.39992 0.318855
7.99115 7.31624 0.31159
7.4749 7.76986 0.324578
7.4749 7.76986 0.324578
7.53825 7.74097 0.319616
7.47137 7.38337 0.323529
7.89976 8.02544 0.31027
7.89976 8.02544 0.31027
7.4645 7.6148 0.317298
7.84909 7.40721 0.337047
7.84909 7.40721 0.337047
7.73241 7.39004 0.326262
7.78085 7.68798 0.316666
8.16544 7.715 0.332882
7.4221 8.05136 0.304689
8.48734 7.34897 0.319301
7.47224 7.36957 0.330717
7.30809 8.08335 0.307706
7.81925 7.77916 0.317731
7.25687 7.96775 0.324169
7.26858 7.90433 0.311208
7.57764 7.71314 0.324067
7.57764 7.71314 0.324067
7.57764 7.71314 0.324067
7.57764 7.71314 0.324067
7.98468 7.67285 0.311126
8.0105 7.07544 0.33111
7.82565 7.67154 0.315956
7.82565 7.67154 0.315956
7.40501 7.31799 0.325188
7.79774 7.68384 0.332633
7.47186 7.94431 0.314973
7.65551 7.43469 0.328384
7.56265 7.7758 0.324189
7.21315 7.49163 0.324626
7.70804 7.40481 0.311557
7.40903 7.3444 0.326172
7.04234 7.69579 0.317984
7.82221 7.12066 0.315172
7.55424 7.9231 0.320519
7.55424 7.9231 0.320519
7.55424 7.9231 0.320519
7.72246 7.57842 0.323102
7.86408 7.93668 0.307828
7.86408 7.93668 0.307828
7.4837 7.77513 0.312392
7.4837 7.77513 0.312392
8.31248 8.08592 0.315119
7.71405 7.72634 0.308716
7.50285 7.37759 0.317148
7.50285 7.37759 0.317148
7.83134 7.00441 0.310907
7.67398 7.84605 0.326033
7.67398 7.84605 0.326033
7.92106 7.75549 0.309688
7.81818 7.96038 0.306298
7.49091 7.70996 0.31873
7.29895 7.51192 0.318001
7.67667 7.19765 0.311499
7.7887 7.9436 0.318341
7.7887 7.9436 0.318341
7.51882 7.75926 0.316367
7.96333 7.77037 0.338353
7.80644 7.55025 0.307283
7.56596 7.59864 0.327259
8.30207 7.95144 0.332459
8.28819 7.64748 0.300082
7.35143 7.6666 0.335876
7.83063 8.17219 0.306815
8.12709 7.85017 0.33954
7.51906 6.99985 0.31779
7.54092 7.37529 0.315234
6.90268 7.39887 0.302315
8.12502 7.86324 0.319431
8.12502 7.86324 0.319431
8.18573 7.52029 0.312589
7.23292 7.711 0.334938
7.22277 7.21963 0.31556
8.03796 7.79647 0.310541
7.95809 7.77582 0.321442
7.78782 7.80987 0.318519
7.68699 7.68744 0.317633
7.52261 7.96102 0.322792
7.33206 7.45224 0.329753
8.05868 7.65894 0.327986
8.05868 7.65894 0.327986
7.44991 7.76105 0.305989
7.44991 7.76105 0.305989
7.61124 7.23553 0.308798
7.24337 7.70715 0.304355
7.85716 7.57821 0.321927
7.69173 7.40812 0.321825
7.69094 7.19998 0.319739
7.69094 7.19998 0.319739
7.36732 7.80536 0.325452
7.58515 8.06807 0.333325
7.58515 8.06807 0.333325
8.03525 7.51138 0.311189
7.66824 7.80352 0.309668
7.66824 7.80352 0.309668
7.66824 7.80352 0.309668
8.20804 7.97243 0.310406
8.20804 7.97243 0.310406
8.06128 8.10842 0.321539
7.5277 8.20862 0.310116
7.5277 8.20862 0.310116
7.46421 8.20808 0.299713
7.46421 8.20808 0.299713
6.89189 7.44749 0.306689
6.89189 7.44749 0.306689
6.89189 7.44749 0.306689
6.89189 7.44749 0.306689
7.71545 7.80181 0.313267
7.71545 7.80181 0.313267
7.71545 7.80181 0.313267
7.96255 7.9986 0.324677
6.96491 7.91499 0.315339
7.61782 7.55834 0.308417
7.65681 7.65099 0.313058
7.65681 7.65099 0.313058
7.65681 7.65099 0.313058
7.54962 7.58544 0.314765
7.73627 7.74592 0.318747
7.09191 7.72993 0.322773
7.09191 7.72993 0.322773
8.33816 7.79336 0.302621
8.62121 7.74642 0.327884
8.62121 7.74642 0.327884
8.62121 7.74642 0.327884
7.74902 7.56869 0.308414
7.59064 7.79718 0.313056
7.59064 7.79718 0.313056
7.54445 7.80118 0.321331
7.54445 7.80118 0.321331
7.27836 7.57619 0.31354
7.40126 8.14106 0.348366
7.40126 8.14106 0.348366
7.41866 7.98972 0.314139
7.41866 7.98972 0.314139
7.41866 7.98972 0.314139
7.97224 7.30336 0.321875
7.80105 7.29113 0.308716
8.24943 7.49113 0.323627
7.76218 7.766 0.320123
7.76218 7.766 0.320123
7.12517 7.4211 0.330373
7.07307 7.14347 0.319263
7.94615 8.09639 0.319666
7.94615 8.09639 0.319666
7.80031 7.54801 0.318006
7.85653 7.6902 0.321003
7.17125 7.21185 0.33502
7.24343 8.50872 0.32698
7.96534 7.57742 0.341068
8.09373 7.92846 0.305079
7.9216 7.97727 0.311909
7.98474 7.67276 0.330172
7.78712 7.77892 0.312229
7.71113 7.5266 0.325255
7.76987 7.71909 0.317276
7.76987 7.71909 0.317276
8.11529 7.32944 0.313899
7.7314 7.71134 0.309794
7.85475 7.72526 0.33421
7.85475 7.72526 0.33421
7.87073 7.54798 0.313746
7.42204 7.76372 0.320748
7.71847 7.55931 0.314614
7.06312 7.56775 0.31226
7.26913 8.06446 0.310822
8.10557 7.75888 0.322872
8.10557 7.75888 0.322872
7.79105 7.75154 0.306579
7.79105 7.75154 0.306579
7.79105 7.75154 0.306579
7.72567 8.22206 0.326274
7.66103 7.54483 0.302459
7.65939 8.69395 0.319902
7.55407 8.0217 0.33907
7.81102 7.56418 0.33981
7.53495 7.21986 0.323218
7.53495 7.21986 0.323218
7.61846 7.57171 0.312543
8.05197 7.25641 0.302686
7.63968 8.05434 0.318527
7.72178 7.78213 0.328211
7.73843 7.77722 0.322237
8.17037 6.97633 0.290164
8.07559 7.99157 0.315144
7.60893 7.48979 0.323377
8.14014 7.91366 0.321242
7.49971 8.09727 0.328626
7.23463 7.60385 0.315284
7.38295 7.90483 0.326675
7.56124 7.64907 0.309667
7.91032 7.42693 0.339535
7.34698 8.10255 0.319399
8.18846 7.65498 0.31551
8.18846 7.65498 0.31551
7.79978 7.72 0.319059
7.79978 7.72 0.319059
8.01292 8.15564 0.320423
8.00081 7.66277 0.325659
7.53022 7.30572 0.319237
7.52483 7.47316 0.318084
7.43643 7.9151 0.308818
7.96917 7.45781 0.301537
7.92059 7.30285 0.320118
7.92059 7.30285 0.320118
7.03872 7.65643 0.317669
7.25434 7.43421 0.315564
7.25434 7.43421 0.315564
8.02808 7.89882 0.335609
7.60224 8.18218 0.33879
7.106 7.77232 0.315014
8.20053 8.00405 0.323429
7.7754 7.74082 0.311113
7.7754 7.74082 0.311113
7.78057 7.99981 0.341779
7.67119 7.42829 0.313495
7.50787 7.55238 0.320644
8.1576 7.82999 0.312002
7.95862 8.2788 0.324862
7.81146 7.49813 0.330328
7.63683 7.51847 0.321513
7.63683 7.51847 0.321513
7.75269 7.80296 0.321934
7.75269 7.80296 0.321934
8.07478 8.40467 0.326577
8.00739 8.09856 0.32765
7.59139 7.30981 0.306303
7.49702 7.58419 0.314689
7.78955 8.08224 0.310221
7.68644 7.74376 0.320067
7.83553 7.96292 0.325416
8.00071 7.64207 0.344839
7.57493 7.66662 0.322642
7.69622 7.59728 0.32542
7.69622 7.59728 0.32542
8.15724 8.45426 0.315882
7.27367 7.96202 0.315642
7.27367 7.96202 0.315642
8.1517 7.72324 0.281279
8.1517 7.72324 0.281279
7.56553 7.02246 0.311393
7.56553 7.02246 0.311393
7.56553 7.02246 0.311393
7.80833 7.25453 0.313658
7.80833 7.25453 0.313658
8.08764 7.30796 0.320324
7.67154 7.61519 0.345723
7.69362 7.42586 0.309422
7.61543 7.56203 0.325187
7.78234 7.40756 0.332742
7.40585 8.0991 0.324249
7.40585 8.0991 0.324249
7.22485 7.6957 0.317471
7.68627 7.36483 0.328339
7.07471 7.96005 0.316849
7.07471 7.96005 0.316849
7.38836 7.57603 0.331518
7.8099 7.79605 0.326324
7.8099 7.79605 0.326324
7.68615 7.665 0.327225
7.43127 7.81696 0.318309
7.85785 7.49119 0.28816
8.09741 7.53457 0.332147
8.09741 7.53457 0.332147
7.68984 7.60287 0.313254
7.48772 7.68423 0.318959
7.67963 7.29261 0.318835
7.67963 7.29261 0.318835
7.88563 7.6367 0.325235
8.00423 7.54332 0.321244
8.09304 7.52453 0.315793
7.88364 7.42456 0.33302
6.98655 7.40474 0.330775
7.49645 7.49846 0.310389
7.49645 7.49846 0.310389
7.49645 7.49846 0.310389
7.34807 7.78964 0.31857
8.37222 7.80629 0.331915
7.52926 7.91079 0.322565
8.14222 7.48131 0.304542
7.02911 7.60372 0.316456
7.9037 8.18086 0.346286
7.9037 8.18086 0.346286
7.46626 7.75783 0.319893
8.01921 7.92994 0.313663
7.157 7.38782 0.306794
7.92524 7.66947 0.33603
8.22185 8.05274 0.307142
7.92924 7.54784 0.297108
7.92924 7.54784 0.297108
7.84992 8.2182 0.327129
7.84992 8.2182 0.327129
7.72444 7.75827 0.315091
7.72444 7.75827 0.315091
7.72444 7.75827 0.315091
7.97137 7.32917 0.328452
8.37169 7.29694 0.320941
7.34268 8.11455 0.336307
7.20637 7.21181 0.319604
7.20637 7.21181 0.319604
6.94527 7.76291 0.315131
7.48036 8.09639 0.321533
7.30246 7.94928 0.321472
7.9507 7.45931 0.326887
7.82114 8.48733 0.308797
8.02803 7.76439 0.313728
8.02803 7.76439 0.313728
8.05836 7.25265 0.313403
8.05836 7.25265 0.313403
8.27703 8.27699 0.321136
8.27703 8.27699 0.321136
7.57341 7.66187 0.318131
7.73457 7.7255 0.314272
7.57461 7.21528 0.304551
7.77999 7.91828 0.31212
7.98148 7.76049 0.318397
7.49214 7.85951 0.313497
7.39765 8.20373 0.326142
7.39765 8.20373 0.326142
7.67407 7.5354 0.330107
7.67407 7.5354 0.330107
6.9456 7.72913 0.306836
7.59638 7.01158 0.322268
7.59638 7.01158 0.322268
7.78545 7.44986 0.316441
7.63504 7.76469 0.32659
7.82841 8.02697 0.320011
7.71385 8.19711 0.313867
7.72865 8.04336 0.331851
7.30296 7.73336 0.329273
7.30296 7.73336 0.329273
7.8534 7.72266 0.320192
7.8534 7.72266 0.320192
7.8534 7.72266 0.320192
7.46185 7.827 0.319584
7.46185 7.827 0.319584
7.78188 8.13202 0.335203
7.78188 8.13202 0.335203
7.78188 8.13202 0.335203
7.12944 7.60813 0.311065
7.12944 7.60813 0.311065
7.12944 7.60813 0.311065
7.46055 7.45275 0.316035
7.46055 7.45275 0.316035
8.165 8.01306 0.320371
7.57229 7.48982 0.332965
7.57229 7.48982 0.332965
7.57229 7.48982 0.332965
7.68615 7.68618 0.300863
7.67603 7.74788 0.293795
7.21953 7.32823 0.307786
7.38569 7.79725 0.328274
7.38569 7.79725 0.328274
7.70873 7.58471 0.31198
7.70873 7.58471 0.31198
8.54932 7.36399 0.34867
7.74828 7.47277 0.319359
7.60569 7.36773 0.317448
7.12493 7.91331 0.311114
7.12493 7.91331 0.311114
7.27431 8.0626 0.318004
7.27431 8.0626 0.318004
7.48535 7.65056 0.332828
7.7698 7.43687 0.344969
7.7698 7.43687 0.344969
8.33127 7.50235 0.335102
8.33127 7.50235 0.335102
8.11715 7.30971 0.327381
7.91409 8.01297 0.327957
7.91409 8.01297 0.327957
7.60717 8.00832 0.317731
7.45222 7.37052 0.32349
7.87705 7.26101 0.33267
7.85687 7.37369 0.331417
7.85687 7.37369 0.331417
7.71632 7.90485 0.31714
7.71071 7.38751 0.32536
7.73359 7.93058 0.315825
7.875 7.3842 0.320041
7.74648 7.26979 0.332407
7.74648 7.26979 0.332407
8.02921 7.94738 0.329961
7.45289 7.50383 0.33104
7.00544 7.68995 0.323961
7.53871 7.87786 0.323205
7.55492 7.89478 0.340105
8.06634 7.84862 0.310688
7.70203 7.8936 0.333372
7.8181 7.16971 0.32959
7.36696 7.63348 0.329834
7.36696 7.63348 0.329834
7.36696 7.63348 0.329834
7.36696 7.63348 0.329834
7.88541 7.29813 0.333713
7.88541 7.29813 0.333713
7.88541 7.29813 0.333713
7.88541 7.29813 0.333713
7.88541 7.29813 0.333713
7.88541 7.29813 0.333713
7.88541 7.29813 0.333713
7.74307 7.60375 0.325095
7.74307 7.60375 0.325095
7.5819 7.8928 0.323951
7.27135 7.90398 0.30974
7.65326 7.57917 0.317958
7.65326 7.57917 0.317958
7.47921 7.85797 0.328743
7.47921 7.85797 0.328743
8.15822 8.08044 0.320678
7.41127 7.14122 0.309429
7.61132 8.22636 0.313972
7.6441 7.56155 0.333109
7.52717 8.34192 0.334087
7.37328 7.31286 0.321583
7.37328 7.31286 0.321583
7.20789 7.74132 0.312539
7.55341 7.9564 0.315388
7.55341 7.9564 0.315388
7.57043 7.5886 0.330575
7.57043 7.5886 0.330575
8.20327 7.68587 0.340164
8.20327 7.68587 0.340164
7.59155 7.58927 0.31893
7.68217 7.74994 0.306953
7.68217 7.74994 0.306953
7.68217 7.74994 0.306953
7.68217 7.74994 0.306953
8.06612 7.24309 0.320381
