8.99875 8.80327 0.33306
13.6882 13.4931 0.298707
10.0909 10.4673 0.30566
13.1193 13.7743 0.304848
8.47849 8.40586 0.311079
10.6226 11.0535 0.309078
14.3619 14.0124 0.281943
11.6142 11.2764 0.318521
7.7201 7.56812 0.329119
13.8835 14.0193 0.283585
10.7197 10.6194 0.333591
13.1024 13.573 0.296713
11.9919 12.8229 0.308825
15.673 15.3235 0.288137
10.4376 10.4902 0.298142
8.47849 8.40586 0.311079
12.8201 13.2115 0.301444
6.12699 6.26278 -0.00087697
15.2541 15.2423 0.281506
8.47849 8.40586 0.311079
11.4454 11.648 0.316461
15.0288 14.5078 0.28326
9.16539 9.652 0.294968
10.9447 10.7886 0.286177
14.1688 13.9942 0.28995
15.5643 15.9557 0.307769
6.63728 6.66439 0.29874
14.6714 14.5797 0.291588
9.16539 9.652 0.294968
12.9158 12.745 0.295069
14.9372 15.478 0.295899
9.75382 8.97282 0.30782
10.6226 11.0535 0.309078
15.2874 15.567 0.284193
9.58977 9.43365 0.291005
10.4471 10.2579 0.299328
14.3047 14.2334 0.283516
9.75382 8.97282 0.30782
10.7409 10.57 0.300085
9.5833 9.08221 0.310186
12.8201 13.2115 0.301444
15.3167 15.1576 0.312477
7.86086 7.6541 0.315561
11.479 11.7586 0.297703
13.0632 12.6231 0.285288
8.04784 7.85237 0.332648
13.2072 13.2343 0.29163
16.3974 16.354 0.296558
13.3182 13.1663 0.3
15.0288 14.5078 0.28326
15.2874 15.567 0.284193
6.63728 6.66439 0.29874
7.76867 7.80736 0.344634
14.9093 15.1427 0.295303
7.76867 7.80736 0.344634
9.30085 9.4311 0.328802
13.7682 13.3281 0.274385
11.6142 11.2764 0.318521
10.1126 10.2139 0.294161
7.86086 7.6541 0.315561
8.04784 7.85237 0.332648
9.84419 9.64871 0.329229
6.12586 6.61248 0.306929
14.6298 14.9667 0.282827
10.8895 10.5601 0.327694
8.47849 8.40586 0.311079
13.3629 12.4514 0.310199
6.26297 5.93353 0.0169025
11.5746 11.6133 0.324316
13.1193 13.7743 0.304848
13.1468 12.85 0.281851
6.46883 6.48691 -0.00085994
16.0003 16.2655 0.302773
7.09037 6.36129 0.306814
13.7748 14.0083 0.285296
14.5283 15.148 0.289585
10.7536 10.8893 0.309914
15.1274 14.8306 0.281107
6.26867 7.09974 0.304316
6.36729 6.45741 -0.0145954
11.5746 11.6133 0.324316
10.4961 11.0369 0.316036
14.9093 15.1427 0.295303
15.1385 15.4754 0.293222
10.5475 9.76646 0.300236
13.9051 13.1434 0.284967
10.0909 10.4673 0.30566
7.86086 7.6541 0.315561
15.43 15.065 0.276276
14.9588 15.6138 0.303952
6.01834 6.25177 0.000834648
15.4307 15.3532 0.287936
6.63728 6.66439 0.29874
6.4195 6.29928 0.00329886
13.6811 13.6004 0.289072
13.067 13.5376 0.300677
11.8814 11.5121 0.315714
9.50206 9.59218 0.289929
10.7993 10.8174 0.300323
14.8645 15.1289 0.292954
6.19899 6.93194 0.323548
6.19899 6.93194 0.323548
6.19899 6.93194 0.323548
6.19899 6.93194 0.323548
6.19899 6.93194 0.323548
6.19899 6.93194 0.323548
6.19899 6.93194 0.323548
6.19899 6.93194 0.323548
6.19899 6.93194 0.323548
6.19899 6.93194 0.323548
6.19899 6.93194 0.323548
6.19899 6.93194 0.323548
6.19899 6.93194 0.323548
6.17317 6.44682 0.306846
10.3173 10.1492 0.312993
10.3173 10.1492 0.312993
13.9308 13.4049 0.297704
13.9308 13.4049 0.297704
13.9308 13.4049 0.297704
13.9308 13.4049 0.297704
13.9308 13.4049 0.297704
13.9308 13.4049 0.297704
13.9308 13.4049 0.297704
13.9308 13.4049 0.297704
13.5997 13.5284 0.294419
13.5997 13.5284 0.294419
12.8991 13.2541 0.307206
13.1717 13.1988 0.295595
13.1717 13.1988 0.295595
13.1717 13.1988 0.295595
13.1717 13.1988 0.295595
13.6248 12.8957 0.303668
13.6248 12.8957 0.303668
13.6248 12.8957 0.303668
13.6248 12.8957 0.303668
13.6248 12.8957 0.303668
13.6248 12.8957 0.303668
13.7188 12.6953 0.294078
13.6284 13.4606 0.283722
13.6284 13.4606 0.283722
13.6284 13.4606 0.283722
12.8627 13.2592 0.305107
12.8627 13.2592 0.305107
12.8627 13.2592 0.305107
12.8627 13.2592 0.305107
12.8627 13.2592 0.305107
13.624 13.4286 0.308974
13.5724 13.5907 0.288278
13.8948 13.2569 0.296123
13.145 13.1698 0.293053
13.145 13.1698 0.293053
13.459 13.2522 0.286442
13.1784 13.6544 0.292123
13.1586 13.2112 0.292323
13.3407 13.249 0.302879
13.3407 13.249 0.302879
13.3407 13.249 0.302879
13.3407 13.249 0.302879
13.3407 13.249 0.302879
13.3407 13.249 0.302879
13.9051 13.1434 0.284967
13.9051 13.1434 0.284967
13.9051 13.1434 0.284967
13.3865 12.6559 0.298939
13.2471 13.6533 0.311401
13.2471 13.6533 0.311401
13.2471 13.6533 0.311401
13.2471 13.6533 0.311401
13.2471 13.6533 0.311401
13.6103 13.5376 0.291744
13.6103 13.5376 0.291744
13.6103 13.5376 0.291744
13.6103 13.5376 0.291744
13.6103 13.5376 0.291744
13.6103 13.5376 0.291744
13.6103 13.5376 0.291744
13.6103 13.5376 0.291744
13.6103 13.5376 0.291744
12.8524 13.3617 0.293502
13.1446 13.0443 0.318163
12.7513 13.5431 0.295589
13.3701 13.7992 0.290788
13.3701 13.7992 0.290788
13.3668 13.4055 0.315515
13.3668 13.4055 0.315515
13.3668 13.4055 0.315515
13.3668 13.4055 0.315515
13.3668 13.4055 0.315515
13.5203 13.5384 0.294504
13.5203 13.5384 0.294504
13.5203 13.5384 0.294504
13.5203 13.5384 0.294504
13.5203 13.5384 0.294504
13.5203 13.5384 0.294504
13.0771 13.4535 0.29299
13.4188 13.5089 0.280769
13.4188 13.5089 0.280769
13.4188 13.5089 0.280769
13.0632 12.6231 0.285288
13.0632 12.6231 0.285288
8.20984 8.22644 0.32596
8.18118 8.05825 0.326451
8.18118 8.05825 0.326451
7.89444 7.95622 0.319333
7.89444 7.95622 0.319333
7.89444 7.95622 0.319333
7.89444 7.95622 0.319333
8.18942 8.38121 0.320082
8.18942 8.38121 0.320082
8.18942 8.38121 0.320082
8.18942 8.38121 0.320082
8.18942 8.38121 0.320082
8.24238 8.39511 0.301652
7.89668 7.59493 0.306974
7.89668 7.59493 0.306974
7.89668 7.59493 0.306974
7.89668 7.59493 0.306974
7.80489 7.81642 0.317918
7.80489 7.81642 0.317918
7.80489 7.81642 0.317918
7.80489 7.81642 0.317918
7.80489 7.81642 0.317918
7.80489 7.81642 0.317918
7.80489 7.81642 0.317918
7.80489 7.81642 0.317918
7.80489 7.81642 0.317918
8.71688 8.5244 0.309968
8.71688 8.5244 0.309968
7.78668 8.30077 0.309872
7.78668 8.30077 0.309872
8.21599 8.09792 0.317708
8.21599 8.09792 0.317708
8.04595 7.8266 0.32251
8.04595 7.8266 0.32251
8.04595 7.8266 0.32251
8.04595 7.8266 0.32251
8.04595 7.8266 0.32251
8.04595 7.8266 0.32251
8.19021 8.59118 0.318258
8.19021 8.59118 0.318258
8.39691 7.46896 0.311831
8.39691 7.46896 0.311831
8.39691 7.46896 0.311831
8.39691 7.46896 0.311831
8.3831 8.24212 0.287649
8.3831 8.24212 0.287649
8.3831 8.24212 0.287649
8.3831 8.24212 0.287649
8.0181 7.82601 0.306649
8.0181 7.82601 0.306649
8.0181 7.82601 0.306649
8.47058 8.9505 0.302417
8.47058 8.9505 0.302417
8.47058 8.9505 0.302417
8.47058 8.9505 0.302417
8.20945 8.05292 0.318854
8.20945 8.05292 0.318854
8.21973 8.14029 0.317438
8.21973 8.14029 0.317438
8.21973 8.14029 0.317438
8.21973 8.14029 0.317438
8.21973 8.14029 0.317438
8.21973 8.14029 0.317438
8.21973 8.14029 0.317438
8.21973 8.14029 0.317438
8.21973 8.14029 0.317438
8.21973 8.14029 0.317438
7.81411 8.18458 0.308339
7.81411 8.18458 0.308339
7.81411 8.18458 0.308339
8.15519 8.24861 0.315537
8.22216 8.2403 0.315013
8.02975 8.63465 0.331244
8.7682 7.97176 0.328911
8.7682 7.97176 0.328911
8.7682 7.97176 0.328911
8.14714 8.63444 0.323664
8.14714 8.63444 0.323664
8.14714 8.63444 0.323664
8.14714 8.63444 0.323664
8.14714 8.63444 0.323664
8.14714 8.63444 0.323664
8.14714 8.63444 0.323664
8.14714 8.63444 0.323664
8.14714 8.63444 0.323664
8.27751 8.55224 0.316021
7.89616 7.99082 0.324239
7.89616 7.99082 0.324239
7.89616 7.99082 0.324239
7.9699 8.15694 0.314356
7.9699 8.15694 0.314356
7.9699 8.15694 0.314356
7.9699 8.15694 0.314356
7.9699 8.15694 0.314356
7.9699 8.15694 0.314356
7.9699 8.15694 0.314356
8.13384 8.09259 0.313796
8.13384 8.09259 0.313796
8.19332 8.53449 0.311349
8.19332 8.53449 0.311349
8.19332 8.53449 0.311349
8.19332 8.53449 0.311349
8.19332 8.53449 0.311349
8.14066 8.54179 0.316959
8.14066 8.54179 0.316959
8.14066 8.54179 0.316959
8.14066 8.54179 0.316959
8.14066 8.54179 0.316959
8.14066 8.54179 0.316959
8.5263 8.54504 0.315245
8.5263 8.54504 0.315245
8.40492 7.81722 0.319935
8.46106 8.25203 0.29852
8.01541 7.66121 0.316636
8.01541 7.66121 0.316636
8.01541 7.66121 0.316636
8.32724 8.37351 0.306259
8.32724 8.37351 0.306259
8.32724 8.37351 0.306259
8.32724 8.37351 0.306259
8.58973 7.80298 0.305781
7.71807 8.23158 0.317705
7.71807 8.23158 0.317705
7.71807 8.23158 0.317705
8.38332 7.80781 0.304756
8.38332 7.80781 0.304756
8.38332 7.80781 0.304756
8.38332 7.80781 0.304756
7.92411 7.59592 0.304397
7.92411 7.59592 0.304397
7.92411 7.59592 0.304397
7.92411 7.59592 0.304397
7.92411 7.59592 0.304397
7.92411 7.59592 0.304397
7.92411 7.59592 0.304397
8.63394 8.31407 0.324131
8.63394 8.31407 0.324131
8.63394 8.31407 0.324131
8.63394 8.31407 0.324131
8.63394 8.31407 0.324131
8.63394 8.31407 0.324131
8.63394 8.31407 0.324131
8.63394 8.31407 0.324131
8.63394 8.31407 0.324131
8.63394 8.31407 0.324131
8.63394 8.31407 0.324131
8.63394 8.31407 0.324131
8.00769 8.27847 0.320453
8.00769 8.27847 0.320453
8.00769 8.27847 0.320453
8.00769 8.27847 0.320453
8.00769 8.27847 0.320453
8.18246 8.44068 0.3168
8.18246 8.44068 0.3168
8.18246 8.44068 0.3168
8.18246 8.44068 0.3168
8.18246 8.44068 0.3168
8.18246 8.44068 0.3168
8.18246 8.44068 0.3168
8.88908 8.14593 0.315721
8.88908 8.14593 0.315721
8.07669 7.71107 0.332471
8.07669 7.71107 0.332471
7.9003 8.72962 0.339538
7.9003 8.72962 0.339538
7.9732 8.27736 0.285102
7.9732 8.27736 0.285102
7.9732 8.27736 0.285102
7.9732 8.27736 0.285102
7.9732 8.27736 0.285102
7.9732 8.27736 0.285102
7.9732 8.27736 0.285102
7.9732 8.27736 0.285102
7.77186 7.81612 0.31064
7.77186 7.81612 0.31064
7.77186 7.81612 0.31064
8.0154 7.80823 0.307942
8.0154 7.80823 0.307942
8.0154 7.80823 0.307942
7.94216 7.74558 0.321072
7.94216 7.74558 0.321072
7.94216 7.74558 0.321072
7.94216 7.74558 0.321072
8.36612 8.18755 0.323465
8.36612 8.18755 0.323465
8.36612 8.18755 0.323465
8.36612 8.18755 0.323465
8.36612 8.18755 0.323465
8.36612 8.18755 0.323465
8.36612 8.18755 0.323465
8.36612 8.18755 0.323465
8.36612 8.18755 0.323465
8.36612 8.18755 0.323465
8.37385 8.10218 0.316015
8.37385 8.10218 0.316015
8.12562 8.14654 0.305803
8.12562 8.14654 0.305803
8.12562 8.14654 0.305803
8.12562 8.14654 0.305803
8.12562 8.14654 0.305803
8.36373 8.28503 0.313331
8.36373 8.28503 0.313331
8.36373 8.28503 0.313331
8.36373 8.28503 0.313331
8.09692 8.54115 0.32327
7.7511 8.26566 0.31992
7.7511 8.26566 0.31992
8.26768 8.48295 0.328747
8.26768 8.48295 0.328747
8.55177 7.76248 0.307426
8.55177 7.76248 0.307426
8.55177 7.76248 0.307426
8.55177 7.76248 0.307426
8.55177 7.76248 0.307426
8.55177 7.76248 0.307426
8.55177 7.76248 0.307426
8.55177 7.76248 0.307426
7.92687 7.8033 0.301605
8.49461 8.51161 0.307285
8.49461 8.51161 0.307285
8.49461 8.51161 0.307285
7.6729 8.11357 0.316716
7.6729 8.11357 0.316716
7.4707 7.53098 0.320886
7.4707 7.53098 0.320886
8.15716 7.34966 0.324775
8.15716 7.34966 0.324775
8.37877 8.1974 0.312986
8.37877 8.1974 0.312986
8.37877 8.1974 0.312986
8.37877 8.1974 0.312986
8.37877 8.1974 0.312986
8.37877 8.1974 0.312986
8.65908 8.45468 0.309889
8.65908 8.45468 0.309889
8.65908 8.45468 0.309889
8.65908 8.45468 0.309889
8.65908 8.45468 0.309889
8.65908 8.45468 0.309889
7.61869 9.16057 0.320802
7.75494 7.99174 0.316141
7.75494 7.99174 0.316141
7.75494 7.99174 0.316141
7.75494 7.99174 0.316141
7.75494 7.99174 0.316141
7.75494 7.99174 0.316141
7.75494 7.99174 0.316141
7.75494 7.99174 0.316141
8.93045 8.24366 0.315661
8.93045 8.24366 0.315661
8.93045 8.24366 0.315661
8.93045 8.24366 0.315661
7.87146 8.66957 0.318771
7.87146 8.66957 0.318771
7.87146 8.66957 0.318771
7.89035 7.93656 0.294028
7.89035 7.93656 0.294028
7.89035 7.93656 0.294028
7.89035 7.93656 0.294028
7.89035 7.93656 0.294028
7.89035 7.93656 0.294028
7.89035 7.93656 0.294028
7.89035 7.93656 0.294028
7.89035 7.93656 0.294028
7.89035 7.93656 0.294028
7.89035 7.93656 0.294028
7.89035 7.93656 0.294028
7.89035 7.93656 0.294028
7.89035 7.93656 0.294028
8.22995 8.14589 0.329625
8.22995 8.14589 0.329625
8.22995 8.14589 0.329625
8.22995 8.14589 0.329625
8.22995 8.14589 0.329625
8.75971 8.40595 0.324063
8.75971 8.40595 0.324063
8.75971 8.40595 0.324063
8.75971 8.40595 0.324063
8.75971 8.40595 0.324063
8.75971 8.40595 0.324063
8.75971 8.40595 0.324063
7.59837 8.09716 0.326981
7.59837 8.09716 0.326981
7.59837 8.09716 0.326981
7.59837 8.09716 0.326981
7.59837 8.09716 0.326981
7.55703 8.55561 0.309729
7.55703 8.55561 0.309729
7.55703 8.55561 0.309729
7.55703 8.55561 0.309729
7.55703 8.55561 0.309729
8.57139 7.89607 0.325411
8.57139 7.89607 0.325411
8.57139 7.89607 0.325411
8.57139 7.89607 0.325411
8.57139 7.89607 0.325411
8.57139 7.89607 0.325411
8.57139 7.89607 0.325411
8.57139 7.89607 0.325411
8.57139 7.89607 0.325411
8.57139 7.89607 0.325411
8.57139 7.89607 0.325411
8.57139 7.89607 0.325411
8.57139 7.89607 0.325411
8.57139 7.89607 0.325411
8.57139 7.89607 0.325411
8.57139 7.89607 0.325411
8.57139 7.89607 0.325411
8.57139 7.89607 0.325411
8.57139 7.89607 0.325411
8.57139 7.89607 0.325411
8.57139 7.89607 0.325411
8.57139 7.89607 0.325411
8.57139 7.89607 0.325411
8.57139 7.89607 0.325411
8.35807 8.05506 0.324647
8.35807 8.05506 0.324647
8.35807 8.05506 0.324647
8.35807 8.05506 0.324647
8.05433 8.01157 0.324608
8.05433 8.01157 0.324608
8.05433 8.01157 0.324608
8.05433 8.01157 0.324608
8.05433 8.01157 0.324608
8.05433 8.01157 0.324608
8.46769 7.84348 0.329442
8.46769 7.84348 0.329442
8.46769 7.84348 0.329442
8.46769 7.84348 0.329442
8.46769 7.84348 0.329442
8.06628 7.92052 0.315546
8.06628 7.92052 0.315546
8.06628 7.92052 0.315546
8.06628 7.92052 0.315546
7.88734 7.75129 0.307737
7.88734 7.75129 0.307737
7.88734 7.75129 0.307737
7.88734 7.75129 0.307737
7.88734 7.75129 0.307737
7.88734 7.75129 0.307737
7.88734 7.75129 0.307737
8.16796 7.92096 0.313035
8.13476 8.54048 0.310221
8.13476 8.54048 0.310221
8.13476 8.54048 0.310221
8.13476 8.54048 0.310221
8.54812 7.53789 0.319966
8.54812 7.53789 0.319966
8.54812 7.53789 0.319966
8.54812 7.53789 0.319966
8.54812 7.53789 0.319966
8.12232 8.02114 0.322673
8.12232 8.02114 0.322673
8.12232 8.02114 0.322673
8.12232 8.02114 0.322673
8.12232 8.02114 0.322673
8.12232 8.02114 0.322673
8.12232 8.02114 0.322673
8.12232 8.02114 0.322673
8.12232 8.02114 0.322673
8.12232 8.02114 0.322673
7.88239 8.14177 0.325026
7.88239 8.14177 0.325026
7.88239 8.14177 0.325026
7.88239 8.14177 0.325026
8.86621 8.47039 0.316105
8.86621 8.47039 0.316105
8.86621 8.47039 0.316105
8.86621 8.47039 0.316105
8.48626 7.97115 0.317666
8.48626 7.97115 0.317666
8.48626 7.97115 0.317666
8.31442 8.38803 0.295586
8.31442 8.38803 0.295586
8.31442 8.38803 0.295586
8.31442 8.38803 0.295586
7.99932 7.623 0.312452
7.99932 7.623 0.312452
7.99932 7.623 0.312452
7.74228 8.08732 0.309287
8.25277 8.32118 0.327754
8.25277 8.32118 0.327754
8.04942 8.32506 0.315753
7.88094 8.20722 0.298953
7.69252 7.92117 0.321067
8.95344 8.42229 0.305799
8.95344 8.42229 0.305799
8.95344 8.42229 0.305799
8.95344 8.42229 0.305799
8.95344 8.42229 0.305799
8.95344 8.42229 0.305799
7.76553 8.21774 0.303359
7.76553 8.21774 0.303359
7.76553 8.21774 0.303359
7.76553 8.21774 0.303359
7.76553 8.21774 0.303359
7.76553 8.21774 0.303359
7.76553 8.21774 0.303359
7.76553 8.21774 0.303359
8.31286 8.16091 0.322003
8.31286 8.16091 0.322003
8.31286 8.16091 0.322003
7.8719 7.57999 0.32198
7.8719 7.57999 0.32198
7.8719 7.57999 0.32198
7.8719 7.57999 0.32198
7.8719 7.57999 0.32198
7.8719 7.57999 0.32198
7.8719 7.57999 0.32198
7.8719 7.57999 0.32198
7.8719 7.57999 0.32198
7.8719 7.57999 0.32198
7.8719 7.57999 0.32198
7.8719 7.57999 0.32198
7.8719 7.57999 0.32198
7.98611 8.17876 0.317896
7.98611 8.17876 0.317896
7.98611 8.17876 0.317896
7.98611 8.17876 0.317896
6.04783 6.09178 0.0205589
6.04783 6.09178 0.0205589
6.04783 6.09178 0.0205589
6.04783 6.09178 0.0205589
6.04783 6.09178 0.0205589
6.04783 6.09178 0.0205589
6.04783 6.09178 0.0205589
6.04783 6.09178 0.0205589
6.04783 6.09178 0.0205589
6.04783 6.09178 0.0205589
6.04783 6.09178 0.0205589
6.00667 5.97816 0.00289481
6.00667 5.97816 0.00289481
6.0679 5.82756 -0.00250895
6.58391 5.82938 0.00352092
6.58391 5.82938 0.00352092
6.58391 5.82938 0.00352092
6.58391 5.82938 0.00352092
6.58391 5.82938 0.00352092
6.58391 5.82938 0.00352092
5.91241 6.04484 0.000465257
5.91241 6.04484 0.000465257
5.91241 6.04484 0.000465257
5.91241 6.04484 0.000465257
5.91241 6.04484 0.000465257
6.17673 5.96018 -0.00356271
6.17673 5.96018 -0.00356271
6.17673 5.96018 -0.00356271
6.17673 5.96018 -0.00356271
6.17673 5.96018 -0.00356271
6.17673 5.96018 -0.00356271
6.17673 5.96018 -0.00356271
6.17673 5.96018 -0.00356271
6.17673 5.96018 -0.00356271
6.17673 5.96018 -0.00356271
6.17673 5.96018 -0.00356271
6.59607 5.89542 0.0060963
6.59607 5.89542 0.0060963
6.74331 6.39611 0.00730086
6.74331 6.39611 0.00730086
6.74331 6.39611 0.00730086
6.74331 6.39611 0.00730086
6.74331 6.39611 0.00730086
6.47709 6.10878 0.01017
6.47709 6.10878 0.01017
6.47709 6.10878 0.01017
6.47709 6.10878 0.01017
6.47709 6.10878 0.01017
6.47709 6.10878 0.01017
6.47709 6.10878 0.01017
6.47709 6.10878 0.01017
6.47709 6.10878 0.01017
6.47709 6.10878 0.01017
6.47709 6.10878 0.01017
6.47709 6.10878 0.01017
6.47709 6.10878 0.01017
6.47709 6.10878 0.01017
6.47709 6.10878 0.01017
6.47709 6.10878 0.01017
6.47709 6.10878 0.01017
6.47709 6.10878 0.01017
6.47709 6.10878 0.01017
6.47709 6.10878 0.01017
6.47709 6.10878 0.01017
6.47709 6.10878 0.01017
6.47709 6.10878 0.01017
6.57431 6.71006 -0.00332545
6.57431 6.71006 -0.00332545
6.57431 6.71006 -0.00332545
6.57431 6.71006 -0.00332545
6.57431 6.71006 -0.00332545
6.57431 6.71006 -0.00332545
6.57431 6.71006 -0.00332545
6.57431 6.71006 -0.00332545
6.19817 6.48035 -0.00329855
6.19817 6.48035 -0.00329855
5.94049 6.50248 0.009852
5.94049 6.50248 0.009852
6.33956 6.00027 0.00559225
5.73993 5.77686 -0.00498431
5.73993 5.77686 -0.00498431
5.73993 5.77686 -0.00498431
5.73993 5.77686 -0.00498431
6.00299 6.42784 -0.00712312
6.00299 6.42784 -0.00712312
6.00299 6.42784 -0.00712312
6.00299 6.42784 -0.00712312
6.00299 6.42784 -0.00712312
6.00299 6.42784 -0.00712312
6.00299 6.42784 -0.00712312
6.00299 6.42784 -0.00712312
6.00299 6.42784 -0.00712312
6.5472 6.21999 0.00469693
6.5472 6.21999 0.00469693
6.5472 6.21999 0.00469693
6.5472 6.21999 0.00469693
6.5472 6.21999 0.00469693
6.5472 6.21999 0.00469693
5.8125 6.71327 -0.00326448
5.8125 6.71327 -0.00326448
6.04035 6.44712 0.0152168
6.04035 6.44712 0.0152168
6.04035 6.44712 0.0152168
6.04035 6.44712 0.0152168
6.04035 6.44712 0.0152168
6.04035 6.44712 0.0152168
6.04035 6.44712 0.0152168
6.04035 6.44712 0.0152168
6.04035 6.44712 0.0152168
5.87295 5.80043 0.00865663
5.87295 5.80043 0.00865663
5.87295 5.80043 0.00865663
5.87295 5.80043 0.00865663
5.87295 5.80043 0.00865663
5.87295 5.80043 0.00865663
5.87295 5.80043 0.00865663
5.87295 5.80043 0.00865663
5.87295 5.80043 0.00865663
6.23755 6.91737 -0.0035252
6.23755 6.91737 -0.0035252
6.23755 6.91737 -0.0035252
6.23755 6.91737 -0.0035252
6.23755 6.91737 -0.0035252
6.48301 6.31336 0.00958211
6.48301 6.31336 0.00958211
6.48301 6.31336 0.00958211
6.48301 6.31336 0.00958211
6.48301 6.31336 0.00958211
6.48301 6.31336 0.00958211
6.14222 6.39929 -0.00522199
6.14222 6.39929 -0.00522199
6.14222 6.39929 -0.00522199
6.14222 6.39929 -0.00522199
6.14222 6.39929 -0.00522199
6.28687 6.73979 -0.00597567
6.28687 6.73979 -0.00597567
6.28687 6.73979 -0.00597567
6.28687 6.73979 -0.00597567
6.28687 6.73979 -0.00597567
6.28687 6.73979 -0.00597567
6.28687 6.73979 -0.00597567
6.28687 6.73979 -0.00597567
6.28687 6.73979 -0.00597567
6.28687 6.73979 -0.00597567
6.28687 6.73979 -0.00597567
6.28687 6.73979 -0.00597567
6.28687 6.73979 -0.00597567
6.77094 6.28492 0.0111073
6.77094 6.28492 0.0111073
6.77094 6.28492 0.0111073
6.77094 6.28492 0.0111073
6.77094 6.28492 0.0111073
6.77094 6.28492 0.0111073
6.77094 6.28492 0.0111073
6.77094 6.28492 0.0111073
6.77094 6.28492 0.0111073
6.77094 6.28492 0.0111073
6.77094 6.28492 0.0111073
5.7035 6.69035 0.016265
6.73144 6.57395 0.0153207
6.48575 6.29434 0.0030314
6.48575 6.29434 0.0030314
6.48575 6.29434 0.0030314
6.10382 6.11323 -0.00799342
6.27471 6.59936 -0.00799855
6.27471 6.59936 -0.00799855
6.27471 6.59936 -0.00799855
6.27471 6.59936 -0.00799855
6.27471 6.59936 -0.00799855
6.63138 6.21764 -0.0159746
6.63138 6.21764 -0.0159746
6.63138 6.21764 -0.0159746
6.5937 6.20199 0.00201557
6.5937 6.20199 0.00201557
6.5937 6.20199 0.00201557
6.5937 6.20199 0.00201557
6.5937 6.20199 0.00201557
6.5937 6.20199 0.00201557
6.5937 6.20199 0.00201557
6.5937 6.20199 0.00201557
6.5937 6.20199 0.00201557
6.5937 6.20199 0.00201557
6.5937 6.20199 0.00201557
6.5937 6.20199 0.00201557
6.5937 6.20199 0.00201557
7.42511 8.39892 0.312969
7.42511 8.39892 0.312969
7.42511 8.39892 0.312969
7.42511 8.39892 0.312969
7.42511 8.39892 0.312969
7.42511 8.39892 0.312969
7.42511 8.39892 0.312969
7.55767 7.61498 0.323017
7.55767 7.61498 0.323017
7.55767 7.61498 0.323017
7.55767 7.61498 0.323017
7.9581 7.93618 0.329293
7.9581 7.93618 0.329293
7.9581 7.93618 0.329293
7.2346 7.94937 0.334981
7.2346 7.94937 0.334981
7.2346 7.94937 0.334981
7.2346 7.94937 0.334981
7.2346 7.94937 0.334981
7.2346 7.94937 0.334981
7.2346 7.94937 0.334981
7.2346 7.94937 0.334981
7.2346 7.94937 0.334981
7.87507 7.58476 0.32028
7.86638 7.54547 0.324176
7.86638 7.54547 0.324176
7.86638 7.54547 0.324176
7.53925 7.6216 0.331086
7.53925 7.6216 0.331086
7.53925 7.6216 0.331086
7.56987 7.36688 0.323504
7.56987 7.36688 0.323504
7.56987 7.36688 0.323504
7.56987 7.36688 0.323504
7.56987 7.36688 0.323504
7.56987 7.36688 0.323504
7.56987 7.36688 0.323504
7.76065 7.77074 0.329108
7.48773 7.44614 0.318896
8.30623 7.55707 0.325364
8.30623 7.55707 0.325364
8.30623 7.55707 0.325364
8.11728 7.63699 0.327997
8.11728 7.63699 0.327997
8.11728 7.63699 0.327997
8.11728 7.63699 0.327997
8.11728 7.63699 0.327997
8.11728 7.63699 0.327997
8.11728 7.63699 0.327997
8.11728 7.63699 0.327997
8.11728 7.63699 0.327997
8.11728 7.63699 0.327997
7.49205 7.76084 0.317134
7.92974 7.88033 0.326269
7.92974 7.88033 0.326269
8.02536 7.9405 0.345808
8.02536 7.9405 0.345808
8.02536 7.9405 0.345808
8.02536 7.9405 0.345808
8.02536 7.9405 0.345808
8.02536 7.9405 0.345808
7.87644 8.13229 0.328541
7.87644 8.13229 0.328541
7.87644 8.13229 0.328541
7.87644 8.13229 0.328541
7.32224 7.99772 0.332009
7.32224 7.99772 0.332009
8.17224 7.76124 0.321647
8.17224 7.76124 0.321647
8.17224 7.76124 0.321647
8.17224 7.76124 0.321647
8.28754 7.23624 0.313902
8.28754 7.23624 0.313902
8.28754 7.23624 0.313902
8.28754 7.23624 0.313902
8.28754 7.23624 0.313902
7.6627 7.7909 0.339863
7.6627 7.7909 0.339863
7.6627 7.7909 0.339863
7.6627 7.7909 0.339863
7.6627 7.7909 0.339863
7.6627 7.7909 0.339863
7.6627 7.7909 0.339863
7.6627 7.7909 0.339863
7.59739 7.9104 0.334844
7.59739 7.9104 0.334844
7.59739 7.9104 0.334844
7.59739 7.9104 0.334844
7.59739 7.9104 0.334844
7.59739 7.9104 0.334844
8.27173 8.09306 0.317779
7.44992 7.51319 0.32357
7.44992 7.51319 0.32357
7.44992 7.51319 0.32357
7.39804 7.7424 0.334387
7.39804 7.7424 0.334387
7.39804 7.7424 0.334387
7.39804 7.7424 0.334387
7.88621 6.9914 0.328226
7.88621 6.9914 0.328226
7.88621 6.9914 0.328226
7.88621 6.9914 0.328226
7.88621 6.9914 0.328226
7.88621 6.9914 0.328226
7.88621 6.9914 0.328226
7.88621 6.9914 0.328226
7.88621 6.9914 0.328226
7.88621 6.9914 0.328226
7.88621 6.9914 0.328226
7.88621 6.9914 0.328226
7.88621 6.9914 0.328226
7.88621 6.9914 0.328226
7.88621 6.9914 0.328226
7.25525 7.55084 0.315681
7.25525 7.55084 0.315681
7.25525 7.55084 0.315681
7.86255 8.63479 0.311321
7.86255 8.63479 0.311321
7.86255 8.63479 0.311321
7.86255 8.63479 0.311321
7.86255 8.63479 0.311321
7.81917 7.60482 0.32329
7.81917 7.60482 0.32329
7.55609 7.77759 0.33376
7.55609 7.77759 0.33376
7.55609 7.77759 0.33376
7.55609 7.77759 0.33376
7.55609 7.77759 0.33376
7.55609 7.77759 0.33376
7.55609 7.77759 0.33376
7.55609 7.77759 0.33376
7.67973 7.6789 0.342639
7.83489 6.55377 0.320072
7.83489 6.55377 0.320072
7.2037 7.28261 0.327489
7.2037 7.28261 0.327489
7.2037 7.28261 0.327489
7.75672 7.97408 0.31295
7.75672 7.97408 0.31295
7.75672 7.97408 0.31295
7.75672 7.97408 0.31295
7.75672 7.97408 0.31295
7.75672 7.97408 0.31295
7.75672 7.97408 0.31295
7.75672 7.97408 0.31295
7.75672 7.97408 0.31295
7.92918 8.00931 0.320048
7.92918 8.00931 0.320048
9.5095 9.29155 0.293507
9.5095 9.29155 0.293507
10.0517 9.25034 0.325479
9.46491 9.25164 0.306353
9.46491 9.25164 0.306353
9.46491 9.25164 0.306353
9.46491 9.25164 0.306353
9.46491 9.25164 0.306353
9.46491 9.25164 0.306353
9.46491 9.25164 0.306353
9.46491 9.25164 0.306353
9.60021 9.04906 0.316828
9.60021 9.04906 0.316828
9.60021 9.04906 0.316828
9.60021 9.04906 0.316828
9.60021 9.04906 0.316828
9.05453 10.0486 0.318323
9.62922 9.19277 0.310124
9.08989 9.54493 0.316284
9.08989 9.54493 0.316284
9.08989 9.54493 0.316284
9.08989 9.54493 0.316284
9.08989 9.54493 0.316284
9.08989 9.54493 0.316284
9.40639 9.82427 0.324326
9.76696 9.03488 0.293269
9.71596 9.98433 0.307507
9.71596 9.98433 0.307507
9.7845 9.66128 0.309121
9.7845 9.66128 0.309121
9.7845 9.66128 0.309121
9.7845 9.66128 0.309121
9.7845 9.66128 0.309121
9.7845 9.66128 0.309121
9.7845 9.66128 0.309121
9.7845 9.66128 0.309121
9.69104 9.49199 0.3331
9.69104 9.49199 0.3331
9.69104 9.49199 0.3331
9.61155 9.32024 0.329048
9.61155 9.32024 0.329048
9.61155 9.32024 0.329048
9.61155 9.32024 0.329048
9.61155 9.32024 0.329048
9.61155 9.32024 0.329048
9.61155 9.32024 0.329048
9.61155 9.32024 0.329048
9.88727 9.21444 0.311017
9.33721 9.41968 0.317157
9.33721 9.41968 0.317157
9.33721 9.41968 0.317157
9.33721 9.41968 0.317157
9.33721 9.41968 0.317157
9.28477 9.73353 0.32942
9.28477 9.73353 0.32942
9.28477 9.73353 0.32942
9.78041 9.33975 0.305946
9.78041 9.33975 0.305946
9.04897 9.90998 0.327613
9.04897 9.90998 0.327613
9.04897 9.90998 0.327613
9.04897 9.90998 0.327613
9.04897 9.90998 0.327613
9.04897 9.90998 0.327613
9.04897 9.90998 0.327613
9.04897 9.90998 0.327613
9.04897 9.90998 0.327613
9.04897 9.90998 0.327613
9.04897 9.90998 0.327613
9.78047 9.3397 0.309124
9.78047 9.3397 0.309124
9.78047 9.3397 0.309124
9.78047 9.3397 0.309124
9.78047 9.3397 0.309124
9.78047 9.3397 0.309124
9.52668 9.23762 0.313123
9.52668 9.23762 0.313123
9.57884 10.0416 0.325143
9.57884 10.0416 0.325143
9.57884 10.0416 0.325143
9.48025 9.66198 0.314125
9.48025 9.66198 0.314125
9.39082 9.53741 0.320022
9.66568 9.68877 0.318726
9.66568 9.68877 0.318726
9.66568 9.68877 0.318726
9.66568 9.68877 0.318726
9.66568 9.68877 0.318726
9.66568 9.68877 0.318726
9.80013 9.36481 0.31301
9.80013 9.36481 0.31301
9.80013 9.36481 0.31301
9.186 10.4676 0.325476
9.63989 9.57621 0.31659
9.63989 9.57621 0.31659
9.63989 9.57621 0.31659
9.63989 9.57621 0.31659
9.63989 9.57621 0.31659
9.63989 9.57621 0.31659
9.63989 9.57621 0.31659
9.63989 9.57621 0.31659
9.63989 9.57621 0.31659
9.63989 9.57621 0.31659
10.2421 9.40754 0.324987
10.2421 9.40754 0.324987
10.2421 9.40754 0.324987
9.32752 10.1122 0.323782
9.32752 10.1122 0.323782
9.7202 9.55567 0.31112
9.7202 9.55567 0.31112
9.65884 8.8831 0.327211
9.65884 8.8831 0.327211
9.65884 8.8831 0.327211
9.27304 9.46044 0.3131
9.27304 9.46044 0.3131
9.27304 9.46044 0.3131
9.27304 9.46044 0.3131
9.27304 9.46044 0.3131
9.16892 9.27342 0.324134
9.25764 9.32982 0.312597
9.87451 10.0405 0.328504
9.87451 10.0405 0.328504
9.73118 9.46203 0.317421
9.73118 9.46203 0.317421
9.54672 9.24806 0.309403
9.54672 9.24806 0.309403
9.54672 9.24806 0.309403
9.54672 9.24806 0.309403
9.54672 9.24806 0.309403
9.54672 9.24806 0.309403
9.54672 9.24806 0.309403
9.54672 9.24806 0.309403
9.54672 9.24806 0.309403
9.54672 9.24806 0.309403
9.54672 9.24806 0.309403
9.57553 9.4327 0.330833
9.57553 9.4327 0.330833
9.57553 9.4327 0.330833
9.57553 9.4327 0.330833
9.88548 9.12423 0.338068
9.57777 9.33778 0.332346
9.57777 9.33778 0.332346
9.57777 9.33778 0.332346
9.58837 9.03993 0.310859
9.27735 10.1423 0.321072
9.27735 10.1423 0.321072
9.27735 10.1423 0.321072
9.27735 10.1423 0.321072
9.27735 10.1423 0.321072
9.61044 9.38569 0.320441
9.61044 9.38569 0.320441
9.62373 9.38384 0.30848
9.62373 9.38384 0.30848
9.62373 9.38384 0.30848
9.62373 9.38384 0.30848
9.22907 9.17632 0.315232
9.22907 9.17632 0.315232
9.36123 9.81399 0.31515
10.1311 9.50513 0.302964
10.1311 9.50513 0.302964
10.1311 9.50513 0.302964
10.1311 9.50513 0.302964
10.1311 9.50513 0.302964
10.1311 9.50513 0.302964
10.1311 9.50513 0.302964
10.1311 9.50513 0.302964
10.1311 9.50513 0.302964
9.75286 9.26042 0.329249
9.75286 9.26042 0.329249
9.75286 9.26042 0.329249
9.75286 9.26042 0.329249
9.75286 9.26042 0.329249
9.50911 9.85037 0.296076
9.50911 9.85037 0.296076
9.50911 9.85037 0.296076
9.50911 9.85037 0.296076
9.50911 9.85037 0.296076
9.4443 9.7605 0.312772
9.4443 9.7605 0.312772
9.49881 9.06109 0.303219
9.49881 9.06109 0.303219
9.49881 9.06109 0.303219
9.45289 9.52532 0.323288
9.45289 9.52532 0.323288
9.45289 9.52532 0.323288
9.45289 9.52532 0.323288
9.82654 10.2438 0.311654
9.82654 10.2438 0.311654
9.81743 9.10706 0.31983
9.81743 9.10706 0.31983
9.81743 9.10706 0.31983
9.25701 10.0187 0.344962
9.25701 10.0187 0.344962
9.25701 10.0187 0.344962
9.25701 10.0187 0.344962
9.25701 10.0187 0.344962
9.25701 10.0187 0.344962
9.25701 10.0187 0.344962
9.25701 10.0187 0.344962
9.76138 9.89714 0.32599
9.76138 9.89714 0.32599
9.76138 9.89714 0.32599
9.76138 9.89714 0.32599
9.76138 9.89714 0.32599
9.76138 9.89714 0.32599
9.76138 9.89714 0.32599
9.35319 9.38124 0.312877
9.35319 9.38124 0.312877
9.35319 9.38124 0.312877
9.35319 9.38124 0.312877
9.35319 9.38124 0.312877
9.35319 9.38124 0.312877
9.67925 9.68425 0.335741
9.67925 9.68425 0.335741
9.67925 9.68425 0.335741
9.67925 9.68425 0.335741
9.67925 9.68425 0.335741
9.67925 9.68425 0.335741
9.67925 9.68425 0.335741
9.67925 9.68425 0.335741
9.46214 9.59554 0.302978
9.6413 9.21484 0.297277
9.6413 9.21484 0.297277
8.81986 9.49403 0.302853
8.81986 9.49403 0.302853
8.81986 9.49403 0.302853
8.81986 9.49403 0.302853
8.81986 9.49403 0.302853
8.81986 9.49403 0.302853
8.81986 9.49403 0.302853
8.81986 9.49403 0.302853
8.81986 9.49403 0.302853
8.81986 9.49403 0.302853
9.34803 10.2447 0.318354
9.34803 10.2447 0.318354
9.34803 10.2447 0.318354
9.47101 8.9965 0.31505
9.4732 9.70335 0.316044
9.4732 9.70335 0.316044
9.4732 9.70335 0.316044
9.4732 9.70335 0.316044
9.4732 9.70335 0.316044
9.4732 9.70335 0.316044
9.4732 9.70335 0.316044
9.4732 9.70335 0.316044
9.4732 9.70335 0.316044
9.4732 9.70335 0.316044
9.4732 9.70335 0.316044
11.9184 11.5574 0.298162
11.2092 11.4909 0.29835
11.2092 11.4909 0.29835
11.2092 11.4909 0.29835
11.2092 11.4909 0.29835
11.2092 11.4909 0.29835
11.2092 11.4909 0.29835
11.2092 11.4909 0.29835
11.2092 11.4909 0.29835
11.3894 11.4756 0.315534
11.5644 11.5656 0.313492
11.5644 11.5656 0.313492
11.4333 11.0367 0.307905
11.4333 11.0367 0.307905
11.4333 11.0367 0.307905
11.4333 11.0367 0.307905
11.4333 11.0367 0.307905
11.4333 11.0367 0.307905
11.4333 11.0367 0.307905
11.4333 11.0367 0.307905
11.4333 11.0367 0.307905
11.4333 11.0367 0.307905
11.5183 11.7051 0.308336
11.3843 11.136 0.306025
11.3843 11.136 0.306025
11.3843 11.136 0.306025
11.3843 11.136 0.306025
11.3547 11.6168 0.291234
11.1411 11.6223 0.309932
11.1411 11.6223 0.309932
11.1411 11.6223 0.309932
6.5455 6.29405 0.327496
6.5455 6.29405 0.327496
6.5455 6.29405 0.327496
6.5455 6.29405 0.327496
6.5455 6.29405 0.327496
6.5455 6.29405 0.327496
6.5455 6.29405 0.327496
6.5455 6.29405 0.327496
6.5455 6.29405 0.327496
6.5455 6.29405 0.327496
6.5455 6.29405 0.327496
6.5455 6.29405 0.327496
6.5455 6.29405 0.327496
6.5455 6.29405 0.327496
6.5455 6.29405 0.327496
6.5455 6.29405 0.327496
6.5455 6.29405 0.327496
6.53326 6.50798 0.330492
6.47624 6.34326 0.332651
6.47624 6.34326 0.332651
6.27847 6.00654 0.319299
6.27847 6.00654 0.319299
6.27847 6.00654 0.319299
6.27847 6.00654 0.319299
6.27847 6.00654 0.319299
6.27847 6.00654 0.319299
6.09565 6.81358 0.308536
6.09565 6.81358 0.308536
6.11161 6.41993 0.313167
6.11161 6.41993 0.313167
6.11161 6.41993 0.313167
6.11161 6.41993 0.313167
6.11161 6.41993 0.313167
6.7086 6.40736 0.306875
6.7086 6.40736 0.306875
6.7086 6.40736 0.306875
6.7086 6.40736 0.306875
6.7086 6.40736 0.306875
6.7086 6.40736 0.306875
6.7086 6.40736 0.306875
6.7086 6.40736 0.306875
6.7086 6.40736 0.306875
6.7086 6.40736 0.306875
6.7086 6.40736 0.306875
6.7086 6.40736 0.306875
6.7086 6.40736 0.306875
6.7086 6.40736 0.306875
6.7086 6.40736 0.306875
6.64815 6.20779 0.332823
6.64815 6.20779 0.332823
6.64815 6.20779 0.332823
6.64815 6.20779 0.332823
6.64815 6.20779 0.332823
6.74333 6.33421 0.294801
6.74333 6.33421 0.294801
6.74333 6.33421 0.294801
6.74333 6.33421 0.294801
6.74333 6.33421 0.294801
6.74333 6.33421 0.294801
6.74333 6.33421 0.294801
6.74333 6.33421 0.294801
6.29855 5.99771 0.307713
8.04062 7.65883 0.330328
8.04062 7.65883 0.330328
8.04062 7.65883 0.330328
7.56066 7.66569 0.335226
7.56066 7.66569 0.335226
7.56066 7.66569 0.335226
7.56066 7.66569 0.335226
8.08169 8.49595 0.324035
8.08169 8.49595 0.324035
8.40402 7.88904 0.306519
8.40402 7.88904 0.306519
5.79833 6.56081 0.316339
5.79833 6.56081 0.316339
5.79833 6.56081 0.316339
6.29548 6.35448 0.308294
6.29548 6.35448 0.308294
6.12226 6.62412 0.312025
6.12226 6.62412 0.312025
6.12226 6.62412 0.312025
6.19973 6.42131 0.286422
6.19973 6.42131 0.286422
6.19973 6.42131 0.286422
6.19973 6.42131 0.286422
6.19973 6.42131 0.286422
6.19973 6.42131 0.286422
6.19973 6.42131 0.286422
6.19973 6.42131 0.286422
6.19973 6.42131 0.286422
6.19973 6.42131 0.286422
6.19973 6.42131 0.286422
6.19973 6.42131 0.286422
6.19973 6.42131 0.286422
6.19973 6.42131 0.286422
6.19973 6.42131 0.286422
6.19973 6.42131 0.286422
6.19973 6.42131 0.286422
6.19973 6.42131 0.286422
6.31702 6.26177 0.328653
6.31702 6.26177 0.328653
6.34454 6.11268 0.301483
6.34454 6.11268 0.301483
6.34454 6.11268 0.301483
6.34454 6.11268 0.301483
6.34454 6.11268 0.301483
6.34454 6.11268 0.301483
6.34454 6.11268 0.301483
6.25724 6.06134 0.310622
6.25724 6.06134 0.310622
6.65951 6.312 0.306971
6.65951 6.312 0.306971
6.65951 6.312 0.306971
6.65951 6.312 0.306971
6.65951 6.312 0.306971
6.65951 6.312 0.306971
6.6024 6.19172 0.325415
6.6024 6.19172 0.325415
6.32165 6.31136 0.322393
6.32165 6.31136 0.322393
6.32165 6.31136 0.322393
5.79895 6.35468 0.314323
5.79895 6.35468 0.314323
5.79895 6.35468 0.314323
5.79895 6.35468 0.314323
5.51925 6.54841 -0.0106684
5.51925 6.54841 -0.0106684
5.51925 6.54841 -0.0106684
5.51925 6.54841 -0.0106684
5.51925 6.54841 -0.0106684
5.51925 6.54841 -0.0106684
11.2564 11.0736 0.305389
11.2564 11.0736 0.305389
11.2564 11.0736 0.305389
10.378 10.2374 0.288076
10.378 10.2374 0.288076
10.378 10.2374 0.288076
10.378 10.2374 0.288076
10.378 10.2374 0.288076
10.568 10.6739 0.312579
10.568 10.6739 0.312579
10.568 10.6739 0.312579
10.568 10.6739 0.312579
10.937 11.3203 0.317908
10.937 11.3203 0.317908
10.937 11.3203 0.317908
10.937 11.3203 0.317908
10.937 11.3203 0.317908
10.4353 10.7387 0.295782
10.8392 10.1093 0.318334
10.9786 11.0713 0.313281
10.9786 11.0713 0.313281
10.9786 11.0713 0.313281
10.9786 11.0713 0.313281
10.9786 11.0713 0.313281
10.9786 11.0713 0.313281
10.1506 10.315 0.297157
10.1506 10.315 0.297157
10.1506 10.315 0.297157
10.1506 10.315 0.297157
10.1506 10.315 0.297157
10.1506 10.315 0.297157
10.1278 10.0854 0.307903
10.1278 10.0854 0.307903
10.1278 10.0854 0.307903
10.1278 10.0854 0.307903
10.1278 10.0854 0.307903
10.1278 10.0854 0.307903
10.1278 10.0854 0.307903
10.981 9.80138 0.297542
10.4893 10.3684 0.313712
10.4893 10.3684 0.313712
9.95661 10.7169 0.302543
9.95661 10.7169 0.302543
10.0405 10.3015 0.320336
10.0405 10.3015 0.320336
10.0405 10.3015 0.320336
10.0405 10.3015 0.320336
10.7226 10.5224 0.291372
10.7226 10.5224 0.291372
10.7226 10.5224 0.291372
10.7226 10.5224 0.291372
10.7226 10.5224 0.291372
10.3529 10.0516 0.298707
9.7687 10.3585 0.312274
9.7687 10.3585 0.312274
9.7687 10.3585 0.312274
9.7687 10.3585 0.312274
9.7687 10.3585 0.312274
9.79905 10.7202 0.312757
9.79905 10.7202 0.312757
9.79905 10.7202 0.312757
9.79905 10.7202 0.312757
9.79905 10.7202 0.312757
6.29179 6.76115 0.324705
6.29179 6.76115 0.324705
6.04959 5.9256 0.336923
6.65796 6.10279 0.314698
6.65796 6.10279 0.314698
6.65796 6.10279 0.314698
6.65796 6.10279 0.314698
6.65796 6.10279 0.314698
6.65796 6.10279 0.314698
6.65796 6.10279 0.314698
6.65796 6.10279 0.314698
6.65796 6.10279 0.314698
6.65796 6.10279 0.314698
6.65796 6.10279 0.314698
6.65796 6.10279 0.314698
6.65796 6.10279 0.314698
7.07164 6.70849 0.291529
7.07164 6.70849 0.291529
7.07164 6.70849 0.291529
7.07164 6.70849 0.291529
7.07164 6.70849 0.291529
7.07164 6.70849 0.291529
7.07164 6.70849 0.291529
7.07164 6.70849 0.291529
7.07164 6.70849 0.291529
7.07164 6.70849 0.291529
7.07164 6.70849 0.291529
7.07164 6.70849 0.291529
7.07164 6.70849 0.291529
7.07164 6.70849 0.291529
7.07164 6.70849 0.291529
7.93305 8.57611 0.325545
7.93305 8.57611 0.325545
7.93305 8.57611 0.325545
7.93305 8.57611 0.325545
7.93305 8.57611 0.325545
8.04567 8.0016 0.312574
8.04567 8.0016 0.312574
8.04567 8.0016 0.312574
8.04567 8.0016 0.312574
8.04567 8.0016 0.312574
7.89681 8.03177 0.308072
7.89681 8.03177 0.308072
7.92345 7.7345 0.307983
8.24067 8.07486 0.3137
8.29265 8.36911 0.310468
8.29265 8.36911 0.310468
8.29265 8.36911 0.310468
8.29265 8.36911 0.310468
8.29265 8.36911 0.310468
8.29265 8.36911 0.310468
8.29265 8.36911 0.310468
8.29265 8.36911 0.310468
8.29265 8.36911 0.310468
8.29265 8.36911 0.310468
8.29265 8.36911 0.310468
8.29265 8.36911 0.310468
8.29265 8.36911 0.310468
8.29265 8.36911 0.310468
8.32496 8.20892 0.329611
8.32496 8.20892 0.329611
8.35208 7.99052 0.319232
8.35208 7.99052 0.319232
8.35208 7.99052 0.319232
8.35208 7.99052 0.319232
8.35208 7.99052 0.319232
8.35208 7.99052 0.319232
8.35208 7.99052 0.319232
8.35208 7.99052 0.319232
8.18908 7.89604 0.314688
8.18908 7.89604 0.314688
8.18908 7.89604 0.314688
8.67296 8.16803 0.30998
8.67296 8.16803 0.30998
8.67296 8.16803 0.30998
