5.95039 6.71278 0.00192008
6.29217 6.34845 0.315809
7.67132 8.50239 0.320505
6.60168 6.55829 -0.00513132
8.23837 8.66738 0.310123
7.98755 8.64254 0.324183
7.64894 8.05518 0.34052
6.41392 6.84292 0.31191
8.47849 8.40586 0.311079
9.60664 8.87602 0.319194
10.7409 10.57 0.300085
8.18267 7.85323 0.331601
6.36729 6.45741 -0.0145954
8.67818 8.51011 0.324408
10.1331 10.7881 0.317519
5.79507 6.58689 0.31671
7.88281 7.67606 0.310117
9.27978 8.51811 0.309053
7.83027 7.49241 0.333394
10.2699 10.5351 0.309118
6.29217 6.34845 0.315809
9.43432 9.13657 0.324886
10.5016 9.95256 0.308835
9.22828 9.25309 0.302213
10.0909 10.4673 0.30566
7.51105 8.10972 0.316003
7.70532 7.53725 0.329441
9.54755 8.63614 0.334419
8.63151 8.34205 0.326626
7.67674 7.38691 0.326832
6.41392 6.84292 0.31191
6.12699 6.26278 -0.00087697
7.32288 7.86367 0.329727
7.67994 7.94511 0.320122
9.38817 9.19904 0.313763
6.41392 6.84292 0.31191
7.95748 7.17648 0.31124
8.28278 8.20531 0.31198
8.62957 9.24518 0.309612
9.38676 9.21869 0.309483
6.01834 6.25177 0.000834648
6.29217 6.34845 0.315809
8.83371 8.62696 0.310528
8.49663 8.32881 0.303056
7.7512 6.83979 0.337838
9.28337 8.84325 0.305543
6.31814 6.16202 -0.0246146
9.75382 8.97282 0.30782
9.22828 9.25309 0.302213
6.31616 5.70639 0.00991534
8.29573 8.83653 0.324694
9.49142 9.77101 0.309157
6.26867 7.09974 0.304316
7.61602 7.31827 0.33375
10.1584 10.0581 0.330834
9.94721 9.77637 0.30767
9.80397 10.1195 0.309812
9.18207 9.28344 0.290651
5.88158 6.36862 0.302299
8.10812 8.84108 0.344488
9.14651 8.70639 0.294448
6.12699 6.26278 -0.00087697
10.385 10.1523 0.301174
10.2537 9.838 0.294279
10.1584 10.0581 0.330834
6.29217 6.34845 0.315809
6.12586 6.61248 0.306929
5.95039 6.71278 0.00192008
8.63151 8.34205 0.326626
6.99864 7.06876 0.297021
7.32288 7.86367 0.329727
6.1631 6.81809 0.32597
6.61015 6.50989 0.321309
7.94892 8.07917 0.327881
9.5833 9.08221 0.310186
6.41392 6.84292 0.31191
7.32288 7.86367 0.329727
9.41646 9.39438 0.306127
8.6218 9.02804 0.335487
9.41646 9.39438 0.306127
10.3359 10.2872 0.307543
7.22063 7.98632 0.332594
5.88158 6.36862 0.302299
9.30085 9.4311 0.328802
7.93144 7.49132 0.304623
9.41297 9.71531 0.324011
6.99864 7.06876 0.297021
10.3412 9.42977 0.326834
6.9316 7.35071 0.306713
9.54755 8.63614 0.334419
7.47168 7.7051 0.325318
9.24185 9.29449 0.301483
6.17317 6.44682 0.306846
6.60168 6.55829 -0.00513132
6.4195 6.29928 0.00329886
9.877 9.52748 0.313101
7.51105 8.10972 0.316003
8.08239 7.78463 0.323966
6.29217 6.34845 0.315809
7.63976 7.62805 0.315334
8.87347 9.21034 0.314399
8.87347 9.21034 0.314399
8.87347 9.21034 0.314399
9.86575 9.78506 0.313291
9.86575 9.78506 0.313291
9.60664 8.87602 0.319194
9.60664 8.87602 0.319194
9.58764 9.63468 0.316034
9.58764 9.63468 0.316034
9.58764 9.63468 0.316034
9.94721 9.77637 0.30767
9.36472 9.26447 0.338418
9.36472 9.26447 0.338418
9.58977 9.43365 0.291005
9.5903 10.0193 0.311043
9.5903 10.0193 0.311043
9.58697 9.62565 0.33577
9.58697 9.62565 0.33577
9.28712 9.75771 0.320932
9.28712 9.75771 0.320932
9.28712 9.75771 0.320932
9.74046 9.75854 0.314759
9.74046 9.75854 0.314759
9.74046 9.75854 0.314759
9.63471 9.55724 0.3129
9.63471 9.55724 0.3129
9.28997 9.5234 0.316454
9.28997 9.5234 0.316454
9.29722 9.67368 0.313245
9.29722 9.67368 0.313245
9.75382 8.97282 0.30782
9.75321 9.82333 0.314131
9.75321 9.82333 0.314131
9.01033 9.32583 0.317396
9.01033 9.32583 0.317396
9.89382 9.52452 0.327168
9.46002 9.04436 0.301863
9.64173 9.48707 0.295876
9.69113 9.57091 0.318918
9.87331 9.82992 0.310488
9.40003 9.36702 0.305032
9.62012 9.86091 0.303511
9.62012 9.86091 0.303511
9.62012 9.86091 0.303511
9.82896 10.2598 0.316662
9.68618 10.1053 0.323822
9.68618 10.1053 0.323822
9.68618 10.1053 0.323822
9.54755 8.63614 0.334419
9.54755 8.63614 0.334419
9.54755 8.63614 0.334419
9.47501 10.0906 0.305782
9.58779 8.97802 0.325534
9.58779 8.97802 0.325534
8.97439 8.90312 0.318504
8.78117 8.44332 0.333806
8.78117 8.44332 0.333806
8.78117 8.44332 0.333806
8.78117 8.44332 0.333806
8.56753 8.86987 0.327842
8.56753 8.86987 0.327842
9.03156 8.68204 0.316932
9.03156 8.68204 0.316932
9.03156 8.68204 0.316932
9.03156 8.68204 0.316932
9.03156 8.68204 0.316932
9.03156 8.68204 0.316932
9.03156 8.68204 0.316932
8.99951 8.27043 0.327754
8.83848 8.66385 0.324939
8.83848 8.66385 0.324939
8.23738 8.63389 0.329193
8.23738 8.63389 0.329193
8.23738 8.63389 0.329193
8.67375 9.01062 0.318204
8.67375 9.01062 0.318204
8.99875 8.80327 0.33306
8.94712 8.96537 0.312364
8.94712 8.96537 0.312364
8.94712 8.96537 0.312364
8.94712 8.96537 0.312364
8.94712 8.96537 0.312364
8.94712 8.96537 0.312364
8.90084 7.81113 0.333236
8.90084 7.81113 0.333236
8.29573 8.83653 0.324694
8.83371 8.62696 0.310528
8.45681 8.94342 0.309893
8.45681 8.94342 0.309893
8.17153 8.93722 0.333005
8.17153 8.93722 0.333005
8.17153 8.93722 0.333005
8.68916 8.35972 0.336352
8.71541 8.62367 0.326965
8.71541 8.62367 0.326965
8.71541 8.62367 0.326965
8.7612 8.03058 0.323025
8.7612 8.03058 0.323025
8.7612 8.03058 0.323025
8.6218 9.02804 0.335487
10.3833 10.2543 0.303183
10.5265 10.5794 0.309003
10.5265 10.5794 0.309003
9.91503 10.3017 0.305213
10.4173 9.82472 0.287953
10.4173 9.82472 0.287953
10.4195 10.265 0.304731
10.6125 10.1182 0.325972
10.5597 10.5174 0.307281
10.589 10.1021 0.305003
9.85351 10.479 0.313366
10.1911 10.3752 0.321884
10.2055 10.1645 0.318316
10.2384 10.6262 0.298484
10.2384 10.6262 0.298484
10.2831 9.46104 0.315812
10.4343 10.2306 0.305548
9.79957 10.1557 0.309799
9.79957 10.1557 0.309799
9.79957 10.1557 0.309799
10.0402 10.7407 0.30841
10.0402 10.7407 0.30841
10.0402 10.7407 0.30841
10.4405 10.3525 0.304594
10.0213 10.5475 0.31128
10.2805 10.0804 0.311045
10.0855 10.7687 0.298741
10.0081 10.3673 0.315417
10.0081 10.3673 0.315417
9.65376 10.0438 0.314008
10.3584 10.5947 0.303379
10.0743 9.91978 0.308358
10.1304 9.65251 0.316387
10.1304 9.65251 0.316387
10.447 10.1831 0.318929
10.3816 10.4836 0.297881
10.3816 10.4836 0.297881
10.3816 10.4836 0.297881
10.8349 10.3996 0.312089
10.2818 10.6008 0.284818
10.2664 10.7172 0.306364
10.5994 10.1037 0.302902
10.5125 10.3369 0.312979
10.2047 10.0861 0.315866
10.2801 10.4637 0.306944
10.2801 10.4637 0.306944
10.5082 10.0775 0.298606
10.5082 10.0775 0.298606
10.2013 9.95687 0.30213
10.471 10.0415 0.324518
10.1231 10.0175 0.298593
10.0884 10.4395 0.313618
10.4326 10.5576 0.312628
10.3824 10.7712 0.312615
10.3824 10.7712 0.312615
10.1739 10.8865 0.314488
10.1739 10.8865 0.314488
10.416 10.3388 0.299771
10.0383 10.1705 0.306757
10.0383 10.1705 0.306757
9.99937 10.4221 0.308438
10.7841 9.76668 0.305118
10.1634 10.0996 0.300118
10.1634 10.0996 0.300118
10.6551 10.3513 0.329324
10.6551 10.3513 0.329324
9.97695 10.8691 0.311097
10.3316 10.4059 0.325697
10.4077 10.5508 0.312818
10.3689 10.2073 0.30822
10.322 10.2145 0.305822
10.322 10.2145 0.305822
10.322 10.2145 0.305822
10.322 10.2145 0.305822
10.7123 10.5273 0.298324
9.93988 10.0784 0.304964
10.5096 10.4387 0.324211
10.5096 10.4387 0.324211
10.529 10.546 0.309144
10.3675 10.5298 0.305846
10.2141 9.85605 0.325626
10.2141 9.85605 0.325626
10.1873 10.4627 0.31407
10.6128 10.2786 0.304267
10.6128 10.2786 0.304267
10.6128 10.2786 0.304267
10.4733 10.3578 0.304514
10.4733 10.3578 0.304514
10.6273 10.3122 0.291406
10.8153 10.5965 0.298839
10.7936 10.7392 0.310385
10.5377 10.5308 0.305595
10.1045 10.4095 0.296352
10.3749 10.6118 0.30439
10.3749 10.6118 0.30439
9.7451 10.4808 0.307504
10.6627 10.071 0.32175
10.1692 10.1771 0.312311
10.27 10.7364 0.306177
9.97571 9.43023 0.314704
10.4797 10.4604 0.309855
10.3498 10.4459 0.312557
10.1726 10.2626 0.328058
10.4025 10.0275 0.317375
10.4025 10.0275 0.317375
10.2168 10.5737 0.310174
10.6553 10.185 0.303123
10.2899 10.0703 0.308721
9.89571 10.6716 0.322736
9.89571 10.6716 0.322736
10.5033 10.4846 0.307479
9.52331 10.4107 0.283847
10.2932 10.383 0.297821
10.2932 10.383 0.297821
10.0598 10.2901 0.317887
9.85595 9.99736 0.318337
10.3622 10.2306 0.3037
10.224 10.3584 0.314111
10.224 10.3584 0.314111
10.537 10.4022 0.307525
9.46858 10.3046 0.308616
10.3306 10.5595 0.311005
10.1856 10.65 0.310355
10.5239 10.5996 0.300173
10.3787 9.80633 0.306307
10.628 9.80933 0.298961
10.0943 10.1449 0.316465
10.4507 10.6303 0.312201
10.2646 10.0248 0.314979
10.2646 10.0248 0.314979
10.099 10.3171 0.305239
10.2735 10.7889 0.321762
10.2735 10.7889 0.321762
10.2735 10.7889 0.321762
10.6115 10.4602 0.291142
9.3282 10.1381 0.293018
9.3282 10.1381 0.293018
10.2716 10.5812 0.315882
10.3352 10.355 0.297051
10.2973 10.3949 0.29166
10.2973 10.3949 0.29166
10.0807 10.2686 0.311338
10.0313 10.7185 0.296789
10.7934 10.0847 0.309512
10.5793 10.1527 0.315087
10.0746 10.3846 0.299197
10.3912 10.1928 0.298094
10.3912 10.1928 0.298094
10.1608 10.4438 0.313055
10.4962 10.3712 0.318088
10.1714 11.1208 0.308456
10.6637 9.6731 0.300872
10.6637 9.6731 0.300872
10.2849 10.592 0.314084
10.2849 10.592 0.314084
10.1284 10.2255 0.316886
10.5301 10.2563 0.30409
10.2455 10.8498 0.312541
10.1166 10.9197 0.319696
9.9134 9.92154 0.309536
10.5335 9.88621 0.316326
10.2164 10.4781 0.321912
10.0042 10.2543 0.327815
10.342 10.3147 0.303033
10.408 10.1757 0.3103
9.6889 10.4417 0.317433
10.3862 10.4269 0.322825
10.1428 10.2011 0.320402
10.3933 10.339 0.305239
10.3933 10.339 0.305239
10.3343 10.3962 0.308747
10.3343 10.3962 0.308747
10.4602 10.4398 0.31842
10.4602 10.4398 0.31842
10.4602 10.4398 0.31842
10.3648 10.7469 0.299544
10.661 10.367 0.306339
10.661 10.367 0.306339
10.0308 9.80956 0.321102
10.0308 9.80956 0.321102
10.031 10.056 0.312938
10.2467 10.1441 0.310647
10.2467 10.1441 0.310647
10.3263 10.4185 0.305354
10.7559 10.5539 0.299485
10.46 10.4451 0.310311
10.46 10.4451 0.310311
10.5628 10.1355 0.294162
10.5628 10.1355 0.294162
10.2416 10.6627 0.316827
10.3995 10.6031 0.320156
10.0716 10.2944 0.306503
10.0551 10.6365 0.292111
10.0767 11.3505 0.315776
10.0767 11.3505 0.315776
10.4904 10.1086 0.303674
10.2439 10.6449 0.31317
10.6382 10.0145 0.311398
10.6382 10.0145 0.311398
10.2515 10.588 0.301933
9.94735 9.97947 0.321887
10.0754 10.7231 0.306142
10.6147 10.0596 0.303367
10.9058 10.594 0.29523
10.9058 10.594 0.29523
10.0754 11.0216 0.302872
10.6592 10.0009 0.302942
10.241 10.3637 0.286813
10.241 10.3637 0.286813
10.241 10.3637 0.286813
10.241 10.3637 0.286813
9.95969 10.2072 0.32404
9.95969 10.2072 0.32404
10.4108 10.0194 0.305555
10.4108 10.0194 0.305555
9.93477 10.0019 0.312449
10.2543 10.7111 0.321555
10.6999 10.362 0.315922
9.84107 10.4522 0.309865
9.84107 10.4522 0.309865
9.84107 10.4522 0.309865
9.40459 10.3832 0.307795
11.0169 10.132 0.309253
9.81176 10.2304 0.296275
10.2622 10.2896 0.315141
10.7438 10.1365 0.310866
10.7438 10.1365 0.310866
10.6037 10.2101 0.311133
9.69689 10.0739 0.295951
10.2651 9.81191 0.314221
10.811 10.0544 0.314843
10.6168 11.2803 0.30783
10.0151 10.6846 0.31104
10.4407 10.3688 0.308308
10.4407 10.3688 0.308308
10.4407 10.3688 0.308308
10.3564 10.5407 0.311894
10.3916 10.0813 0.324229
10.258 10.4013 0.297706
10.1725 9.8879 0.310912
10.3312 10.3842 0.290658
10.6076 9.77627 0.321081
10.3255 9.9298 0.306473
10.3255 9.9298 0.306473
9.79665 10.3009 0.312928
9.79665 10.3009 0.312928
10.4454 9.99126 0.318596
10.8179 10.1728 0.310149
10.2575 10.3006 0.302686
9.79385 10.1089 0.309445
9.96396 10.0946 0.308355
10.1763 10.3979 0.3179
10.2749 10.4486 0.305802
9.76235 10.7311 0.305797
10.6598 10.2043 0.318808
10.6598 10.2043 0.318808
10.6681 10.732 0.313785
10.6681 10.732 0.313785
10.3221 10.178 0.306132
10.0499 9.83212 0.303059
10.9504 10.4848 0.299089
10.9504 10.4848 0.299089
10.482 10.5414 0.29566
10.3961 10.6616 0.301526
9.78655 10.738 0.302595
10.4731 10.596 0.288617
10.109 10.3236 0.316431
10.1876 10.0411 0.297432
10.2764 10.1528 0.289237
10.2764 10.1528 0.289237
10.2892 10.5412 0.312776
10.1316 10.0358 0.312846
9.76431 10.2274 0.328405
10.408 10.1471 0.293999
9.77267 10.1259 0.322873
9.77267 10.1259 0.322873
9.77267 10.1259 0.322873
9.77267 10.1259 0.322873
10.2246 10.0405 0.313806
10.2246 10.0405 0.313806
10.643 10.2738 0.299904
9.77215 10.5096 0.288906
10.0417 9.76011 0.30658
9.87871 10.3605 0.303955
10.292 10.762 0.321486
10.3216 10.638 0.311595
10.4095 10.3793 0.290688
9.93445 9.88137 0.317255
10.3077 10.4223 0.311774
10.297 10.8558 0.298704
10.152 10.2368 0.312835
10.152 10.2368 0.312835
10.152 10.2368 0.312835
10.1267 9.87571 0.315638
10.6702 10.5281 0.311839
10.0928 9.97869 0.314395
10.3098 10.7671 0.305313
10.3704 10.2248 0.311683
9.72016 10.1687 0.309769
10.4746 10.47 0.308265
9.89964 10.6249 0.313794
10.3289 9.7563 0.293467
10.2403 10.6089 0.315278
10.5047 10.4365 0.310417
10.4587 10.8255 0.328956
9.91134 9.65932 0.303411
10.1114 10.1201 0.322718
10.7879 10.5282 0.313057
10.7879 10.5282 0.313057
10.2267 10.0424 0.306228
10.2267 10.0424 0.306228
9.75103 10.2914 0.31145
9.75103 10.2914 0.31145
10.2513 10.3439 0.316465
10.2513 10.3439 0.316465
10.2513 10.3439 0.316465
10.652 10.04 0.310728
10.1787 10.3957 0.320059
10.5984 10.714 0.30678
10.5984 10.714 0.30678
10.5984 10.714 0.30678
10.0948 10.2859 0.320979
10.0948 10.2859 0.320979
10.2069 10.4 0.303799
10.1598 10.5841 0.300834
10.2846 9.99751 0.316544
10.2444 10.5455 0.304253
10.2444 10.5455 0.304253
9.76175 10.3563 0.319017
9.76175 10.3563 0.319017
9.62477 10.0766 0.30046
9.81858 10.108 0.325277
10.4253 10.2734 0.312897
10.5375 10.1167 0.304
10.5375 10.1167 0.304
10.3717 10.323 0.308886
10.0087 10.6498 0.319247
10.0087 10.6498 0.319247
9.8988 10.4008 0.29855
9.8988 10.4008 0.29855
9.8988 10.4008 0.29855
10.5573 10.2582 0.305543
10.3426 9.9198 0.291985
10.3426 9.9198 0.291985
10.5952 10.2992 0.297371
10.5952 10.2992 0.297371
10.3409 10.1567 0.299834
10.3301 10.8421 0.296907
10.3301 10.8421 0.296907
10.4529 10.2211 0.300738
10.4611 9.47181 0.309468
10.4028 10.1137 0.289457
10.4028 10.1137 0.289457
10.9732 11.1545 0.32801
10.5643 10.1358 0.314485
9.99021 10.4283 0.305911
9.93205 9.98793 0.302781
10.2753 10.4884 0.321547
10.6949 10.4846 0.300183
10.6949 10.4846 0.300183
9.90953 10.2866 0.289333
9.90953 10.2866 0.289333
10.3484 10.6081 0.318987
10.0425 10.7319 0.283236
9.99151 9.61204 0.330311
9.99151 9.61204 0.330311
10.7027 10.812 0.315037
10.0654 9.35359 0.299399
10.0907 10.448 0.315114
10.2081 9.82606 0.323315
10.3984 10.1536 0.316075
10.1901 10.5939 0.298874
10.1901 10.5939 0.298874
10.1508 10.3737 0.295039
10.7615 10.1896 0.308701
10.3823 10.618 0.322808
10.3823 10.618 0.322808
10.4175 10.222 0.320723
10.4142 10.6773 0.311944
9.96846 10.3671 0.326883
10.8756 10.4154 0.284833
10.8756 10.4154 0.284833
10.8756 10.4154 0.284833
10.0373 10.1639 0.308388
10.1584 9.80915 0.327535
10.372 10.633 0.303977
10.5031 9.70532 0.309983
9.79401 9.81062 0.292113
10.1425 10.3848 0.303739
10.1425 10.3848 0.303739
10.6626 10.7313 0.313835
10.6626 10.7313 0.313835
10.2119 10.478 0.323509
10.3952 10.3151 0.301249
10.3952 10.3151 0.301249
10.3952 10.3151 0.301249
10.4888 10.726 0.317725
10.1349 9.90976 0.313508
10.0946 10.0933 0.291825
11.088 10.3327 0.307586
10.6593 10.8829 0.307498
10.4371 10.2026 0.288962
10.3189 10.1403 0.297438
10.1544 10.7167 0.319844
10.3632 10.5096 0.317679
10.7029 10.5112 0.316878
10.4933 10.2771 0.296676
10.3027 10.6081 0.295489
9.6329 9.8872 0.294518
9.6329 9.8872 0.294518
10.6131 10.8663 0.311054
10.6131 10.8663 0.311054
9.73472 10.2106 0.320418
10.0771 9.74321 0.314115
10.472 10.1877 0.308673
10.472 10.1877 0.308673
10.0211 10.1336 0.31631
10.0211 10.1336 0.31631
10.014 10.0294 0.315375
10.5162 10.502 0.325614
10.5162 10.502 0.325614
10.5162 10.502 0.325614
10.2899 11.2475 0.307987
10.3676 10.139 0.305208
10.3676 10.139 0.305208
10.5208 10.6354 0.298016
10.4154 10.7121 0.308956
10.4154 10.7121 0.308956
9.71549 10.2022 0.315283
10.1762 10.5399 0.302212
10.2499 10.7181 0.306771
10.4906 10.668 0.330536
10.4906 10.668 0.330536
10.2132 10.1789 0.324925
10.3975 10.1364 0.292801
10.4321 10.8234 0.305722
10.5673 10.0876 0.325346
9.96193 10.1615 0.323445
9.96193 10.1615 0.323445
9.96193 10.1615 0.323445
10.6409 9.8792 0.312201
10.6876 9.93175 0.315811
10.6692 10.5598 0.312249
10.7152 10.1829 0.297368
10.5801 10.4729 0.31442
10.1165 10.9382 0.32607
10.1165 10.9382 0.32607
10.2164 10.5187 0.295236
10.2531 11.1293 0.291382
10.272 9.96283 0.299582
10.5426 10.048 0.295585
10.6103 10.5624 0.308081
10.0854 10.5442 0.304984
10.3293 10.2103 0.334051
10.0132 10.2083 0.310668
10.224 10.1541 0.308472
10.3323 10.0215 0.294789
10.3323 10.0215 0.294789
10.815 10.3541 0.305288
10.3102 10.3301 0.301238
11.2035 10.4248 0.30932
9.82346 10.4203 0.311831
9.82346 10.4203 0.311831
10.2926 9.99047 0.304193
9.88798 10.6214 0.315827
10.4288 10.4117 0.308757
10.4288 10.4117 0.308757
10.0152 10.857 0.323608
10.6193 10.3891 0.31034
10.3756 10.1299 0.310365
10.155 10.0066 0.313213
10.155 10.0066 0.313213
10.155 10.0066 0.313213
10.128 10.3971 0.312332
10.128 10.3971 0.312332
10.1277 10.412 0.314286
10.4998 10.4153 0.30124
9.92603 10.2403 0.319468
10.3538 9.84215 0.306475
10.4513 10.184 0.313702
9.98735 10.102 0.312357
10.1849 10.4896 0.313852
9.81427 10.3669 0.303284
10.4925 9.94247 0.314044
10.4925 9.94247 0.314044
10.1333 9.8979 0.303703
10.2657 10.8128 0.3039
10.7073 10.5214 0.310606
10.6188 10.1941 0.309415
10.5835 10.2317 0.289966
10.5835 10.2317 0.289966
10.2089 10.8743 0.311427
10.2089 10.8743 0.311427
10.2089 10.8743 0.311427
10.1538 10.0112 0.318228
10.1538 10.0112 0.318228
9.28541 10.1496 0.292162
10.2174 10.4326 0.299136
10.6505 9.89401 0.305196
9.85952 10.0686 0.296481
10.1337 10.4521 0.310055
10.1337 10.4521 0.310055
10.1337 10.4521 0.310055
10.5544 10.4772 0.317818
10.0431 10.4365 0.292988
10.3001 10.2534 0.311497
10.3001 10.2534 0.311497
9.79367 9.72788 0.318854
10.1268 10.3377 0.311273
9.96939 10.019 0.291999
9.96939 10.019 0.291999
9.71155 10.3708 0.304021
10.2549 10.9049 0.322174
9.99187 10.2269 0.291721
10.0804 10.2241 0.293712
10.6349 10.43 0.302219
10.3688 10.6049 0.306085
10.5371 10.4383 0.294482
10.4222 10.3117 0.313318
10.2723 9.79622 0.305914
10.2723 9.79622 0.305914
10.3297 10.1718 0.295405
10.3297 10.1718 0.295405
10.3297 10.1718 0.295405
9.87559 10.2137 0.311818
10.4258 10.5391 0.297008
10.4258 10.5391 0.297008
9.91505 10.925 0.311101
10.6228 10.4352 0.310423
10.0994 9.92157 0.325741
10.3223 10.3563 0.316634
10.0174 10.2681 0.306293
10.2364 10.345 0.311005
9.97576 10.8188 0.305601
9.97576 10.8188 0.305601
10.4871 10.31 0.313442
10.8237 10.2865 0.310668
10.0868 10.0622 0.300573
10.3534 10.4765 0.302424
9.9406 10.1504 0.298129
9.87563 10.5642 0.300449
10.2174 10.4755 0.313397
10.3871 10.6021 0.304359
10.2078 10.3487 0.310605
10.2078 10.3487 0.310605
9.98254 10.1554 0.298637
10.0545 10.5391 0.327663
10.466 10.1134 0.30265
10.466 10.1134 0.30265
10.0994 10.8611 0.300154
10.0887 10.144 0.311625
10.6296 9.74877 0.330393
10.4036 10.4477 0.316004
9.97385 10.1652 0.302893
10.2606 10.3051 0.309276
10.2606 10.3051 0.309276
9.85014 10.4981 0.2998
10.2627 10.3901 0.322154
10.2627 10.3901 0.322154
10.5689 10.2764 0.31504
10.5689 10.2764 0.31504
10.5689 10.2764 0.31504
10.5917 10.5815 0.304516
10.3556 10.2515 0.297412
10.1391 10.519 0.301842
10.3085 10.2287 0.294841
10.7259 10.5727 0.283731
9.99482 9.48525 0.307786
10.4293 10.5741 0.308339
10.4293 10.5741 0.308339
9.98026 10.4797 0.315031
9.98026 10.4797 0.315031
10.3412 10.3939 0.302916
10.6563 10.2177 0.290618
10.6563 10.2177 0.290618
10.3536 10.7207 0.320967
11.0838 10.2681 0.319271
11.0838 10.2681 0.319271
10.1025 10.7365 0.302839
9.9266 10.1819 0.299977
10.8436 10.5764 0.31031
10.8436 10.5764 0.31031
10.8436 10.5764 0.31031
9.8846 10.4453 0.314534
10.1971 10.3717 0.303677
10.3501 10.033 0.310403
11.1608 9.95146 0.301256
11.1608 9.95146 0.301256
10.6659 10.4424 0.304307
10.0647 10.3121 0.290801
10.5831 10.2091 0.325567
10.4166 9.85835 0.304883
10.1683 10.1317 0.309741
10.1683 10.1317 0.309741
10.4432 10.4691 0.334919
10.1323 10.8227 0.293554
10.1847 10.2935 0.314175
10.0073 10.4021 0.314157
10.0482 9.99657 0.326226
10.5338 10.6373 0.295558
10.1012 11.0586 0.305012
10.1311 10.1603 0.306376
10.07 9.91411 0.314096
10.7631 10.6596 0.322896
10.0949 10.1522 0.311801
10.1304 10.4461 0.309783
10.1304 10.4461 0.309783
10.2499 9.90052 0.315455
10.5845 10.0893 0.31393
10.4699 10.0888 0.315481
9.81715 10.9093 0.292445
10.3362 9.91 0.311338
10.3828 10.6884 0.303208
10.3828 10.6884 0.303208
10.3814 10.1697 0.293339
9.45908 10.6628 0.314739
10.4359 10.4376 0.297976
10.2288 10.5086 0.310898
10.6253 9.95638 0.30969
10.4746 10.3826 0.308109
10.2312 10.2911 0.319627
10.2453 10.2425 0.309741
10.0932 10.3499 0.309805
10.0932 10.3499 0.309805
9.92302 10.7172 0.30213
10.7041 10.1636 0.316507
10.7833 9.95003 0.325033
10.3391 10.27 0.286233
10.7485 10.5032 0.300178
10.2456 10.3449 0.325685
10.2456 10.3449 0.325685
10.0825 9.62319 0.325483
10.0825 9.62319 0.325483
9.74839 10.1889 0.31561
10.2639 10.5608 0.291042
9.94382 9.65127 0.301362
10.5822 10.0487 0.29686
10.5038 10.487 0.316835
10.3701 10.3065 0.287626
10.3701 10.3065 0.287626
10.4694 9.75101 0.306191
10.032 10.815 0.314487
10.4707 10.3024 0.312836
10.4707 10.3024 0.312836
10.4078 10.3393 0.307432
10.5075 9.98635 0.305123
10.2502 10.2744 0.326202
10.2502 10.2744 0.326202
10.2579 10.3085 0.303333
10.1863 10.5149 0.318168
9.86528 10.3913 0.298198
10.0282 10.2136 0.302501
9.87383 10.6879 0.315104
10.3431 10.4899 0.309893
10.3431 10.4899 0.309893
10.5014 10.2252 0.293591
10.2188 10.503 0.310562
9.66806 10.6243 0.321225
9.66806 10.6243 0.321225
10.6612 10.7703 0.316879
10.6612 10.7703 0.316879
10.3373 10.3803 0.325503
9.97911 10.1835 0.306114
10.5182 10.1747 0.307833
10.5182 10.1747 0.307833
10.5182 10.1747 0.307833
10.5182 10.1747 0.307833
10.3104 9.88674 0.318942
10.3104 9.88674 0.318942
10.3615 10.4177 0.300938
10.3615 10.4177 0.300938
10.7631 9.91805 0.302941
10.3387 10.0902 0.31467
9.88538 10.2264 0.299103
10.8659 10.0107 0.313355
10.8659 10.0107 0.313355
10.3542 10.2879 0.304183
10.3305 10.4071 0.304621
10.3305 10.4071 0.304621
9.9315 10.4585 0.312399
9.9315 10.4585 0.312399
10.5375 11.0764 0.294004
10.0893 10.345 0.324128
10.3254 9.59872 0.303778
10.3254 9.59872 0.303778
10.056 10.7084 0.316592
9.72495 10.2164 0.311124
9.72495 10.2164 0.311124
10.56 10.0732 0.292788
10.091 10.5267 0.335382
10.9121 10.7908 0.31229
10.9121 10.7908 0.31229
10.9121 10.7908 0.31229
10.1585 10.3968 0.318308
10.1585 10.3968 0.318308
10.1585 10.3968 0.318308
10.3249 10.9469 0.318595
10.3802 10.3463 0.314918
10.2954 9.84059 0.306837
10.0274 10.2694 0.302555
10.354 10.3333 0.328711
10.3497 10.4805 0.310299
10.2713 10.4665 0.32401
10.6031 10.0066 0.316993
10.3106 10.3343 0.305363
10.4492 10.4107 0.313722
10.3935 10.3691 0.304172
10.7898 10.4961 0.32354
10.7898 10.4961 0.32354
10.124 10.4819 0.307167
10.2482 11.075 0.314885
10.4468 10.3335 0.310548
9.81687 10.0558 0.303334
9.81687 10.0558 0.303334
11.1943 10.4788 0.298365
10.4527 10.2578 0.316767
9.84205 10.0081 0.303448
10.3608 9.82416 0.307699
9.7116 10.8052 0.299338
10.7717 10.444 0.322804
10.1136 9.93722 0.287818
10.1184 10.0825 0.318857
10.1184 10.0825 0.318857
10.1184 10.0825 0.318857
10.4711 10.6469 0.319222
10.4711 10.6469 0.319222
10.0567 9.56814 0.299153
10.1795 10.5384 0.304788
10.1795 10.5384 0.304788
10.1795 10.5384 0.304788
10.41 10.3824 0.325352
10.6099 10.7137 0.317766
10.2529 9.7247 0.312692
10.4229 10.1432 0.300121
10.4229 10.1432 0.300121
10.5515 9.96909 0.311913
10.5515 9.96909 0.311913
10.1896 10.0873 0.309638
10.1031 10.408 0.29348
10.7654 10.6098 0.320169
10.7654 10.6098 0.320169
10.8628 10.1579 0.310362
10.1108 10.4485 0.319787
10.6357 10.3184 0.311454
10.4539 10.6053 0.295706
10.5314 10.6894 0.328994
10.1717 10.4062 0.329074
10.903 10.3069 0.297602
10.8416 10.2269 0.303079
10.1015 9.96245 0.29791
10.345 10.602 0.332296
10.5091 10.3662 0.293758
10.6561 10.0935 0.29938
10.4593 10.5248 0.311605
10.2978 10.6254 0.311817
10.2978 10.6254 0.311817
10.4972 10.6682 0.31702
10.4972 10.6682 0.31702
10.4972 10.6682 0.31702
10.4972 10.6682 0.31702
9.94335 10.1288 0.317556
9.94335 10.1288 0.317556
10.3784 10.6562 0.3249
10.3784 10.6562 0.3249
10.5064 10.2253 0.326027
10.2939 10.6502 0.31569
10.1277 10.7262 0.30721
10.9633 10.6608 0.297531
10.0461 10.1871 0.290049
10.4131 10.3324 0.306754
9.98086 10.3009 0.290319
9.7656 10.2375 0.305266
10.2885 10.6164 0.305159
9.95002 10.2012 0.319127
9.95002 10.2012 0.319127
9.81796 10.3298 0.3181
10.5475 10.2442 0.29434
6.55605 6.51928 0.306349
6.55605 6.51928 0.306349
6.55605 6.51928 0.306349
6.78937 6.76453 0.304449
6.91417 7.07947 0.300139
6.91417 7.07947 0.300139
6.52076 7.05312 0.276941
6.52076 7.05312 0.276941
6.54659 6.373 0.302471
6.54659 6.373 0.302471
6.54659 6.373 0.302471
6.54659 6.373 0.302471
6.52624 6.58295 0.306613
6.52624 6.58295 0.306613
6.52624 6.58295 0.306613
6.52624 6.58295 0.306613
6.52624 6.58295 0.306613
6.52624 6.58295 0.306613
6.60333 6.44291 0.280743
6.60333 6.44291 0.280743
6.37945 6.62198 0.296883
7.09471 7.61462 0.309151
7.09471 7.61462 0.309151
7.09471 7.61462 0.309151
7.09471 7.61462 0.309151
7.09471 7.61462 0.309151
7.05115 6.88393 0.292374
7.05115 6.88393 0.292374
7.05115 6.88393 0.292374
7.05115 6.88393 0.292374
6.7248 7.00476 0.289486
6.7248 7.00476 0.289486
6.44529 7.08367 0.31168
6.44529 7.08367 0.31168
6.7983 6.19388 0.295884
6.7983 6.19388 0.295884
6.80656 6.65716 0.296951
6.80656 6.65716 0.296951
6.80656 6.65716 0.296951
6.80656 6.65716 0.296951
6.48171 6.56705 0.289739
6.64098 6.82045 0.300504
7.06763 7.28403 0.326635
7.06763 7.28403 0.326635
7.06763 7.28403 0.326635
7.06763 7.28403 0.326635
6.97851 6.68512 0.30371
6.97851 6.68512 0.30371
6.97851 6.68512 0.30371
6.97851 6.68512 0.30371
6.75148 6.84868 0.29993
6.75148 6.84868 0.29993
6.79015 6.99299 0.291797
6.79015 6.99299 0.291797
7.12971 6.90416 0.29148
6.6686 6.66715 0.30477
6.6686 6.66715 0.30477
6.6686 6.66715 0.30477
6.6686 6.66715 0.30477
6.6686 6.66715 0.30477
6.6686 6.66715 0.30477
7.07907 6.45333 0.284648
7.07907 6.45333 0.284648
7.07907 6.45333 0.284648
6.69876 6.90142 0.290397
6.64366 6.70457 0.296499
6.7707 6.99869 0.29021
6.7707 6.99869 0.29021
7.16991 7.00073 0.295288
7.16991 7.00073 0.295288
7.1618 6.62532 0.307114
7.1618 6.62532 0.307114
7.1618 6.62532 0.307114
7.1618 6.62532 0.307114
7.1618 6.62532 0.307114
6.76755 6.6226 0.30686
6.76755 6.6226 0.30686
6.76755 6.6226 0.30686
6.76755 6.6226 0.30686
6.76755 6.6226 0.30686
6.76755 6.6226 0.30686
6.76755 6.6226 0.30686
6.76755 6.6226 0.30686
6.76755 6.6226 0.30686
6.76755 6.6226 0.30686
6.76937 6.89872 0.294458
6.76937 6.89872 0.294458
6.76937 6.89872 0.294458
6.34151 6.30002 0.299348
7.00349 6.81695 0.299239
7.00349 6.81695 0.299239
7.00349 6.81695 0.299239
7.00349 6.81695 0.299239
7.03637 6.48879 0.293149
7.03637 6.48879 0.293149
7.03637 6.48879 0.293149
7.03637 6.48879 0.293149
7.07306 7.46183 0.292979
7.07306 7.46183 0.292979
7.07306 7.46183 0.292979
6.56529 7.79328 0.301989
6.56529 7.79328 0.301989
6.56529 7.79328 0.301989
7.06712 6.54487 0.309306
7.06712 6.54487 0.309306
7.06712 6.54487 0.309306
6.44086 6.85018 0.311654
6.672 6.31199 0.302457
6.672 6.31199 0.302457
6.672 6.31199 0.302457
6.672 6.31199 0.302457
6.83522 6.4297 0.31165
6.83522 6.4297 0.31165
6.83522 6.4297 0.31165
6.83522 6.4297 0.31165
6.83522 6.4297 0.31165
6.72751 7.23145 0.294261
7.148 6.92469 0.295877
6.64033 6.45572 0.299807
6.64033 6.45572 0.299807
6.36687 7.09065 0.300697
6.36687 7.09065 0.300697
6.36687 7.09065 0.300697
6.95589 6.77513 0.287043
6.95589 6.77513 0.287043
6.77891 6.49091 0.276701
6.77891 6.49091 0.276701
6.77891 6.49091 0.276701
6.77891 6.49091 0.276701
6.77891 6.49091 0.276701
6.76437 6.63072 0.293786
6.99004 6.9301 0.293353
6.85236 6.7011 0.298773
6.85236 6.7011 0.298773
6.85236 6.7011 0.298773
6.78337 6.85846 0.278211
6.80038 6.8775 0.29401
6.80038 6.8775 0.29401
6.80038 6.8775 0.29401
6.62846 6.78425 0.282634
6.88848 6.47282 0.294255
6.88848 6.47282 0.294255
6.88848 6.47282 0.294255
6.88848 6.47282 0.294255
6.57819 6.36356 0.303929
6.7746 6.60711 0.31576
6.7746 6.60711 0.31576
6.7746 6.60711 0.31576
6.87893 7.21096 0.270123
6.87893 7.21096 0.270123
6.87893 7.21096 0.270123
6.76918 6.91135 0.304933
6.76918 6.91135 0.304933
7.12637 6.63151 0.30584
7.12637 6.63151 0.30584
6.41839 6.72999 0.310298
6.63814 6.79443 0.288011
6.63814 6.79443 0.288011
6.63814 6.79443 0.288011
7.06734 6.59936 0.310007
7.06734 6.59936 0.310007
6.91069 6.46617 0.295751
6.49904 6.73699 0.300687
6.49904 6.73699 0.300687
6.49904 6.73699 0.300687
6.49904 6.73699 0.300687
6.97688 6.5795 0.297455
6.97688 6.5795 0.297455
6.80103 6.78147 0.28931
6.80103 6.78147 0.28931
6.80103 6.78147 0.28931
6.80103 6.78147 0.28931
6.6275 7.17742 0.295764
6.6275 7.17742 0.295764
6.6275 7.17742 0.295764
6.6275 7.17742 0.295764
6.94451 6.90936 0.299463
6.94451 6.90936 0.299463
6.94451 6.90936 0.299463
6.94451 6.90936 0.299463
6.99299 6.81186 0.316595
6.99299 6.81186 0.316595
6.82559 6.48063 0.279693
6.82559 6.48063 0.279693
6.82559 6.48063 0.279693
6.82559 6.48063 0.279693
6.01934 6.82106 0.311174
6.01934 6.82106 0.311174
7.29156 6.82663 0.308339
7.29156 6.82663 0.308339
6.64578 6.97594 0.306419
6.64578 6.97594 0.306419
6.64578 6.97594 0.306419
6.88975 7.31611 0.309128
6.29335 7.1545 0.288299
6.29335 7.1545 0.288299
6.29335 7.1545 0.288299
6.29335 7.1545 0.288299
6.29335 7.1545 0.288299
6.29335 7.1545 0.288299
6.81456 6.87542 0.298349
7.05151 6.73647 0.301259
7.05151 6.73647 0.301259
7.05151 6.73647 0.301259
6.71659 6.87194 0.291077
6.71659 6.87194 0.291077
6.71659 6.87194 0.291077
6.71659 6.87194 0.291077
6.71659 6.87194 0.291077
6.55567 6.41259 0.287586
6.55567 6.41259 0.287586
6.24791 6.85058 0.29077
6.24791 6.85058 0.29077
6.24791 6.85058 0.29077
7.17963 6.92366 0.303422
7.17963 6.92366 0.303422
6.58518 6.06027 0.295149
6.58518 6.06027 0.295149
6.58518 6.06027 0.295149
6.58518 6.06027 0.295149
6.58518 6.06027 0.295149
6.58518 6.06027 0.295149
6.58518 6.06027 0.295149
6.53834 6.55578 0.293531
6.89985 6.80336 0.292349
6.89985 6.80336 0.292349
6.89985 6.80336 0.292349
6.89985 6.80336 0.292349
6.89985 6.80336 0.292349
6.89944 6.13275 0.31644
6.89944 6.13275 0.31644
6.89944 6.13275 0.31644
6.62874 6.73498 0.298963
6.59035 6.60556 0.306978
6.59035 6.60556 0.306978
6.645 6.99615 0.294081
6.645 6.99615 0.294081
6.42318 6.92786 0.287731
6.42318 6.92786 0.287731
6.42318 6.92786 0.287731
6.42318 6.92786 0.287731
6.42318 6.92786 0.287731
6.42318 6.92786 0.287731
6.59485 6.8037 0.294815
7.19645 7.18148 0.295566
7.19645 7.18148 0.295566
6.57371 6.47955 0.308144
6.30579 6.64079 0.280506
6.30579 6.64079 0.280506
7.28175 6.67269 0.300342
6.16606 6.80329 0.311998
6.16606 6.80329 0.311998
6.16606 6.80329 0.311998
6.50869 6.97107 0.286603
6.69476 6.9557 0.290667
6.58168 7.20117 0.285295
6.58168 7.20117 0.285295
6.58168 7.20117 0.285295
6.58168 7.20117 0.285295
6.58168 7.20117 0.285295
6.58168 7.20117 0.285295
6.92078 6.69816 0.303102
6.92078 6.69816 0.303102
6.64252 6.72165 0.307288
6.64252 6.72165 0.307288
6.64252 6.72165 0.307288
6.64252 6.72165 0.307288
6.70056 6.9162 0.304774
6.70056 6.9162 0.304774
6.70056 6.9162 0.304774
6.70056 6.9162 0.304774
6.47578 6.99268 0.293943
6.47578 6.99268 0.293943
6.47578 6.99268 0.293943
6.47578 6.99268 0.293943
6.47578 6.99268 0.293943
6.47578 6.99268 0.293943
6.47578 6.99268 0.293943
6.47578 6.99268 0.293943
6.47578 6.99268 0.293943
6.47578 6.99268 0.293943
6.47578 6.99268 0.293943
6.47578 6.99268 0.293943
6.47578 6.99268 0.293943
6.47578 6.99268 0.293943
6.47392 6.83529 0.295324
6.47392 6.83529 0.295324
6.47392 6.83529 0.295324
6.47392 6.83529 0.295324
6.47392 6.83529 0.295324
6.26959 6.64838 0.307172
6.26959 6.64838 0.307172
6.26959 6.64838 0.307172
6.26959 6.64838 0.307172
6.26959 6.64838 0.307172
6.26959 6.64838 0.307172
6.8214 6.49993 0.285861
6.8214 6.49993 0.285861
6.8214 6.49993 0.285861
6.8214 6.49993 0.285861
6.8214 6.49993 0.285861
6.8214 6.49993 0.285861
6.8214 6.49993 0.285861
6.8214 6.49993 0.285861
6.8214 6.49993 0.285861
6.39805 7.27521 0.280332
6.4811 6.42467 0.309339
6.4811 6.42467 0.309339
6.4811 6.42467 0.309339
6.4811 6.42467 0.309339
6.80693 6.72045 0.308201
6.80693 6.72045 0.308201
6.80693 6.72045 0.308201
6.79054 6.71539 0.281801
6.79054 6.71539 0.281801
6.94412 6.02693 0.302687
6.94412 6.02693 0.302687
6.45686 6.32399 0.292758
6.45686 6.32399 0.292758
6.45686 6.32399 0.292758
6.61276 6.509 0.289162
6.61276 6.509 0.289162
6.61276 6.509 0.289162
6.61276 6.509 0.289162
6.61276 6.509 0.289162
6.95502 6.94144 0.298396
6.95502 6.94144 0.298396
6.53867 6.49894 0.292803
6.73771 7.06462 0.298925
6.73771 7.06462 0.298925
6.73771 7.06462 0.298925
6.73771 7.06462 0.298925
6.73771 7.06462 0.298925
6.42936 6.81092 0.321032
6.57392 6.92913 0.301043
6.57392 6.92913 0.301043
6.63603 6.63391 0.297569
7.04926 6.7638 0.300894
7.04926 6.7638 0.300894
7.04926 6.7638 0.300894
7.00197 7.33093 0.300058
7.00197 7.33093 0.300058
7.00197 7.33093 0.300058
7.00197 7.33093 0.300058
7.00608 6.78685 0.300947
7.00608 6.78685 0.300947
7.00608 6.78685 0.300947
6.6052 6.74764 0.303264
6.6052 6.74764 0.303264
6.38891 6.4775 0.300364
6.41845 5.864 0.32683
6.41845 5.864 0.32683
6.41845 5.864 0.32683
6.41845 5.864 0.32683
6.41845 5.864 0.32683
7.07306 6.45843 0.304426
7.07306 6.45843 0.304426
6.18755 6.82471 0.333902
6.18755 6.82471 0.333902
6.18755 6.82471 0.333902
6.59277 6.25849 0.319425
6.2136 6.14366 0.332149
6.2136 6.14366 0.332149
6.2136 6.14366 0.332149
6.2136 6.14366 0.332149
5.99868 6.02516 0.316259
5.99868 6.02516 0.316259
5.99868 6.02516 0.316259
6.10233 6.65234 0.306549
6.10233 6.65234 0.306549
6.10233 6.65234 0.306549
6.10233 6.65234 0.306549
6.10233 6.65234 0.306549
6.10233 6.65234 0.306549
6.10233 6.65234 0.306549
6.10233 6.65234 0.306549
6.10233 6.65234 0.306549
6.10233 6.65234 0.306549
5.81551 6.40011 0.329999
5.81551 6.40011 0.329999
5.81551 6.40011 0.329999
5.81551 6.40011 0.329999
5.81551 6.40011 0.329999
5.81551 6.40011 0.329999
6.06604 6.69761 0.32258
6.06604 6.69761 0.32258
6.06604 6.69761 0.32258
6.06604 6.69761 0.32258
6.67332 6.9207 0.328307
6.67332 6.9207 0.328307
6.67332 6.9207 0.328307
6.74984 6.81095 0.318711
6.12578 6.27301 0.318814
6.12578 6.27301 0.318814
6.3914 6.55141 0.315782
6.3914 6.55141 0.315782
6.02073 6.2638 0.302826
6.02073 6.2638 0.302826
6.95832 6.82689 0.306429
6.95832 6.82689 0.306429
6.65438 6.70566 0.310432
6.65438 6.70566 0.310432
6.65438 6.70566 0.310432
6.65438 6.70566 0.310432
6.27709 6.05228 0.31906
6.5791 6.51141 0.335727
6.5791 6.51141 0.335727
6.5791 6.51141 0.335727
6.5791 6.51141 0.335727
6.5791 6.51141 0.335727
6.00115 6.43519 0.331852
5.96987 6.30763 0.316877
5.96987 6.30763 0.316877
6.43449 6.51651 0.325854
6.73594 6.62716 0.324939
6.73594 6.62716 0.324939
6.73594 6.62716 0.324939
6.73594 6.62716 0.324939
6.73594 6.62716 0.324939
6.58208 6.46478 0.306551
6.58208 6.46478 0.306551
6.58208 6.46478 0.306551
6.58208 6.46478 0.306551
6.62031 6.33601 0.303968
6.62031 6.33601 0.303968
6.62031 6.33601 0.303968
6.62031 6.33601 0.303968
6.62031 6.33601 0.303968
5.97492 6.81567 0.30782
5.97492 6.81567 0.30782
6.82158 6.67574 0.321759
6.82158 6.67574 0.321759
6.86114 6.38819 0.333018
6.86114 6.38819 0.333018
6.86114 6.38819 0.333018
6.49805 6.4238 0.318049
6.49805 6.4238 0.318049
6.49805 6.4238 0.318049
6.44234 6.47714 0.302398
6.44234 6.47714 0.302398
6.44234 6.47714 0.302398
6.05359 6.19179 0.316787
6.63419 6.26498 0.307011
6.63419 6.26498 0.307011
6.63419 6.26498 0.307011
6.63419 6.26498 0.307011
6.27845 6.11426 0.328498
6.27845 6.11426 0.328498
6.27845 6.11426 0.328498
6.23958 5.74646 0.32704
6.23958 5.74646 0.32704
6.23958 5.74646 0.32704
6.23958 5.74646 0.32704
6.23958 5.74646 0.32704
6.23958 5.74646 0.32704
6.23958 5.74646 0.32704
6.23958 5.74646 0.32704
6.23958 5.74646 0.32704
6.23958 5.74646 0.32704
6.32812 6.36067 0.314712
6.32812 6.36067 0.314712
6.32812 6.36067 0.314712
6.32812 6.36067 0.314712
6.32812 6.36067 0.314712
6.30407 6.64045 0.309488
6.30407 6.64045 0.309488
6.30407 6.64045 0.309488
6.30407 6.64045 0.309488
6.30407 6.64045 0.309488
6.12517 6.79287 0.309132
6.12517 6.79287 0.309132
6.12517 6.79287 0.309132
6.12517 6.79287 0.309132
6.12517 6.79287 0.309132
6.12517 6.79287 0.309132
6.12517 6.79287 0.309132
6.57341 5.51674 0.294508
6.57341 5.51674 0.294508
6.57341 5.51674 0.294508
6.57341 5.51674 0.294508
6.57341 5.51674 0.294508
6.57341 5.51674 0.294508
6.56664 6.62462 0.318226
6.56664 6.62462 0.318226
6.56664 6.62462 0.318226
6.56664 6.62462 0.318226
6.56476 6.36492 0.334911
6.40068 6.19939 0.315574
6.40068 6.19939 0.315574
6.40068 6.19939 0.315574
5.97879 6.29286 0.327238
5.97879 6.29286 0.327238
5.97879 6.29286 0.327238
6.49871 5.9733 0.318868
6.49871 5.9733 0.318868
6.49871 5.9733 0.318868
6.49871 5.9733 0.318868
6.49871 5.9733 0.318868
6.49871 5.9733 0.318868
5.95662 6.27965 0.303115
6.3113 6.16394 0.317502
6.3113 6.16394 0.317502
6.3113 6.16394 0.317502
6.3113 6.16394 0.317502
6.54188 6.35765 0.328796
6.54188 6.35765 0.328796
6.54188 6.35765 0.328796
6.54188 6.35765 0.328796
6.54188 6.35765 0.328796
6.54188 6.35765 0.328796
6.54188 6.35765 0.328796
6.65038 5.79568 0.329369
6.65038 5.79568 0.329369
6.65038 5.79568 0.329369
6.09945 6.60036 0.303015
6.29725 6.01137 0.309057
6.29725 6.01137 0.309057
6.29725 6.01137 0.309057
6.29725 6.01137 0.309057
6.29725 6.01137 0.309057
5.66118 6.39763 0.316112
5.66118 6.39763 0.316112
6.59931 6.1202 0.312979
6.59931 6.1202 0.312979
6.59931 6.1202 0.312979
6.59931 6.1202 0.312979
6.59931 6.1202 0.312979
6.59931 6.1202 0.312979
6.09082 5.87229 0.327981
6.12899 6.21796 0.31202
6.21227 6.35638 0.308421
6.21227 6.35638 0.308421
6.21227 6.35638 0.308421
6.21227 6.35638 0.308421
6.19242 6.36252 0.309402
6.19242 6.36252 0.309402
6.19242 6.36252 0.309402
6.19242 6.36252 0.309402
6.64445 6.13004 0.320487
6.64445 6.13004 0.320487
6.64445 6.13004 0.320487
6.64445 6.13004 0.320487
6.64445 6.13004 0.320487
6.46699 6.00453 0.328451
6.46699 6.00453 0.328451
5.98956 6.22994 0.310543
5.98956 6.22994 0.310543
5.98956 6.22994 0.310543
5.98956 6.22994 0.310543
5.98956 6.22994 0.310543
5.98956 6.22994 0.310543
6.11241 6.52959 0.32332
6.11241 6.52959 0.32332
6.11241 6.52959 0.32332
7.08955 6.67891 0.325325
6.09377 6.0499 0.305694
6.09377 6.0499 0.305694
6.09377 6.0499 0.305694
6.09377 6.0499 0.305694
6.44801 6.05483 0.309721
6.44801 6.05483 0.309721
6.44801 6.05483 0.309721
6.44801 6.05483 0.309721
6.27523 6.60898 0.319098
6.27523 6.60898 0.319098
6.27523 6.60898 0.319098
6.27523 6.60898 0.319098
6.27523 6.60898 0.319098
5.9829 6.53586 0.307664
6.34092 6.52543 0.316888
6.34092 6.52543 0.316888
6.34092 6.52543 0.316888
6.34092 6.52543 0.316888
6.95971 6.76118 0.318396
6.32612 6.42297 0.321148
6.32612 6.42297 0.321148
6.17364 6.39085 0.323466
6.17364 6.39085 0.323466
6.17364 6.39085 0.323466
6.17364 6.39085 0.323466
6.17364 6.39085 0.323466
6.17364 6.39085 0.323466
7.01108 6.25798 0.308341
7.01108 6.25798 0.308341
7.01108 6.25798 0.308341
5.76173 6.30908 0.326985
6.87757 6.00564 0.326614
6.22989 6.51325 0.333844
6.22989 6.51325 0.333844
6.22989 6.51325 0.333844
5.89655 6.29559 0.329279
5.89655 6.29559 0.329279
6.45396 6.43328 0.312526
6.25368 6.02616 0.324887
6.25368 6.02616 0.324887
6.25368 6.02616 0.324887
6.55556 6.12376 0.321043
6.55556 6.12376 0.321043
6.40312 6.21511 0.307275
6.59488 6.31392 0.310788
6.59488 6.31392 0.310788
6.59488 6.31392 0.310788
6.59488 6.31392 0.310788
6.59488 6.31392 0.310788
6.59488 6.31392 0.310788
6.13815 5.97664 0.300696
6.15661 6.42871 0.311716
6.30137 5.5211 0.312334
6.30137 5.5211 0.312334
6.30137 5.5211 0.312334
6.30137 5.5211 0.312334
6.30137 5.5211 0.312334
5.85825 6.45818 0.293552
6.56445 5.87346 0.329017
6.56445 5.87346 0.329017
6.56445 5.87346 0.329017
6.21923 6.2231 0.302799
6.21923 6.2231 0.302799
6.51656 6.38579 0.317893
6.67085 5.54453 0.320566
6.67085 5.54453 0.320566
6.67085 5.54453 0.320566
6.24552 6.35347 0.319974
6.24552 6.35347 0.319974
6.24552 6.35347 0.319974
6.24552 6.35347 0.319974
6.24552 6.35347 0.319974
6.24552 6.35347 0.319974
6.24552 6.35347 0.319974
6.24552 6.35347 0.319974
6.24552 6.35347 0.319974
6.24552 6.35347 0.319974
6.24552 6.35347 0.319974
6.24552 6.35347 0.319974
6.24552 6.35347 0.319974
6.24552 6.35347 0.319974
6.24552 6.35347 0.319974
6.19322 6.52079 0.315103
6.77331 6.2113 0.329893
6.77331 6.2113 0.329893
6.74928 6.51434 0.316048
6.74928 6.51434 0.316048
6.74928 6.51434 0.316048
6.74928 6.51434 0.316048
6.74928 6.51434 0.316048
6.74928 6.51434 0.316048
6.74928 6.51434 0.316048
5.61178 6.04738 0.319926
5.61178 6.04738 0.319926
6.74976 5.81316 0.325245
6.74976 5.81316 0.325245
6.74976 5.81316 0.325245
6.74976 5.81316 0.325245
6.24636 6.07138 0.308545
6.53616 6.26137 0.310568
6.53616 6.26137 0.310568
6.53616 6.26137 0.310568
6.332 6.60613 0.31124
6.332 6.60613 0.31124
6.332 6.60613 0.31124
6.11326 6.22675 0.316109
6.11326 6.22675 0.316109
6.59311 6.1457 0.332387
6.59311 6.1457 0.332387
6.59311 6.1457 0.332387
6.59311 6.1457 0.332387
6.59311 6.1457 0.332387
6.86082 6.47073 0.317516
6.3944 6.51142 0.311751
6.3944 6.51142 0.311751
6.3944 6.51142 0.311751
6.61774 5.77478 0.324575
6.61774 5.77478 0.324575
6.61774 5.77478 0.324575
6.82598 6.70072 0.310919
6.82598 6.70072 0.310919
6.53097 6.40673 0.323966
6.53097 6.40673 0.323966
6.53097 6.40673 0.323966
6.53097 6.40673 0.323966
6.53097 6.40673 0.323966
6.38144 6.40517 0.330449
6.38144 6.40517 0.330449
6.38144 6.40517 0.330449
6.38144 6.40517 0.330449
6.38144 6.40517 0.330449
6.38144 6.40517 0.330449
6.38144 6.40517 0.330449
6.45938 6.86458 0.328262
6.17091 6.53075 0.321995
6.01583 6.47985 0.336782
6.01583 6.47985 0.336782
6.37335 6.30457 0.323649
6.37335 6.30457 0.323649
6.37335 6.30457 0.323649
6.77198 6.51454 0.320173
6.10643 6.71222 0.310241
6.10643 6.71222 0.310241
6.10643 6.71222 0.310241
6.10643 6.71222 0.310241
6.10643 6.71222 0.310241
6.10643 6.71222 0.310241
6.10643 6.71222 0.310241
6.10643 6.71222 0.310241
6.10643 6.71222 0.310241
6.68768 6.91994 0.304731
6.68768 6.91994 0.304731
6.68768 6.91994 0.304731
6.68768 6.91994 0.304731
6.68768 6.91994 0.304731
5.73905 6.30456 0.299232
5.73905 6.30456 0.299232
5.73905 6.30456 0.299232
5.73905 6.30456 0.299232
6.38297 6.20406 0.339981
7.58081 7.87466 0.319266
7.58081 7.87466 0.319266
7.54383 7.54122 0.317442
7.54383 7.54122 0.317442
7.54383 7.54122 0.317442
7.54383 7.54122 0.317442
7.5714 7.50351 0.318023
7.5714 7.50351 0.318023
7.5714 7.50351 0.318023
7.5714 7.50351 0.318023
9.24068 9.24108 0.296699
9.01708 8.95682 0.294883
9.17293 9.924 0.299602
9.17293 9.924 0.299602
9.47618 9.35736 0.309093
9.47618 9.35736 0.309093
9.34519 9.68603 0.317827
9.04749 9.58474 0.297735
8.89243 9.53094 0.319385
8.89243 9.53094 0.319385
9.16193 9.42665 0.304628
9.5877 9.57083 0.306367
9.15729 9.38952 0.297536
9.56375 9.0843 0.294836
9.63694 9.51345 0.310944
9.63694 9.51345 0.310944
9.63694 9.51345 0.310944
8.99627 9.19717 0.315344
9.28176 8.89217 0.312853
9.26199 9.23123 0.312397
9.26199 9.23123 0.312397
9.6897 9.85349 0.312568
10.147 9.1631 0.306398
10.147 9.1631 0.306398
9.02113 9.4448 0.309409
9.36467 9.19173 0.325675
9.36467 9.19173 0.325675
8.79085 9.50312 0.308164
8.79085 9.50312 0.308164
8.41102 9.6548 0.311097
8.41102 9.6548 0.311097
9.3143 9.11054 0.280866
9.58779 9.24071 0.308609
9.44727 9.69421 0.308404
8.99648 9.21953 0.309218
9.13879 9.62244 0.31722
9.01914 9.4249 0.319253
9.22814 8.93468 0.299919
9.54282 9.44031 0.314251
9.54282 9.44031 0.314251
9.54282 9.44031 0.314251
9.54656 9.40967 0.299857
9.54656 9.40967 0.299857
9.4858 9.14329 0.317222
9.4858 9.14329 0.317222
9.4858 9.14329 0.317222
9.4858 9.14329 0.317222
9.10465 9.19461 0.307086
9.46294 9.02566 0.290715
9.46294 9.02566 0.290715
8.99006 9.57324 0.294489
9.55073 9.18176 0.302924
9.55073 9.18176 0.302924
9.55073 9.18176 0.302924
9.44317 9.51603 0.306507
9.59517 9.53318 0.324814
9.59517 9.53318 0.324814
9.49419 8.96215 0.302188
9.60834 9.35406 0.305849
9.60834 9.35406 0.305849
9.71784 9.46985 0.285019
9.71784 9.46985 0.285019
9.32007 9.09582 0.309758
9.32007 9.09582 0.309758
9.32007 9.09582 0.309758
9.32007 9.09582 0.309758
9.32007 9.09582 0.309758
9.7952 9.51399 0.3142
9.7952 9.51399 0.3142
9.7952 9.51399 0.3142
9.7952 9.51399 0.3142
9.7952 9.51399 0.3142
9.04239 9.6656 0.301029
9.04239 9.6656 0.301029
9.42055 9.29143 0.32045
8.99238 9.48954 0.32853
8.99238 9.48954 0.32853
8.98122 9.03892 0.304408
9.3377 9.6107 0.320371
9.53712 9.54305 0.312761
9.53718 9.44952 0.310262
9.53718 9.44952 0.310262
8.90297 9.62201 0.298193
9.62934 9.05406 0.315354
8.91812 9.31319 0.319706
8.91812 9.31319 0.319706
8.91812 9.31319 0.319706
9.69116 9.11235 0.297771
9.37201 8.89385 0.325003
9.37201 8.89385 0.325003
9.31763 9.29486 0.299865
9.49523 8.87393 0.298611
9.40951 9.51496 0.306487
9.65885 9.45647 0.303088
9.53223 9.12883 0.298215
9.62039 8.87861 0.299584
9.62039 8.87861 0.299584
9.24097 9.63402 0.304511
9.11752 9.961 0.302846
9.6264 9.88026 0.302428
9.6264 9.88026 0.302428
9.21628 9.31446 0.296937
9.21628 9.31446 0.296937
10.1219 8.97917 0.323459
9.62396 9.4415 0.299768
9.62396 9.4415 0.299768
9.33657 10.199 0.31031
9.07027 9.60512 0.297211
9.10076 9.68356 0.288849
9.62969 9.3398 0.316686
9.29581 9.3112 0.303184
9.29581 9.3112 0.303184
9.14517 9.57393 0.30386
9.14517 9.57393 0.30386
9.52366 9.52211 0.296903
9.66409 8.83944 0.316843
9.57136 9.39639 0.310377
9.30346 9.77865 0.295589
9.0039 9.49006 0.293781
9.0039 9.49006 0.293781
8.85825 9.7095 0.316818
8.85825 9.7095 0.316818
9.19257 9.03091 0.291713
9.19257 9.03091 0.291713
9.58117 9.08167 0.306355
9.76009 9.45671 0.306134
9.76009 9.45671 0.306134
9.80454 8.87665 0.299628
9.21769 9.71336 0.301526
9.21769 9.71336 0.301526
9.21769 9.71336 0.301526
9.21769 9.71336 0.301526
9.34122 9.21371 0.309199
9.34122 9.21371 0.309199
9.34122 9.21371 0.309199
9.34122 9.21371 0.309199
9.08263 8.71746 0.300233
9.37775 8.84933 0.299516
9.37775 8.84933 0.299516
8.62758 8.75114 0.305101
9.77515 9.38684 0.301269
9.28499 8.96553 0.293518
9.48887 8.88401 0.302511
9.48887 8.88401 0.302511
9.34731 9.14958 0.324048
9.30894 9.51523 0.303349
9.0839 9.67561 0.306839
9.27298 8.69951 0.304617
9.81982 9.5063 0.304579
9.17449 9.43901 0.304113
9.17449 9.43901 0.304113
8.90435 9.97044 0.318657
9.32941 9.15616 0.313781
9.73671 9.07885 0.300824
9.14584 9.43754 0.303115
9.53683 9.8541 0.324937
9.53683 9.8541 0.324937
9.71009 9.69044 0.299663
9.40818 9.59169 0.303361
9.46893 8.89701 0.314355
9.42967 9.31508 0.289616
9.45828 9.64396 0.308706
9.51976 9.0903 0.299545
9.32835 9.50405 0.299134
9.32835 9.50405 0.299134
9.32835 9.50405 0.299134
9.85797 9.42062 0.314631
9.60112 9.59549 0.299152
9.60112 9.59549 0.299152
8.98454 9.4615 0.325102
9.46248 9.32158 0.298267
9.8905 9.27682 0.29983
10.1735 9.11233 0.305666
9.55082 9.36404 0.288572
9.03384 9.53326 0.295819
9.20889 9.13175 0.312196
9.35931 9.4791 0.300657
9.35931 9.4791 0.300657
9.35931 9.4791 0.300657
10.1144 8.96493 0.319489
9.98598 9.45713 0.289588
9.25371 9.8306 0.306688
8.63581 9.13397 0.298073
9.42964 9.53152 0.306909
9.34331 9.34933 0.315352
9.34331 9.34933 0.315352
9.94477 9.73213 0.321174
9.24827 9.25185 0.296719
9.24827 9.25185 0.296719
9.77182 9.98749 0.282196
9.11675 9.09885 0.283452
9.11675 9.09885 0.283452
9.11675 9.09885 0.283452
9.48886 9.31473 0.309097
9.48859 9.50157 0.305728
9.48859 9.50157 0.305728
9.48859 9.50157 0.305728
9.40559 9.33371 0.296876
9.40559 9.33371 0.296876
9.81852 9.13536 0.30033
9.25793 9.11766 0.30224
9.67618 9.67887 0.3115
9.67618 9.67887 0.3115
9.67618 9.67887 0.3115
9.67618 9.67887 0.3115
9.29868 9.28924 0.302266
9.29868 9.28924 0.302266
9.3072 9.68777 0.308727
9.3072 9.68777 0.308727
9.3072 9.68777 0.308727
9.1356 9.04901 0.295366
9.1356 9.04901 0.295366
9.3459 9.34265 0.303796
9.3459 9.34265 0.303796
9.18512 8.93674 0.320563
9.18512 8.93674 0.320563
9.48507 9.6069 0.314166
9.55461 9.59758 0.298251
9.55461 9.59758 0.298251
9.55461 9.59758 0.298251
9.25078 9.20994 0.311852
9.25078 9.20994 0.311852
9.25078 9.20994 0.311852
9.39368 9.6597 0.313884
9.39368 9.6597 0.313884
9.39368 9.6597 0.313884
9.39368 9.6597 0.313884
9.37269 9.466 0.325616
9.2985 9.25172 0.301393
8.35735 8.93801 0.309573
8.35735 8.93801 0.309573
8.35735 8.93801 0.309573
9.94405 8.96502 0.298472
9.24008 8.94595 0.298511
9.4437 8.9278 0.315754
9.4437 8.9278 0.315754
9.50247 9.04995 0.303811
9.50247 9.04995 0.303811
9.78378 9.38536 0.294235
9.78378 9.38536 0.294235
9.78378 9.38536 0.294235
9.55055 9.39932 0.313141
9.39486 8.79002 0.295672
9.39486 8.79002 0.295672
9.42874 9.18777 0.306834
8.9818 9.73531 0.314968
8.9818 9.73531 0.314968
9.21549 9.63633 0.313277
9.35034 9.3546 0.307434
9.38242 9.56793 0.309895
9.38242 9.56793 0.309895
9.38242 9.56793 0.309895
9.45337 9.11135 0.31133
9.45337 9.11135 0.31133
9.45337 9.11135 0.31133
9.45337 9.11135 0.31133
9.45337 9.11135 0.31133
9.39658 9.21 0.303232
9.00307 9.60832 0.301727
9.38653 9.78175 0.296102
9.34808 8.99049 0.297435
9.50215 9.34622 0.304707
10.0634 9.4611 0.30826
9.21665 8.77927 0.301494
9.82005 9.48561 0.310842
9.82005 9.48561 0.310842
8.87629 9.17453 0.298156
9.62073 9.35244 0.295352
9.33539 9.38598 0.315885
9.5626 9.58472 0.312066
9.89347 9.26525 0.301888
10.1033 9.07125 0.305158
10.1033 9.07125 0.305158
10.1033 9.07125 0.305158
9.16454 9.65347 0.307189
9.50443 9.91808 0.28219
9.50443 9.91808 0.28219
9.65929 9.14891 0.306172
9.65929 9.14891 0.306172
9.65929 9.14891 0.306172
8.78516 8.3288 0.300814
9.42621 9.3464 0.306285
9.66864 9.67418 0.30732
9.2548 9.32022 0.319945
9.21188 9.32641 0.307509
9.21188 9.32641 0.307509
9.21188 9.32641 0.307509
9.17871 9.5822 0.315759
9.17871 9.5822 0.315759
9.55993 9.53528 0.300115
9.55993 9.53528 0.300115
9.93971 9.57673 0.312214
9.11668 9.5685 0.31461
9.43469 9.0268 0.302508
9.79779 9.15472 0.295613
9.79779 9.15472 0.295613
9.10427 9.76932 0.308777
9.00942 9.23503 0.299326
9.46115 8.81873 0.285492
9.46115 8.81873 0.285492
9.46115 8.81873 0.285492
9.97113 9.18153 0.29515
9.3963 9.62159 0.30712
9.3963 9.62159 0.30712
9.36795 9.43598 0.319267
9.67094 9.33089 0.309782
9.05399 8.85175 0.287521
8.82161 9.66582 0.31295
8.82161 9.66582 0.31295
9.19848 9.44392 0.31849
9.34038 9.34948 0.300321
9.88041 9.19498 0.312396
9.88041 9.19498 0.312396
8.98718 8.7796 0.302336
8.94962 9.1877 0.31252
8.94962 9.1877 0.31252
9.21984 9.43914 0.304272
9.35253 9.82205 0.300461
9.35253 9.82205 0.300461
9.35253 9.82205 0.300461
9.35253 9.82205 0.300461
9.5018 9.34152 0.298121
9.5018 9.34152 0.298121
9.39741 9.67579 0.304094
9.39741 9.67579 0.304094
9.39741 9.67579 0.304094
9.66254 9.17835 0.306901
9.09986 9.28187 0.304171
9.09986 9.28187 0.304171
9.09986 9.28187 0.304171
9.09986 9.28187 0.304171
9.09986 9.28187 0.304171
9.09986 9.28187 0.304171
9.20755 9.19811 0.302874
9.251 9.74698 0.290913
9.251 9.74698 0.290913
10.0742 9.54747 0.313223
9.323 9.36297 0.295712
9.45179 9.4163 0.320812
9.25628 9.18599 0.302348
9.25628 9.18599 0.302348
9.25628 9.18599 0.302348
9.43448 9.04743 0.302283
9.65021 9.27149 0.312769
9.13794 9.18263 0.291708
9.24916 9.43938 0.315344
9.28917 9.68075 0.300837
8.89365 8.82503 0.308152
9.51313 9.33891 0.326478
9.01247 9.44645 0.292471
8.82472 9.63924 0.315277
8.82472 9.63924 0.315277
8.82472 9.63924 0.315277
8.82472 9.63924 0.315277
8.82472 9.63924 0.315277
9.7052 9.35382 0.315321
9.54063 9.59204 0.293455
9.26123 10.0265 0.294578
9.75458 9.24938 0.305691
9.75458 9.24938 0.305691
8.99244 9.60749 0.315207
9.19151 9.74672 0.311155
9.16873 9.23404 0.318925
9.16873 9.23404 0.318925
9.16873 9.23404 0.318925
8.82068 9.7295 0.318159
9.22179 9.0693 0.284342
9.22179 9.0693 0.284342
9.22179 9.0693 0.284342
9.30814 9.53924 0.318428
9.30814 9.53924 0.318428
9.34612 9.30535 0.297655
9.34612 9.30535 0.297655
9.31547 9.45827 0.298148
9.52017 9.40803 0.3261
9.92406 9.79476 0.30701
9.25085 9.56884 0.302639
9.25085 9.56884 0.302639
9.25085 9.56884 0.302639
9.25919 9.35712 0.302399
9.38124 9.19945 0.3017
9.38601 9.20223 0.291709
10.3062 9.33904 0.317723
9.38081 9.40495 0.3048
9.38081 9.40495 0.3048
9.59611 9.10583 0.307897
9.58537 9.11231 0.315309
9.72153 9.42519 0.296099
9.72153 9.42519 0.296099
9.74169 9.0173 0.301965
9.74169 9.0173 0.301965
9.14174 8.96813 0.303229
9.1518 9.41186 0.31586
9.1518 9.41186 0.31586
9.13954 9.73148 0.301864
9.13954 9.73148 0.301864
9.13954 9.73148 0.301864
9.13954 9.73148 0.301864
9.13954 9.73148 0.301864
9.13954 9.73148 0.301864
9.24868 9.5664 0.300941
9.8651 8.92426 0.302993
9.22893 9.39866 0.302462
9.32319 9.36292 0.298081
9.32319 9.36292 0.298081
9.17833 9.58404 0.301794
9.38303 9.2679 0.306206
9.99187 8.8049 0.285568
9.99187 8.8049 0.285568
9.99187 8.8049 0.285568
9.05194 9.36371 0.30821
9.05194 9.36371 0.30821
8.88496 9.06767 0.30622
8.88496 9.06767 0.30622
9.35111 9.42309 0.296657
9.35111 9.42309 0.296657
9.5783 9.11143 0.312728
9.3055 9.24832 0.303934
9.3055 9.24832 0.303934
9.55 9.61376 0.303156
9.7687 9.57259 0.293686
9.3961 9.38957 0.321628
9.47202 9.69051 0.296994
9.47202 9.69051 0.296994
10.0709 9.19437 0.298937
10.0709 9.19437 0.298937
10.0709 9.19437 0.298937
10.0709 9.19437 0.298937
9.33446 9.34242 0.304283
9.34961 9.57178 0.302864
8.92789 9.21241 0.300764
9.55886 9.43266 0.312551
8.75928 9.72791 0.311026
8.75928 9.72791 0.311026
9.40376 9.21472 0.312991
8.81932 9.0562 0.296389
8.85695 9.47511 0.292586
8.49279 9.58712 0.294559
8.88843 9.00739 0.30005
9.38796 9.00318 0.314065
9.4063 9.8327 0.300702
9.4063 9.8327 0.300702
8.92077 9.41492 0.313329
8.91286 9.55842 0.294205
9.60429 10.0699 0.288458
9.60429 10.0699 0.288458
8.883 9.24345 0.296568
8.883 9.24345 0.296568
8.883 9.24345 0.296568
9.01288 9.73778 0.305089
9.01288 9.73778 0.305089
8.89894 9.44932 0.306805
9.66203 9.78079 0.291871
9.66203 9.78079 0.291871
9.38617 9.55562 0.320187
9.38617 9.55562 0.320187
9.38617 9.55562 0.320187
9.38617 9.55562 0.320187
9.13785 8.75888 0.29972
9.13785 8.75888 0.29972
9.03217 9.57867 0.294611
9.03217 9.57867 0.294611
9.14735 9.57105 0.276426
8.7137 9.20602 0.296129
9.54579 9.57038 0.29763
9.54579 9.57038 0.29763
9.22129 9.74767 0.31126
9.22129 9.74767 0.31126
9.65283 8.95515 0.302566
9.22874 8.95169 0.308833
9.66836 9.63152 0.300067
9.66836 9.63152 0.300067
9.66836 9.63152 0.300067
9.66836 9.63152 0.300067
9.27071 9.35659 0.288968
9.27071 9.35659 0.288968
9.42744 9.13537 0.305543
9.42744 9.13537 0.305543
9.42744 9.13537 0.305543
9.08336 9.75178 0.309485
9.08336 9.75178 0.309485
9.88441 9.46891 0.305177
8.88399 8.98626 0.28699
8.88399 8.98626 0.28699
9.76961 8.88081 0.303667
9.86061 9.62761 0.317327
9.81001 8.64918 0.30651
9.81001 8.64918 0.30651
9.03524 9.99722 0.295205
9.629 9.81019 0.29859
9.629 9.81019 0.29859
9.629 9.81019 0.29859
9.36387 9.2631 0.31034
9.47849 9.5225 0.293148
9.82063 9.63447 0.309631
9.82063 9.63447 0.309631
9.55552 9.21257 0.323947
9.55552 9.21257 0.323947
8.35197 8.43631 0.313611
8.35197 8.43631 0.313611
8.71686 8.11047 0.299693
8.71686 8.11047 0.299693
8.71686 8.11047 0.299693
7.64663 8.12897 0.319738
7.64663 8.12897 0.319738
8.58732 7.57603 0.337434
8.58732 7.57603 0.337434
8.58732 7.57603 0.337434
7.805 8.72203 0.313277
7.805 8.72203 0.313277
7.805 8.72203 0.313277
8.2983 7.97002 0.317054
8.2983 7.97002 0.317054
8.2983 7.97002 0.317054
8.27256 7.82112 0.311489
8.27256 7.82112 0.311489
8.27256 7.82112 0.311489
8.27256 7.82112 0.311489
8.27256 7.82112 0.311489
7.499 8.14352 0.316873
7.499 8.14352 0.316873
7.499 8.14352 0.316873
7.499 8.14352 0.316873
7.499 8.14352 0.316873
7.92377 8.54185 0.32276
8.31381 8.26791 0.299437
8.31381 8.26791 0.299437
7.77204 8.67098 0.328726
8.23882 7.99604 0.325077
7.66773 8.13578 0.319437
7.66773 8.13578 0.319437
7.66773 8.13578 0.319437
7.7041 7.5704 0.340253
7.83434 7.85823 0.304503
7.83434 7.85823 0.304503
8.48395 8.42675 0.317978
7.84561 8.04073 0.31323
7.9956 8.11105 0.308921
7.9956 8.11105 0.308921
8.15997 8.49525 0.298641
8.15997 8.49525 0.298641
8.15997 8.49525 0.298641
8.55763 8.3434 0.313431
8.43184 8.2994 0.310874
8.43184 8.2994 0.310874
8.36655 8.14339 0.331218
8.36655 8.14339 0.331218
8.34375 8.53557 0.309068
7.98564 8.32356 0.305118
7.98564 8.32356 0.305118
7.98564 8.32356 0.305118
7.97015 8.29358 0.302807
7.97015 8.29358 0.302807
8.3676 7.66694 0.30851
8.86081 7.88081 0.304136
8.86081 7.88081 0.304136
8.86081 7.88081 0.304136
8.86081 7.88081 0.304136
8.86081 7.88081 0.304136
7.87198 8.5433 0.300436
7.87198 8.5433 0.300436
7.87198 8.5433 0.300436
7.87198 8.5433 0.300436
8.42505 7.62826 0.32989
8.42505 7.62826 0.32989
8.09184 8.37776 0.306833
8.09184 8.37776 0.306833
8.09184 8.37776 0.306833
8.09184 8.37776 0.306833
7.93874 8.0122 0.33352
7.93874 8.0122 0.33352
7.93874 8.0122 0.33352
7.8919 8.42312 0.32402
7.8919 8.42312 0.32402
7.8919 8.42312 0.32402
8.25926 7.94479 0.322567
8.13419 8.37333 0.307235
8.13419 8.37333 0.307235
8.13419 8.37333 0.307235
8.41855 8.45002 0.318532
8.41855 8.45002 0.318532
8.10014 8.1911 0.321371
8.10014 8.1911 0.321371
8.10014 8.1911 0.321371
8.10014 8.1911 0.321371
8.10014 8.1911 0.321371
5.93497 6.76707 -0.00519412
6.78965 6.24129 0.0067937
6.78965 6.24129 0.0067937
6.78965 6.24129 0.0067937
6.78965 6.24129 0.0067937
6.78965 6.24129 0.0067937
6.78965 6.24129 0.0067937
6.54532 5.92121 -0.00115065
6.54532 5.92121 -0.00115065
6.54532 5.92121 -0.00115065
6.70325 6.56003 -0.00314776
6.70325 6.56003 -0.00314776
9.6035 8.94151 0.318595
9.51787 9.25538 0.297737
9.51135 9.77429 0.325116
9.51135 9.77429 0.325116
9.3734 9.24281 0.332333
9.3734 9.24281 0.332333
9.3734 9.24281 0.332333
9.3734 9.24281 0.332333
9.3734 9.24281 0.332333
9.23353 9.79786 0.319684
9.23065 9.52956 0.311696
9.23065 9.52956 0.311696
9.23065 9.52956 0.311696
9.79817 9.20696 0.32349
9.27306 9.52082 0.318129
9.42722 9.25337 0.334237
9.6712 9.51654 0.318462
10.145 9.21063 0.313376
9.96702 9.76987 0.309823
9.70167 9.2134 0.324869
9.0842 8.98901 0.322879
9.0842 8.98901 0.322879
9.37567 10.1218 0.310454
9.28194 8.99554 0.309691
9.28194 8.99554 0.309691
10.246 9.31925 0.297242
10.246 9.31925 0.297242
9.3452 9.06119 0.322083
9.3452 9.06119 0.322083
9.82507 9.76534 0.308599
9.82507 9.76534 0.308599
9.66748 9.25255 0.331954
9.9869 9.40075 0.305518
9.9869 9.40075 0.305518
9.33503 9.41288 0.306105
9.94001 9.30707 0.323058
9.62609 9.28973 0.304643
9.62609 9.28973 0.304643
9.62609 9.28973 0.304643
9.61168 9.77775 0.311411
10.0862 9.74695 0.331665
10.0862 9.74695 0.331665
10.2036 9.20826 0.319106
10.1237 9.69739 0.311257
9.62652 8.98707 0.314027
9.62652 8.98707 0.314027
9.62652 8.98707 0.314027
9.30169 9.48739 0.319933
9.29938 9.65177 0.325545
9.86958 9.44549 0.315408
9.53255 8.94047 0.296863
9.53255 8.94047 0.296863
9.53255 8.94047 0.296863
9.37686 9.85321 0.319481
9.13865 9.39253 0.300258
9.74572 9.93772 0.312267
9.74572 9.93772 0.312267
9.67166 9.92718 0.337592
9.67166 9.92718 0.337592
9.97137 9.56361 0.316517
9.97137 9.56361 0.316517
9.82431 9.27312 0.312601
9.07122 9.76423 0.336552
9.07122 9.76423 0.336552
9.26776 8.81613 0.309066
8.87479 9.71087 0.31553
9.4427 9.55672 0.311802
9.4427 9.55672 0.311802
9.43631 10.0436 0.342372
9.30684 9.43459 0.312282
9.71124 9.3286 0.301863
9.71124 9.3286 0.301863
9.44837 10.1435 0.331036
9.44837 10.1435 0.331036
9.44837 10.1435 0.331036
9.44837 10.1435 0.331036
9.44837 10.1435 0.331036
9.44837 10.1435 0.331036
9.96699 9.51618 0.317421
6.04386 6.25995 -0.00278758
6.04386 6.25995 -0.00278758
6.04386 6.25995 -0.00278758
6.04386 6.25995 -0.00278758
6.04386 6.25995 -0.00278758
6.40747 6.21512 0.0131552
6.40747 6.21512 0.0131552
6.05946 6.30869 -0.00444046
6.05946 6.30869 -0.00444046
5.97275 6.14852 -0.00265529
5.97275 6.14852 -0.00265529
6.70902 6.56811 -0.0165859
6.70902 6.56811 -0.0165859
6.70902 6.56811 -0.0165859
6.70902 6.56811 -0.0165859
6.70902 6.56811 -0.0165859
6.70902 6.56811 -0.0165859
6.70902 6.56811 -0.0165859
6.70902 6.56811 -0.0165859
6.70902 6.56811 -0.0165859
6.70902 6.56811 -0.0165859
3.9382 46.556 -66.807
3.9382 46.556 -66.807
3.9382 46.556 -66.807
3.9382 46.556 -66.807
3.9382 46.556 -66.807
3.9382 46.556 -66.807
3.9382 46.556 -66.807
3.9382 46.556 -66.807
3.9382 46.556 -66.807
3.9382 46.556 -66.807
3.9382 46.556 -66.807
3.9382 46.556 -66.807
3.9382 46.556 -66.807
3.9382 46.556 -66.807
3.9382 46.556 -66.807
3.9382 46.556 -66.807
3.9382 46.556 -66.807
3.9382 46.556 -66.807
3.9382 46.556 -66.807
3.9382 46.556 -66.807
3.9382 46.556 -66.807
3.9382 46.556 -66.807
3.9382 46.556 -66.807
3.9382 46.556 -66.807
3.9382 46.556 -66.807
3.9382 46.556 -66.807
3.9382 46.556 -66.807
3.9382 46.556 -66.807
3.9382 46.556 -66.807
3.9382 46.556 -66.807
3.9382 46.556 -66.807
3.9382 46.556 -66.807
3.9382 46.556 -66.807
3.9382 46.556 -66.807
3.9382 46.556 -66.807
3.9382 46.556 -66.807
3.9382 46.556 -66.807
3.9382 46.556 -66.807
3.9382 46.556 -66.807
3.9382 46.556 -66.807
3.9382 46.556 -66.807
3.9382 46.556 -66.807
3.9382 46.556 -66.807
3.9382 46.556 -66.807
3.9382 46.556 -66.807
3.9382 46.556 -66.807
3.9382 46.556 -66.807
8.61143 8.82015 0.310321
3.9382 46.556 -66.807
3.9382 46.556 -66.807
3.9382 46.556 -66.807
3.9382 46.556 -66.807
3.9382 46.556 -66.807
3.9382 46.556 -66.807
3.9382 46.556 -66.807
3.9382 46.556 -66.807
3.9382 46.556 -66.807
3.9382 46.556 -66.807
3.9382 46.556 -66.807
9.95069 9.76913 0.320253
3.9382 46.556 -66.807
3.9382 46.556 -66.807
3.9382 46.556 -66.807
3.9382 46.556 -66.807
3.9382 46.556 -66.807
3.9382 46.556 -66.807
3.9382 46.556 -66.807
3.9382 46.556 -66.807
3.9382 46.556 -66.807
3.9382 46.556 -66.807
3.9382 46.556 -66.807
3.9382 46.556 -66.807
3.9382 46.556 -66.807
3.9382 46.556 -66.807
3.9382 46.556 -66.807
3.9382 46.556 -66.807
3.9382 46.556 -66.807
3.9382 46.556 -66.807
3.9382 46.556 -66.807
3.9382 46.556 -66.807
3.9382 46.556 -66.807
3.9382 46.556 -66.807
3.9382 46.556 -66.807
3.9382 46.556 -66.807
3.9382 46.556 -66.807
3.9382 46.556 -66.807
3.9382 46.556 -66.807
3.9382 46.556 -66.807
3.9382 46.556 -66.807
3.9382 46.556 -66.807
3.9382 46.556 -66.807
3.9382 46.556 -66.807
3.9382 46.556 -66.807
3.9382 46.556 -66.807
3.9382 46.556 -66.807
3.9382 46.556 -66.807
3.9382 46.556 -66.807
3.9382 46.556 -66.807
3.9382 46.556 -66.807
3.9382 46.556 -66.807
7.72865 8.04336 0.331851
7.72865 8.04336 0.331851
7.30296 7.73336 0.329273
7.30296 7.73336 0.329273
7.30296 7.73336 0.329273
7.30296 7.73336 0.329273
7.30296 7.73336 0.329273
7.8534 7.72266 0.320192
7.8534 7.72266 0.320192
7.8534 7.72266 0.320192
7.8534 7.72266 0.320192
7.8534 7.72266 0.320192
7.8534 7.72266 0.320192
7.8534 7.72266 0.320192
7.8534 7.72266 0.320192
7.8534 7.72266 0.320192
7.8534 7.72266 0.320192
7.8534 7.72266 0.320192
7.8534 7.72266 0.320192
7.46185 7.827 0.319584
7.78188 8.13202 0.335203
7.78188 8.13202 0.335203
7.12944 7.60813 0.311065
7.12944 7.60813 0.311065
7.12944 7.60813 0.311065
7.12944 7.60813 0.311065
7.46055 7.45275 0.316035
7.46055 7.45275 0.316035
7.46055 7.45275 0.316035
7.57229 7.48982 0.332965
7.57229 7.48982 0.332965
7.67603 7.74788 0.293795
7.67603 7.74788 0.293795
7.67603 7.74788 0.293795
7.21953 7.32823 0.307786
7.70873 7.58471 0.31198
7.70873 7.58471 0.31198
7.70873 7.58471 0.31198
7.70873 7.58471 0.31198
7.70873 7.58471 0.31198
7.70873 7.58471 0.31198
8.54932 7.36399 0.34867
8.54932 7.36399 0.34867
8.54932 7.36399 0.34867
7.74828 7.47277 0.319359
7.74828 7.47277 0.319359
7.74828 7.47277 0.319359
7.74828 7.47277 0.319359
7.12493 7.91331 0.311114
7.12493 7.91331 0.311114
7.12493 7.91331 0.311114
7.27431 8.0626 0.318004
7.27431 8.0626 0.318004
7.48535 7.65056 0.332828
7.48535 7.65056 0.332828
7.7698 7.43687 0.344969
8.33127 7.50235 0.335102
8.33127 7.50235 0.335102
8.33127 7.50235 0.335102
8.33127 7.50235 0.335102
8.33127 7.50235 0.335102
8.33127 7.50235 0.335102
8.33127 7.50235 0.335102
8.33127 7.50235 0.335102
8.33127 7.50235 0.335102
8.33127 7.50235 0.335102
7.91409 8.01297 0.327957
7.91409 8.01297 0.327957
7.91409 8.01297 0.327957
7.91409 8.01297 0.327957
7.91409 8.01297 0.327957
7.91409 8.01297 0.327957
7.91409 8.01297 0.327957
7.85687 7.37369 0.331417
7.74648 7.26979 0.332407
7.45289 7.50383 0.33104
7.70203 7.8936 0.333372
7.8181 7.16971 0.32959
7.36696 7.63348 0.329834
7.88541 7.29813 0.333713
8.92221 8.96853 0.325369
8.92221 8.96853 0.325369
8.92221 8.96853 0.325369
8.92221 8.96853 0.325369
8.42589 8.8106 0.309605
8.42589 8.8106 0.309605
8.42589 8.8106 0.309605
8.4823 8.37889 0.326317
8.4823 8.37889 0.326317
8.4823 8.37889 0.326317
9.10646 9.0476 0.309926
9.10646 9.0476 0.309926
8.37778 8.49399 0.32115
9.00961 8.5066 0.296435
8.81073 8.6639 0.336061
8.81073 8.6639 0.336061
8.81073 8.6639 0.336061
8.81073 8.6639 0.336061
8.81073 8.6639 0.336061
8.81073 8.6639 0.336061
