58.3686 58.4212 0.148593
25.9579 26.0593 0.228832
32.584 32.4279 0.187846
65.5289 64.7983 0.112927
9.38676 9.21869 0.309483
30.6947 30.7218 0.218197
41.8668 41.699 0.176667
66.4238 66.375 0.116346
41.8668 41.699 0.176667
18.298 17.9685 0.298419
45.1737 44.9782 0.181866
34.8305 35.2595 0.187659
36.701 36.6893 0.183929
20.9975 20.802 0.281958
11.9919 12.8229 0.308825
17.4042 17.8942 0.284772
57.4316 57.3113 0.140363
74.5271 73.7461 0.099644
48.5975 47.9877 0.170973
56.1618 55.8239 0.146047
42.7188 43.1101 0.187575
20.8324 20.6257 0.259427
59.3397 59.3645 0.106666
59.9218 59.7509 0.101028
17.4042 17.8942 0.284772
68.3063 67.5446 0.113891
75.3528 75.371 0.101137
16.3974 16.354 0.296558
25.9349 25.4139 0.215467
61.2745 60.251 0.122097
29.8641 30.1664 0.220856
9.75382 8.97282 0.30782
66.1824 66.3126 0.13002
19.2758 19.6126 0.28139
15.2874 15.567 0.284193
29.8641 30.1664 0.220856
68.964 68.4381 0.125397
52.0654 51.7004 0.127937
15.831 16.2275 0.283055
66.7257 66.5302 0.130447
67.5 67.6013 0.110415
63.1143 63.3169 0.124272
69.049 69.1793 0.104342
56.1265 55.8938 0.12483
20.8324 20.6257 0.259427
44.3698 44.7611 0.174337
36.701 36.6893 0.183929
31.8416 31.5521 0.197039
9.22828 9.25309 0.302213
27.0556 27.0827 0.222249
52.346 52.0492 0.138486
44.3698 44.7611 0.174337
50.0946 50.4859 0.175455
33.9152 34.2175 0.219411
55.1923 55.4568 0.148509
13.1717 13.1988 0.295595
63.3571 63.2569 0.149847
64.3457 64.3237 0.130059
14.9372 15.478 0.295899
18.8795 19.3555 0.261025
62.9856 62.6361 0.114059
52.4489 52.1512 0.157302
10.3423 9.90214 0.291107
27.1544 27.6444 0.232376
55.1923 55.4568 0.148509
11.2885 11.4187 0.317347
49.4451 49.6477 0.155529
29.8641 30.1664 0.220856
73.1923 72.2808 0.117149
71.8276 71.9634 0.115021
55.0017 54.929 0.145626
45.1737 44.9782 0.181866
52.0654 51.7004 0.127937
71.0246 70.9328 0.123433
6.41059 6.44927 0.336636
50.8006 49.7109 0.183161
16.0587 15.7292 0.318592
22.9475 22.7795 0.264937
19.2758 19.6126 0.28139
42.7188 43.1101 0.187575
24.8543 25.2307 0.245901
68.6056 68.6238 0.115971
57.4316 57.3113 0.140363
47.8238 47.617 0.168417
36.8631 37.1039 0.180969
6.41392 6.84292 0.31191
15.831 16.2275 0.283055
15.8208 16.3301 0.271449
74.0184 74.2828 0.105929
39.0225 39.5091 0.159494
73.112 73.5182 0.114386
43.3624 43.1878 0.186984
73.1923 72.2808 0.117149
37.4607 36.6797 0.201738
57.139 57.2748 0.136187
74.2969 74.1288 0.112401
43.096 42.4862 0.174503
15.4497 15.3771 0.290848
27.4563 27.4745 0.214933
68.3337 68.1746 0.144879
11.3387 10.7606 0.296188
11.3387 10.7606 0.296188
12.2674 11.325 0.325566
12.2674 11.325 0.325566
12.2674 11.325 0.325566
12.2674 11.325 0.325566
12.2674 11.325 0.325566
12.2674 11.325 0.325566
12.2674 11.325 0.325566
12.2674 11.325 0.325566
12.2674 11.325 0.325566
12.2674 11.325 0.325566
12.2674 11.325 0.325566
12.2674 11.325 0.325566
12.2674 11.325 0.325566
19.4198 19.0872 0.261972
18.8672 19.0774 0.272299
18.8672 19.0774 0.272299
18.8672 19.0774 0.272299
18.8672 19.0774 0.272299
18.8672 19.0774 0.272299
18.8672 19.0774 0.272299
18.8672 19.0774 0.272299
18.8672 19.0774 0.272299
18.8672 19.0774 0.272299
18.8672 19.0774 0.272299
18.8672 19.0774 0.272299
18.8672 19.0774 0.272299
18.8672 19.0774 0.272299
18.8672 19.0774 0.272299
18.8672 19.0774 0.272299
18.8672 19.0774 0.272299
18.8672 19.0774 0.272299
18.8672 19.0774 0.272299
18.8672 19.0774 0.272299
18.8672 19.0774 0.272299
18.8672 19.0774 0.272299
18.8672 19.0774 0.272299
18.8672 19.0774 0.272299
18.8672 19.0774 0.272299
18.8672 19.0774 0.272299
18.8672 19.0774 0.272299
18.8672 19.0774 0.272299
18.8672 19.0774 0.272299
18.8672 19.0774 0.272299
18.8672 19.0774 0.272299
18.8672 19.0774 0.272299
18.8672 19.0774 0.272299
18.8672 19.0774 0.272299
18.8672 19.0774 0.272299
18.8672 19.0774 0.272299
18.8672 19.0774 0.272299
18.8672 19.0774 0.272299
18.8672 19.0774 0.272299
18.8672 19.0774 0.272299
18.8672 19.0774 0.272299
18.8672 19.0774 0.272299
18.8672 19.0774 0.272299
18.8672 19.0774 0.272299
18.8672 19.0774 0.272299
18.8672 19.0774 0.272299
27.0225 26.316 0.2426
27.0225 26.316 0.2426
27.0225 26.316 0.2426
26.4151 25.1785 0.225136
26.4151 25.1785 0.225136
26.4151 25.1785 0.225136
26.4151 25.1785 0.225136
26.4151 25.1785 0.225136
26.4151 25.1785 0.225136
26.0644 26.4276 0.231325
26.0644 26.4276 0.231325
26.0644 26.4276 0.231325
26.0644 26.4276 0.231325
26.4587 25.8837 0.215537
26.4587 25.8837 0.215537
26.4587 25.8837 0.215537
26.4587 25.8837 0.215537
26.4587 25.8837 0.215537
26.4587 25.8837 0.215537
26.4587 25.8837 0.215537
26.4587 25.8837 0.215537
26.4587 25.8837 0.215537
26.4587 25.8837 0.215537
26.4587 25.8837 0.215537
26.4587 25.8837 0.215537
26.4587 25.8837 0.215537
26.0472 26.58 0.225684
26.0472 26.58 0.225684
26.0472 26.58 0.225684
26.0472 26.58 0.225684
26.7948 25.835 0.228631
26.7948 25.835 0.228631
26.7948 25.835 0.228631
26.7948 25.835 0.228631
26.7948 25.835 0.228631
26.7948 25.835 0.228631
26.7948 25.835 0.228631
26.7948 25.835 0.228631
26.7948 25.835 0.228631
48.6507 48.7583 0.142571
48.4973 49.0045 0.166197
48.4973 49.0045 0.166197
48.4973 49.0045 0.166197
48.4973 49.0045 0.166197
48.4973 49.0045 0.166197
48.4973 49.0045 0.166197
48.4973 49.0045 0.166197
48.4973 49.0045 0.166197
48.4973 49.0045 0.166197
48.4973 49.0045 0.166197
48.4973 49.0045 0.166197
48.4973 49.0045 0.166197
48.5435 48.6803 0.151956
48.5435 48.6803 0.151956
48.5435 48.6803 0.151956
48.5435 48.6803 0.151956
48.5435 48.6803 0.151956
48.5435 48.6803 0.151956
48.5435 48.6803 0.151956
48.5435 48.6803 0.151956
48.5435 48.6803 0.151956
48.5435 48.6803 0.151956
44.8073 44.3438 0.182986
44.8073 44.3438 0.182986
44.8073 44.3438 0.182986
44.8073 44.3438 0.182986
44.8073 44.3438 0.182986
44.8073 44.3438 0.182986
44.8073 44.3438 0.182986
44.8073 44.3438 0.182986
44.8073 44.3438 0.182986
44.8073 44.3438 0.182986
44.9038 43.9438 0.156876
44.9038 43.9438 0.156876
44.9038 43.9438 0.156876
44.6028 44.3993 0.169316
44.6028 44.3993 0.169316
44.6028 44.3993 0.169316
44.6028 44.3993 0.169316
44.6028 44.3993 0.169316
44.6028 44.3993 0.169316
44.6028 44.3993 0.169316
44.6028 44.3993 0.169316
44.6028 44.3993 0.169316
44.6028 44.3993 0.169316
44.6028 44.3993 0.169316
44.6028 44.3993 0.169316
44.6028 44.3993 0.169316
44.6028 44.3993 0.169316
44.6028 44.3993 0.169316
44.6028 44.3993 0.169316
43.5555 42.955 0.162999
43.5555 42.955 0.162999
43.5555 42.955 0.162999
43.5555 42.955 0.162999
43.5555 42.955 0.162999
43.5555 42.955 0.162999
43.5555 42.955 0.162999
43.5555 42.955 0.162999
43.5555 42.955 0.162999
43.5555 42.955 0.162999
43.5555 42.955 0.162999
43.5555 42.955 0.162999
43.5555 42.955 0.162999
43.5555 42.955 0.162999
43.5555 42.955 0.162999
43.5555 42.955 0.162999
43.5555 42.955 0.162999
43.5555 42.955 0.162999
43.5555 42.955 0.162999
43.5555 42.955 0.162999
43.5555 42.955 0.162999
43.5555 42.955 0.162999
43.5555 42.955 0.162999
11.751 11.9067 0.311021
11.751 11.9067 0.311021
11.751 11.9067 0.311021
11.751 11.9067 0.311021
11.751 11.9067 0.311021
11.751 11.9067 0.311021
11.751 11.9067 0.311021
11.751 11.9067 0.311021
11.751 11.9067 0.311021
11.751 11.9067 0.311021
11.086 11.5883 0.294658
11.086 11.5883 0.294658
11.086 11.5883 0.294658
11.086 11.5883 0.294658
11.086 11.5883 0.294658
11.086 11.5883 0.294658
11.086 11.5883 0.294658
11.086 11.5883 0.294658
11.086 11.5883 0.294658
11.086 11.5883 0.294658
11.086 11.5883 0.294658
11.086 11.5883 0.294658
11.086 11.5883 0.294658
11.086 11.5883 0.294658
11.086 11.5883 0.294658
