24.0514 24.0696 0.253401
45.1737 44.9782 0.181866
52.0472 52.0655 0.139043
18.298 17.9685 0.298419
19.4282 19.2573 0.256317
48.3979 48.2087 0.159202
10.1126 10.2139 0.294161
36.6415 37.1175 0.189836
6.12699 6.26278 -0.00087697
11.9919 12.8229 0.308825
48.382 48.5449 0.178123
55.9233 55.7342 0.129835
6.26297 5.93353 0.0169025
19.4282 19.2573 0.256317
36.701 36.6893 0.183929
45.2065 44.857 0.165738
35.3149 36.0773 0.203059
22.9475 22.7795 0.264937
16.2032 15.9965 0.292768
15.831 16.2275 0.283055
26.4588 26.3875 0.24176
55.1923 55.4568 0.148509
10.5339 11.1495 0.291346
15.8208 16.3301 0.271449
19.4282 19.2573 0.256317
15.7432 15.5724 0.282706
15.8888 15.7885 0.324489
32.9867 32.975 0.19424
27.0556 27.0827 0.222249
18.298 17.9685 0.298419
46.703 46.1539 0.173539
16.0587 15.7292 0.318592
55.2862 54.6483 0.150005
14.0762 13.8435 0.277601
10.3423 9.90214 0.291107
10.0759 10.8416 0.314738
25.9349 25.4139 0.215467
32.584 32.4279 0.187846
38.4472 38.2726 0.195964
44.8202 45.3101 0.178614
44.3509 44.1828 0.178634
16.0587 15.7292 0.318592
55.701 54.92 0.142224
30.6947 30.7218 0.218197
38.0656 38.5522 0.180918
27.036 27.1989 0.239084
22.4205 22.9105 0.275979
32.9867 32.975 0.19424
58.4499 58.0342 0.137878
30.1396 30.0621 0.220823
30.6947 30.7218 0.218197
31.9523 31.9993 0.190278
24.0654 23.9651 0.270039
20.5183 20.1938 0.271574
28.9438 28.9218 0.232835
54.6385 55.0447 0.165283
20.0885 20.5076 0.290812
29.8641 30.1664 0.220856
23.3807 23.5833 0.257712
6.26297 5.93353 0.0169025
43.6592 43.1333 0.166927
15.8112 16.2818 0.307003
30.6947 30.7218 0.218197
15.4497 15.3771 0.290848
27.4563 27.4745 0.214933
10.3561 10.7326 0.298809
17.4042 17.8942 0.284772
57.5846 57.3891 0.150674
32.584 32.4279 0.187846
48.3979 48.2087 0.159202
26.4588 26.3875 0.24176
46.3978 46.804 0.18302
32.9867 32.975 0.19424
53.2279 53.7149 0.12647
14.0762 13.8435 0.277601
23.8977 23.9878 0.245892
11.9624 12.0525 0.304642
39.7704 40.3691 0.170289
13.1717 13.1988 0.295595
31.4178 30.7799 0.218725
15.2874 15.567 0.284193
42.436 42.7096 0.172924
51.7232 51.7795 0.145452
58.9849 59.3004 0.110754
50.7382 50.5636 0.174864
62.1488 62.5402 0.122657
23.631 23.794 0.277553
10.3423 9.90214 0.291107
31.4839 31.8388 0.201705
39.7704 40.3691 0.170289
44.8202 45.3101 0.178614
47.683 47.531 0.181975
30.6947 30.7218 0.218197
46.4651 46.1357 0.183886
17.4042 17.8942 0.284772
20.8324 20.6257 0.259427
26.4588 26.3875 0.24176
58.0478 58.5349 0.137448
16.0716 15.1602 0.320489
22.3479 22.4181 0.262509
17.5537 17.1309 0.266849
17.7301 17.5275 0.271191
17.7301 17.5275 0.271191
17.7301 17.5275 0.271191
17.7301 17.5275 0.271191
17.7301 17.5275 0.271191
17.7301 17.5275 0.271191
17.7301 17.5275 0.271191
17.7301 17.5275 0.271191
17.7301 17.5275 0.271191
17.7301 17.5275 0.271191
17.7301 17.5275 0.271191
17.7301 17.5275 0.271191
17.7301 17.5275 0.271191
17.7301 17.5275 0.271191
17.7301 17.5275 0.271191
17.7301 17.5275 0.271191
17.7301 17.5275 0.271191
17.7301 17.5275 0.271191
17.7301 17.5275 0.271191
17.7301 17.5275 0.271191
17.7301 17.5275 0.271191
17.7301 17.5275 0.271191
17.7301 17.5275 0.271191
17.7301 17.5275 0.271191
17.7301 17.5275 0.271191
17.7301 17.5275 0.271191
17.7301 17.5275 0.271191
17.7301 17.5275 0.271191
17.7301 17.5275 0.271191
17.7301 17.5275 0.271191
17.7301 17.5275 0.271191
17.7301 17.5275 0.271191
17.7301 17.5275 0.271191
17.7301 17.5275 0.271191
17.7301 17.5275 0.271191
17.7301 17.5275 0.271191
17.7301 17.5275 0.271191
17.4655 17.4557 0.268574
17.4655 17.4557 0.268574
17.4655 17.4557 0.268574
17.4655 17.4557 0.268574
17.4655 17.4557 0.268574
17.4655 17.4557 0.268574
17.4655 17.4557 0.268574
17.4655 17.4557 0.268574
17.4655 17.4557 0.268574
17.4655 17.4557 0.268574
17.4655 17.4557 0.268574
17.4655 17.4557 0.268574
17.4655 17.4557 0.268574
17.4655 17.4557 0.268574
17.4655 17.4557 0.268574
17.4655 17.4557 0.268574
17.4655 17.4557 0.268574
17.4655 17.4557 0.268574
17.4655 17.4557 0.268574
17.4655 17.4557 0.268574
17.278 17.5676 0.282392
17.278 17.5676 0.282392
17.278 17.5676 0.282392
17.278 17.5676 0.282392
17.278 17.5676 0.282392
17.278 17.5676 0.282392
17.278 17.5676 0.282392
17.278 17.5676 0.282392
17.278 17.5676 0.282392
17.278 17.5676 0.282392
17.278 17.5676 0.282392
17.278 17.5676 0.282392
17.278 17.5676 0.282392
17.278 17.5676 0.282392
8.08169 8.49595 0.324035
8.08169 8.49595 0.324035
8.08169 8.49595 0.324035
8.08169 8.49595 0.324035
8.08169 8.49595 0.324035
15.9359 16.1269 0.279564
15.9359 16.1269 0.279564
15.9359 16.1269 0.279564
15.9359 16.1269 0.279564
15.9359 16.1269 0.279564
15.9359 16.1269 0.279564
15.9359 16.1269 0.279564
15.9359 16.1269 0.279564
15.9359 16.1269 0.279564
15.9359 16.1269 0.279564
15.9359 16.1269 0.279564
15.9359 16.1269 0.279564
15.9359 16.1269 0.279564
15.9359 16.1269 0.279564
15.9359 16.1269 0.279564
15.9359 16.1269 0.279564
15.9359 16.1269 0.279564
15.9359 16.1269 0.279564
15.9359 16.1269 0.279564
15.9359 16.1269 0.279564
15.9359 16.1269 0.279564
15.9359 16.1269 0.279564
16.344 16.1833 0.259301
17.0248 17.2767 0.248105
17.0248 17.2767 0.248105
17.0248 17.2767 0.248105
17.0248 17.2767 0.248105
17.0248 17.2767 0.248105
17.0248 17.2767 0.248105
17.0248 17.2767 0.248105
17.0248 17.2767 0.248105
17.0248 17.2767 0.248105
17.0248 17.2767 0.248105
17.0248 17.2767 0.248105
17.0248 17.2767 0.248105
17.0248 17.2767 0.248105
17.0248 17.2767 0.248105
17.0248 17.2767 0.248105
17.0248 17.2767 0.248105
17.0248 17.2767 0.248105
17.0248 17.2767 0.248105
17.0248 17.2767 0.248105
17.0248 17.2767 0.248105
17.0248 17.2767 0.248105
17.0248 17.2767 0.248105
17.0248 17.2767 0.248105
17.0248 17.2767 0.248105
17.0248 17.2767 0.248105
17.0248 17.2767 0.248105
17.0248 17.2767 0.248105
17.0248 17.2767 0.248105
17.0248 17.2767 0.248105
17.4648 17.084 0.259309
17.4648 17.084 0.259309
17.4648 17.084 0.259309
17.4648 17.084 0.259309
17.4648 17.084 0.259309
17.4648 17.084 0.259309
17.4648 17.084 0.259309
17.4648 17.084 0.259309
17.4648 17.084 0.259309
17.4648 17.084 0.259309
17.4648 17.084 0.259309
17.5082 17.9502 0.276954
17.5082 17.9502 0.276954
17.2794 17.5425 0.281869
17.2794 17.5425 0.281869
17.5007 17.4029 0.269648
17.5007 17.4029 0.269648
17.5007 17.4029 0.269648
17.5007 17.4029 0.269648
17.5007 17.4029 0.269648
17.5007 17.4029 0.269648
17.5007 17.4029 0.269648
17.5007 17.4029 0.269648
17.5007 17.4029 0.269648
17.5007 17.4029 0.269648
17.5007 17.4029 0.269648
17.5007 17.4029 0.269648
17.5007 17.4029 0.269648
17.5007 17.4029 0.269648
17.5007 17.4029 0.269648
17.5007 17.4029 0.269648
17.5007 17.4029 0.269648
17.5007 17.4029 0.269648
17.5007 17.4029 0.269648
17.5007 17.4029 0.269648
17.5007 17.4029 0.269648
17.5007 17.4029 0.269648
17.5007 17.4029 0.269648
17.5007 17.4029 0.269648
17.5007 17.4029 0.269648
17.5007 17.4029 0.269648
17.5007 17.4029 0.269648
17.5007 17.4029 0.269648
17.5007 17.4029 0.269648
17.5007 17.4029 0.269648
17.5007 17.4029 0.269648
17.5007 17.4029 0.269648
17.5007 17.4029 0.269648
17.5007 17.4029 0.269648
17.6884 17.3566 0.264901
17.6884 17.3566 0.264901
17.6884 17.3566 0.264901
17.6884 17.3566 0.264901
17.6884 17.3566 0.264901
17.6884 17.3566 0.264901
17.6884 17.3566 0.264901
17.6884 17.3566 0.264901
17.6884 17.3566 0.264901
17.6884 17.3566 0.264901
17.6884 17.3566 0.264901
17.6884 17.3566 0.264901
17.6884 17.3566 0.264901
17.6884 17.3566 0.264901
17.6884 17.3566 0.264901
17.6884 17.3566 0.264901
17.6884 17.3566 0.264901
17.6884 17.3566 0.264901
17.6884 17.3566 0.264901
17.6884 17.3566 0.264901
17.6884 17.3566 0.264901
17.6884 17.3566 0.264901
