6.26867 7.09974 0.304316
7.22063 7.98632 0.332594
9.22787 9.12761 0.327324
10.3423 9.90214 0.291107
10.3423 9.90214 0.291107
9.58977 9.43365 0.291005
9.877 9.52748 0.313101
7.48255 7.6128 0.337665
8.63151 8.34205 0.326626
10.6706 10.3211 0.305516
10.9447 10.7886 0.286177
6.26867 7.09974 0.304316
7.09037 6.36129 0.306814
9.60664 8.87602 0.319194
8.67818 8.51011 0.324408
7.2269 8.05797 0.324845
11.1069 11.4618 0.316006
10.0264 9.50547 0.30064
6.63728 6.66439 0.29874
8.47849 8.40586 0.311079
10.3778 10.4792 0.28731
11.8646 11.5151 0.301647
5.88158 6.36862 0.302299
6.4195 6.29928 0.00329886
9.60664 8.87602 0.319194
6.0564 5.53544 0.309091
7.28648 7.68299 0.328781
9.89382 9.52452 0.327168
8.08239 7.78463 0.323966
7.19868 7.96436 0.338038
11.5222 11.1928 0.321067
9.22787 9.12761 0.327324
9.22828 9.25309 0.302213
10.4507 10.4779 0.301414
6.93656 6.81633 0.301809
10.9967 10.842 0.291048
6.62413 6.67677 0.295468
6.41392 6.84292 0.31191
8.16877 8.00963 0.336521
11.2776 11.511 0.305
7.09037 6.36129 0.306814
10.6558 10.786 0.323974
6.41141 5.80163 0.326401
11.8326 11.1035 0.312469
10.6449 10.8783 0.311626
10.0909 10.4673 0.30566
9.84419 9.64871 0.329229
7.77147 7.61535 0.299868
6.46883 6.48691 -0.00085994
9.54755 8.63614 0.334419
11.8362 11.6684 0.292522
7.64894 8.05518 0.34052
8.32888 7.56721 0.308641
8.04784 7.85237 0.332648
9.38676 9.21869 0.309483
6.26867 7.09974 0.304316
6.98588 7.00396 0.29765
7.51105 8.10972 0.316003
10.9897 10.9122 0.308072
9.70809 8.97901 0.312829
9.18207 9.28344 0.290651
8.92775 9.20139 0.323956
10.2639 10.8836 0.305908
6.29217 6.34845 0.315809
11.2278 11.0327 0.318099
11.5068 11.8437 0.302919
10.83 11.4456 0.300954
10.6522 11.0286 0.308417
11.8318 11.6363 0.317775
6.57683 6.64695 0.314997
7.86086 7.6541 0.315561
10.72 10.3954 0.314017
8.04784 7.85237 0.332648
8.07652 7.88142 0.326346
11.2283 11.1849 0.30566
7.76934 7.81639 0.324898
8.78117 8.44332 0.333806
9.22828 9.25309 0.302213
7.98755 8.64254 0.324183
6.41141 5.80163 0.326401
11.0954 11.1135 0.309931
9.98836 9.22669 0.294127
8.63151 8.34205 0.326626
10.1126 10.2139 0.294161
8.04784 7.85237 0.332648
9.51919 9.85606 0.314373
9.30085 9.4311 0.328802
11.479 11.7586 0.297703
7.09037 6.36129 0.306814
10.5399 9.4502 0.32182
8.23837 8.66738 0.310123
6.29217 6.34845 0.315809
7.7512 6.83979 0.337838
6.31797 6.82728 0.296647
6.26297 5.93353 0.0169025
11.8814 11.5121 0.315714
6.4195 6.29928 0.00329886
8.16877 8.00963 0.336521
10.6655 9.93492 0.304758
11.7408 11.811 0.302677
6.31797 6.82728 0.296647
6.31797 6.82728 0.296647
6.31797 6.82728 0.296647
7.19264 7.0218 0.290561
7.19264 7.0218 0.290561
7.19264 7.0218 0.290561
7.19264 7.0218 0.290561
7.19264 7.0218 0.290561
7.19264 7.0218 0.290561
7.19264 7.0218 0.290561
7.19264 7.0218 0.290561
7.19264 7.0218 0.290561
7.19264 7.0218 0.290561
7.19264 7.0218 0.290561
7.19264 7.0218 0.290561
7.19264 7.0218 0.290561
7.19264 7.0218 0.290561
7.19264 7.0218 0.290561
6.56435 6.66572 0.284637
6.56435 6.66572 0.284637
6.56435 6.66572 0.284637
6.56435 6.66572 0.284637
6.56435 6.66572 0.284637
6.21688 7.0087 0.298735
6.21688 7.0087 0.298735
6.21688 7.0087 0.298735
6.21688 7.0087 0.298735
6.21688 7.0087 0.298735
6.98588 7.00396 0.29765
6.95342 6.40435 0.29931
6.95342 6.40435 0.29931
6.95342 6.40435 0.29931
6.95342 6.40435 0.29931
6.95342 6.40435 0.29931
6.95342 6.40435 0.29931
6.95342 6.40435 0.29931
6.95342 6.40435 0.29931
6.71398 6.77026 0.297833
6.71398 6.77026 0.297833
6.71398 6.77026 0.297833
6.71398 6.77026 0.297833
6.71398 6.77026 0.297833
6.25576 6.57126 0.300287
6.5288 6.08867 0.288434
6.5288 6.08867 0.288434
6.5288 6.08867 0.288434
6.5288 6.08867 0.288434
6.5288 6.08867 0.288434
6.5288 6.08867 0.288434
6.5288 6.08867 0.288434
6.5288 6.08867 0.288434
6.83679 6.60404 0.291649
6.93656 6.81633 0.301809
6.93656 6.81633 0.301809
6.93656 6.81633 0.301809
6.93656 6.81633 0.301809
7.65865 7.3692 0.331659
7.65865 7.3692 0.331659
7.65865 7.3692 0.331659
7.65865 7.3692 0.331659
7.65865 7.3692 0.331659
8.33264 7.80676 0.326823
8.33264 7.80676 0.326823
8.33264 7.80676 0.326823
8.00153 7.93026 0.323537
8.00153 7.93026 0.323537
7.42685 7.69129 0.322969
7.42685 7.69129 0.322969
8.0587 7.70919 0.321965
7.30096 7.65592 0.336324
7.30096 7.65592 0.336324
7.30096 7.65592 0.336324
7.57356 7.60066 0.324713
8.02665 7.29757 0.332787
8.02665 7.29757 0.332787
8.02665 7.29757 0.332787
8.02665 7.29757 0.332787
8.12069 7.09715 0.323197
8.12069 7.09715 0.323197
8.12069 7.09715 0.323197
8.12069 7.09715 0.323197
8.12069 7.09715 0.323197
8.12069 7.09715 0.323197
8.12069 7.09715 0.323197
8.12069 7.09715 0.323197
8.12069 7.09715 0.323197
8.12069 7.09715 0.323197
8.12069 7.09715 0.323197
7.65479 7.36496 0.332277
7.99242 7.62739 0.306291
7.99242 7.62739 0.306291
7.99242 7.62739 0.306291
7.99242 7.62739 0.306291
8.29668 7.65871 0.325242
8.29668 7.65871 0.325242
8.29668 7.65871 0.325242
8.29668 7.65871 0.325242
7.54684 7.57165 0.322171
7.54684 7.57165 0.322171
7.52118 8.17617 0.333967
8.72515 8.14746 0.318369
8.72515 8.14746 0.318369
8.72515 8.14746 0.318369
8.34215 9.05572 0.325648
8.34215 9.05572 0.325648
8.34215 9.05572 0.325648
9.11323 8.8263 0.315751
9.11323 8.8263 0.315751
9.11323 8.8263 0.315751
9.11323 8.8263 0.315751
8.52621 8.81039 0.329877
8.52621 8.81039 0.329877
8.52621 8.81039 0.329877
8.52621 8.81039 0.329877
8.52621 8.81039 0.329877
8.52621 8.81039 0.329877
8.88428 8.77002 0.333313
8.98311 9.04594 0.297332
8.98311 9.04594 0.297332
9.12746 8.67306 0.314356
9.12746 8.67306 0.314356
8.44746 8.96081 0.337456
8.44746 8.96081 0.337456
8.82725 8.57112 0.302075
8.82725 8.57112 0.302075
8.82725 8.57112 0.302075
8.82725 8.57112 0.302075
8.82725 8.57112 0.302075
8.82725 8.57112 0.302075
8.82725 8.57112 0.302075
8.5251 8.01321 0.307354
8.64915 9.02698 0.291996
8.64915 9.02698 0.291996
8.89546 8.64134 0.329511
8.78457 8.7385 0.32335
8.78457 8.7385 0.32335
8.78457 8.7385 0.32335
8.57285 9.14248 0.339881
8.57285 9.14248 0.339881
8.57285 9.14248 0.339881
8.57285 9.14248 0.339881
8.77491 8.26215 0.322744
8.77491 8.26215 0.322744
8.77491 8.26215 0.322744
8.77491 8.26215 0.322744
8.77491 8.26215 0.322744
8.77491 8.26215 0.322744
8.77491 8.26215 0.322744
8.77491 8.26215 0.322744
8.23801 9.19105 0.317012
9.28102 8.85863 0.326861
9.28102 8.85863 0.326861
9.28102 8.85863 0.326861
9.28102 8.85863 0.326861
8.29184 8.13355 0.31689
8.30185 8.91143 0.311244
8.43965 8.69767 0.314685
8.43965 8.69767 0.314685
8.43965 8.69767 0.314685
7.90465 8.64271 0.324335
7.90465 8.64271 0.324335
7.90465 8.64271 0.324335
8.75062 8.58779 0.304067
8.75062 8.58779 0.304067
8.75062 8.58779 0.304067
8.73954 9.02063 0.329648
8.73954 9.02063 0.329648
8.41444 9.03808 0.333682
8.78905 8.41477 0.311058
8.78905 8.41477 0.311058
8.78905 8.41477 0.311058
8.78905 8.41477 0.311058
8.78905 8.41477 0.311058
8.63951 8.82165 0.312297
8.63951 8.82165 0.312297
8.63951 8.82165 0.312297
8.63951 8.82165 0.312297
8.63951 8.82165 0.312297
8.62066 8.68554 0.334383
8.63373 8.75328 0.318476
8.63373 8.75328 0.318476
9.35411 8.58705 0.320749
8.53047 8.61274 0.345006
8.53047 8.61274 0.345006
8.4075 8.42109 0.315291
8.4075 8.42109 0.315291
8.4075 8.42109 0.315291
8.745 8.6465 0.316114
8.67788 8.896 0.331115
8.67788 8.896 0.331115
9.0628 8.55061 0.31421
9.0628 8.55061 0.31421
8.99522 8.65752 0.302664
8.58809 8.64544 0.300103
8.48871 8.27333 0.322815
9.00716 8.90858 0.333562
9.0061 9.02384 0.311551
9.0061 9.02384 0.311551
9.0061 9.02384 0.311551
8.97041 8.68967 0.335224
8.85699 8.80281 0.33034
8.72728 8.95948 0.316439
8.72728 8.95948 0.316439
8.72728 8.95948 0.316439
8.49769 8.36679 0.307911
8.62647 8.82547 0.324869
8.62647 8.82547 0.324869
8.62647 8.82547 0.324869
9.11569 9.17644 0.330871
9.11569 9.17644 0.330871
9.11569 9.17644 0.330871
9.11569 9.17644 0.330871
8.61723 8.46899 0.323279
8.61723 8.46899 0.323279
8.61723 8.46899 0.323279
8.61723 8.46899 0.323279
8.61723 8.46899 0.323279
8.61723 8.46899 0.323279
8.32995 9.37565 0.319719
8.75933 9.02609 0.324867
8.75933 9.02609 0.324867
9.2071 8.17515 0.330013
8.59129 8.40591 0.327063
8.59129 8.40591 0.327063
8.59129 8.40591 0.327063
8.59129 8.40591 0.327063
8.59129 8.40591 0.327063
9.33999 8.13645 0.300943
9.33999 8.13645 0.300943
8.65263 8.64907 0.31035
8.65263 8.64907 0.31035
8.65263 8.64907 0.31035
8.74457 8.90671 0.32788
8.74457 8.90671 0.32788
9.04738 8.75449 0.322037
9.18221 8.76517 0.31169
8.4235 8.70448 0.316291
8.4235 8.70448 0.316291
8.4235 8.70448 0.316291
8.4235 8.70448 0.316291
8.4235 8.70448 0.316291
8.4235 8.70448 0.316291
8.4235 8.70448 0.316291
8.4235 8.70448 0.316291
8.4235 8.70448 0.316291
8.4235 8.70448 0.316291
8.4235 8.70448 0.316291
9.01558 8.20946 0.31615
9.01558 8.20946 0.31615
8.92699 8.86882 0.299615
8.87537 9.02151 0.321255
8.87537 9.02151 0.321255
8.50374 8.85266 0.313415
8.50374 8.85266 0.313415
8.62694 8.82792 0.334723
8.62694 8.82792 0.334723
8.47409 8.4462 0.311746
8.47409 8.4462 0.311746
8.47409 8.4462 0.311746
8.47409 8.4462 0.311746
8.47409 8.4462 0.311746
8.47409 8.4462 0.311746
8.47409 8.4462 0.311746
8.84108 8.6536 0.320073
8.84108 8.6536 0.320073
8.84108 8.6536 0.320073
8.84108 8.6536 0.320073
8.84108 8.6536 0.320073
8.84108 8.6536 0.320073
8.84108 8.6536 0.320073
8.65666 8.62064 0.313344
8.42844 8.92003 0.335593
8.42844 8.92003 0.335593
8.42844 8.92003 0.335593
8.42844 8.92003 0.335593
8.42844 8.92003 0.335593
8.42844 8.92003 0.335593
8.42844 8.92003 0.335593
8.42844 8.92003 0.335593
8.42844 8.92003 0.335593
8.42844 8.92003 0.335593
8.42844 8.92003 0.335593
8.88692 8.94732 0.310163
8.63773 8.66236 0.325189
8.59619 8.74364 0.31138
8.59619 8.74364 0.31138
9.04125 8.91165 0.308192
9.04125 8.91165 0.308192
9.04125 8.91165 0.308192
9.04125 8.91165 0.308192
9.04125 8.91165 0.308192
8.48569 8.53516 0.305984
8.48569 8.53516 0.305984
8.92636 9.33038 0.307976
8.92636 9.33038 0.307976
8.92636 9.33038 0.307976
8.92636 9.33038 0.307976
8.92636 9.33038 0.307976
8.92636 9.33038 0.307976
8.62597 8.82046 0.330321
8.62597 8.82046 0.330321
8.62597 8.82046 0.330321
8.37928 8.74437 0.295733
8.37928 8.74437 0.295733
8.37928 8.74437 0.295733
8.11245 8.65687 0.316786
8.11245 8.65687 0.316786
8.11245 8.65687 0.316786
8.72873 8.16319 0.326818
8.72873 8.16319 0.326818
8.72873 8.16319 0.326818
8.72873 8.16319 0.326818
8.83216 8.44797 0.338294
8.83216 8.44797 0.338294
8.83216 8.44797 0.338294
9.2182 8.8645 0.32365
8.6612 8.8506 0.331663
8.6612 8.8506 0.331663
8.63102 8.32843 0.326818
8.63102 8.32843 0.326818
8.63102 8.32843 0.326818
8.63102 8.32843 0.326818
8.63102 8.32843 0.326818
8.63102 8.32843 0.326818
8.95732 8.75546 0.338357
8.95732 8.75546 0.338357
8.95732 8.75546 0.338357
8.95732 8.75546 0.338357
8.95732 8.75546 0.338357
8.95732 8.75546 0.338357
8.95732 8.75546 0.338357
8.8402 8.04068 0.315008
8.8402 8.04068 0.315008
8.7014 8.56073 0.334591
8.7014 8.56073 0.334591
8.7014 8.56073 0.334591
8.7014 8.56073 0.334591
8.54142 8.67753 0.334359
8.54142 8.67753 0.334359
8.54142 8.67753 0.334359
8.54142 8.67753 0.334359
8.65373 8.81367 0.327886
8.65373 8.81367 0.327886
8.65373 8.81367 0.327886
8.59842 9.03945 0.327624
8.98093 8.83257 0.334088
8.98093 8.83257 0.334088
8.76345 8.33352 0.339368
8.71414 8.6693 0.32355
8.71414 8.6693 0.32355
8.71414 8.6693 0.32355
8.71414 8.6693 0.32355
8.71414 8.6693 0.32355
8.37028 8.47864 0.32141
8.37028 8.47864 0.32141
8.37028 8.47864 0.32141
9.02502 8.84271 0.313368
9.02502 8.84271 0.313368
9.04079 8.33712 0.318655
8.67535 8.15763 0.312374
8.67535 8.15763 0.312374
8.67535 8.15763 0.312374
8.67535 8.15763 0.312374
8.69936 8.29368 0.328759
8.47839 8.34331 0.320678
8.47839 8.34331 0.320678
8.47839 8.34331 0.320678
8.71659 8.73902 0.312744
8.71659 8.73902 0.312744
8.71659 8.73902 0.312744
7.45978 7.91198 0.31819
7.45978 7.91198 0.31819
7.45978 7.91198 0.31819
7.45978 7.91198 0.31819
7.6744 7.56615 0.335017
8.15872 7.56851 0.307496
8.15872 7.56851 0.307496
8.15872 7.56851 0.307496
8.15872 7.56851 0.307496
7.8322 7.42851 0.319639
7.68565 7.31001 0.344736
8.16307 7.70691 0.339574
8.16307 7.70691 0.339574
7.08085 7.53135 0.327436
7.08085 7.53135 0.327436
7.80937 7.90145 0.325898
7.80937 7.90145 0.325898
7.80937 7.90145 0.325898
7.80937 7.90145 0.325898
7.80937 7.90145 0.325898
7.80937 7.90145 0.325898
7.56266 7.84534 0.333034
7.56266 7.84534 0.333034
7.23959 7.42127 0.325159
7.23959 7.42127 0.325159
7.23959 7.42127 0.325159
7.48277 7.75609 0.318136
7.48277 7.75609 0.318136
7.48277 7.75609 0.318136
7.48277 7.75609 0.318136
7.59676 8.16911 0.337345
7.40459 7.75414 0.32669
7.40459 7.75414 0.32669
8.10509 7.16549 0.31071
8.10509 7.16549 0.31071
8.10509 7.16549 0.31071
8.10509 7.16549 0.31071
8.10509 7.16549 0.31071
8.10509 7.16549 0.31071
8.10509 7.16549 0.31071
8.10509 7.16549 0.31071
8.10509 7.16549 0.31071
7.95585 8.06809 0.318879
7.95585 8.06809 0.318879
7.95585 8.06809 0.318879
8.11267 7.94794 0.314063
8.11267 7.94794 0.314063
8.11267 7.94794 0.314063
7.64552 8.09755 0.326183
7.64552 8.09755 0.326183
7.64552 8.09755 0.326183
7.64552 8.09755 0.326183
7.64552 8.09755 0.326183
7.64552 8.09755 0.326183
7.63435 7.07715 0.322706
7.63435 7.07715 0.322706
7.63435 7.07715 0.322706
7.63435 7.07715 0.322706
7.63435 7.07715 0.322706
7.97883 8.04429 0.31212
7.97883 8.04429 0.31212
7.97883 8.04429 0.31212
7.97883 8.04429 0.31212
7.97883 8.04429 0.31212
7.64212 7.36408 0.332993
7.64212 7.36408 0.332993
7.64212 7.36408 0.332993
7.64212 7.36408 0.332993
7.3981 7.9123 0.331267
7.3981 7.9123 0.331267
7.4641 7.31666 0.322892
7.4641 7.31666 0.322892
7.4641 7.31666 0.322892
7.4641 7.31666 0.322892
7.32942 6.88363 0.336336
7.32942 6.88363 0.336336
7.28109 7.65686 0.322055
7.28109 7.65686 0.322055
7.28109 7.65686 0.322055
7.28109 7.65686 0.322055
7.28109 7.65686 0.322055
7.28109 7.65686 0.322055
7.28109 7.65686 0.322055
7.28109 7.65686 0.322055
8.25009 8.11258 0.305481
8.25009 8.11258 0.305481
8.25009 8.11258 0.305481
8.25009 8.11258 0.305481
8.25009 8.11258 0.305481
8.25009 8.11258 0.305481
8.25009 8.11258 0.305481
8.25009 8.11258 0.305481
7.43966 7.76124 0.343242
7.43966 7.76124 0.343242
7.82355 7.14185 0.307498
7.37131 8.03451 0.317702
7.24204 7.74688 0.316991
7.64795 7.74941 0.321507
7.64795 7.74941 0.321507
7.64795 7.74941 0.321507
7.64795 7.74941 0.321507
7.85529 7.71139 0.32725
8.1169 7.90773 0.323029
8.1169 7.90773 0.323029
7.67253 7.19371 0.325974
7.67253 7.19371 0.325974
7.67253 7.19371 0.325974
7.52048 7.11412 0.31588
7.98024 7.88602 0.335936
7.98024 7.88602 0.335936
7.98024 7.88602 0.335936
7.98024 7.88602 0.335936
7.98024 7.88602 0.335936
7.45588 7.86581 0.314798
7.45588 7.86581 0.314798
7.45588 7.86581 0.314798
7.45588 7.86581 0.314798
7.45588 7.86581 0.314798
7.45588 7.86581 0.314798
7.6082 7.88713 0.310712
7.35712 7.63798 0.32805
7.35712 7.63798 0.32805
7.35712 7.63798 0.32805
7.35712 7.63798 0.32805
7.35712 7.63798 0.32805
7.37596 7.69144 0.330357
7.4463 8.20771 0.318923
7.4463 8.20771 0.318923
7.46073 7.8971 0.315552
7.46073 7.8971 0.315552
7.46073 7.8971 0.315552
7.46073 7.8971 0.315552
7.64252 7.60417 0.304291
7.64252 7.60417 0.304291
7.52644 7.65565 0.34968
7.52644 7.65565 0.34968
7.52644 7.65565 0.34968
7.28441 7.27709 0.32919
7.28441 7.27709 0.32919
7.28441 7.27709 0.32919
7.71339 7.71748 0.329797
7.71339 7.71748 0.329797
7.71339 7.71748 0.329797
7.66515 7.27448 0.332185
7.66515 7.27448 0.332185
7.66515 7.27448 0.332185
7.66515 7.27448 0.332185
7.66515 7.27448 0.332185
7.66515 7.27448 0.332185
7.598 7.32587 0.326171
7.598 7.32587 0.326171
7.46825 7.77312 0.320158
7.89768 7.74367 0.326702
7.89768 7.74367 0.326702
7.89768 7.74367 0.326702
7.72281 7.39365 0.329696
7.72281 7.39365 0.329696
7.45621 7.98932 0.312827
7.45621 7.98932 0.312827
7.45621 7.98932 0.312827
7.45621 7.98932 0.312827
7.45621 7.98932 0.312827
7.62746 7.71132 0.312177
7.62746 7.71132 0.312177
7.62746 7.71132 0.312177
7.62746 7.71132 0.312177
7.62746 7.71132 0.312177
7.49376 7.4105 0.328833
7.49376 7.4105 0.328833
7.7125 8.25368 0.320749
7.7125 8.25368 0.320749
7.7125 8.25368 0.320749
7.57851 7.28809 0.319165
7.57851 7.28809 0.319165
8.0281 7.76628 0.32874
8.0281 7.76628 0.32874
8.0281 7.76628 0.32874
8.0281 7.76628 0.32874
8.0281 7.76628 0.32874
7.71339 7.38332 0.335059
7.70994 8.10819 0.319228
7.70994 8.10819 0.319228
7.70994 8.10819 0.319228
7.70994 8.10819 0.319228
7.70994 8.10819 0.319228
7.5951 7.99623 0.316781
7.5951 7.99623 0.316781
7.5951 7.99623 0.316781
7.5951 7.99623 0.316781
7.5951 7.99623 0.316781
7.5951 7.99623 0.316781
7.5951 7.99623 0.316781
7.16431 8.20033 0.323939
7.16431 8.20033 0.323939
7.16431 8.20033 0.323939
7.16431 8.20033 0.323939
7.98629 7.57036 0.335574
7.98629 7.57036 0.335574
7.98629 7.57036 0.335574
7.98629 7.57036 0.335574
7.98629 7.57036 0.335574
7.98629 7.57036 0.335574
7.73403 7.7904 0.326556
7.63684 7.82615 0.326189
7.63684 7.82615 0.326189
7.67647 8.07271 0.313616
7.67647 8.07271 0.313616
7.67647 8.07271 0.313616
7.67647 8.07271 0.313616
7.67647 8.07271 0.313616
7.67647 8.07271 0.313616
7.51158 7.94734 0.323634
7.51158 7.94734 0.323634
7.51158 7.94734 0.323634
8.11055 7.79825 0.304417
8.11055 7.79825 0.304417
8.11055 7.79825 0.304417
8.11055 7.79825 0.304417
8.11055 7.79825 0.304417
7.57845 7.87261 0.330466
7.56859 7.82066 0.335623
7.56859 7.82066 0.335623
7.57104 7.65094 0.315304
7.57104 7.65094 0.315304
7.57104 7.65094 0.315304
7.0515 7.90068 0.31809
7.0515 7.90068 0.31809
7.0515 7.90068 0.31809
7.0515 7.90068 0.31809
8.30121 7.31043 0.333767
8.30121 7.31043 0.333767
8.30121 7.31043 0.333767
8.30121 7.31043 0.333767
7.85404 7.83204 0.336013
7.85404 7.83204 0.336013
7.8706 7.95346 0.31491
7.8706 7.95346 0.31491
7.8706 7.95346 0.31491
7.4981 7.36144 0.305673
7.69992 7.95154 0.34798
7.69992 7.95154 0.34798
7.69992 7.95154 0.34798
7.61688 7.77501 0.333913
7.61688 7.77501 0.333913
7.61688 7.77501 0.333913
7.78025 7.55476 0.333367
7.78025 7.55476 0.333367
7.59235 7.7239 0.32149
7.59235 7.7239 0.32149
7.71409 7.2372 0.32009
7.71409 7.2372 0.32009
7.71409 7.2372 0.32009
7.71409 7.2372 0.32009
7.68332 7.68805 0.344064
7.68332 7.68805 0.344064
7.68332 7.68805 0.344064
7.68332 7.68805 0.344064
7.68332 7.68805 0.344064
7.68332 7.68805 0.344064
7.68332 7.68805 0.344064
7.55705 7.33352 0.316043
8.05343 7.52491 0.351507
8.05343 7.52491 0.351507
7.35647 7.65427 0.339387
7.79994 7.75448 0.331759
7.80392 8.01768 0.321796
7.49137 8.00984 0.315867
7.49137 8.00984 0.315867
7.29535 7.85263 0.334367
7.29535 7.85263 0.334367
7.29535 7.85263 0.334367
7.29535 7.85263 0.334367
7.29535 7.85263 0.334367
8.06533 7.41375 0.319281
8.06533 7.41375 0.319281
8.06533 7.41375 0.319281
8.06533 7.41375 0.319281
8.06533 7.41375 0.319281
8.06533 7.41375 0.319281
8.06533 7.41375 0.319281
8.06533 7.41375 0.319281
7.922 7.31617 0.32425
7.48228 6.93384 0.318694
7.6194 7.86432 0.322739
7.6194 7.86432 0.322739
7.6194 7.86432 0.322739
7.6194 7.86432 0.322739
7.6194 7.86432 0.322739
7.6194 7.86432 0.322739
8.22007 7.23175 0.333329
8.22007 7.23175 0.333329
8.22007 7.23175 0.333329
8.22007 7.23175 0.333329
8.22007 7.23175 0.333329
8.22007 7.23175 0.333329
7.40627 7.21728 0.331174
8.0553 7.28063 0.315426
8.0553 7.28063 0.315426
8.0553 7.28063 0.315426
8.0553 7.28063 0.315426
8.0553 7.28063 0.315426
7.97906 8.21986 0.322768
7.97906 8.21986 0.322768
8.01146 7.44151 0.317315
8.01146 7.44151 0.317315
8.01146 7.44151 0.317315
8.01146 7.44151 0.317315
7.78351 7.49921 0.324082
7.71075 8.05093 0.323053
7.71075 8.05093 0.323053
7.36589 7.50789 0.324322
7.36589 7.50789 0.324322
7.36589 7.50789 0.324322
7.68465 7.58725 0.326922
7.68465 7.58725 0.326922
7.68465 7.58725 0.326922
7.34687 7.41345 0.324897
7.56266 8.22487 0.33394
7.56266 8.22487 0.33394
7.56266 8.22487 0.33394
7.4945 7.61977 0.327372
7.51222 7.5133 0.319322
7.51222 7.5133 0.319322
7.51222 7.5133 0.319322
7.5233 7.76856 0.314399
7.5233 7.76856 0.314399
7.5233 7.76856 0.314399
7.5233 7.76856 0.314399
7.5233 7.76856 0.314399
7.5233 7.76856 0.314399
7.5233 7.76856 0.314399
7.039 7.9033 0.331413
7.039 7.9033 0.331413
7.94607 7.95548 0.327622
7.94607 7.95548 0.327622
7.94607 7.95548 0.327622
8.00012 7.76763 0.32274
7.82243 7.61597 0.329809
7.82243 7.61597 0.329809
7.84761 7.78056 0.322285
7.84761 7.78056 0.322285
7.84761 7.78056 0.322285
7.84761 7.78056 0.322285
7.84761 7.78056 0.322285
7.84761 7.78056 0.322285
7.84761 7.78056 0.322285
7.62827 7.44646 0.316363
7.62827 7.44646 0.316363
7.62827 7.44646 0.316363
7.62827 7.44646 0.316363
7.74844 7.55877 0.317435
7.74844 7.55877 0.317435
7.74844 7.55877 0.317435
7.74844 7.55877 0.317435
7.74844 7.55877 0.317435
7.74844 7.55877 0.317435
7.74844 7.55877 0.317435
7.74844 7.55877 0.317435
8.11857 7.41453 0.31429
7.13367 8.06974 0.314357
7.13367 8.06974 0.314357
7.9211 7.93015 0.328467
7.9211 7.93015 0.328467
7.9211 7.93015 0.328467
7.58572 7.43052 0.320731
7.58572 7.43052 0.320731
7.58572 7.43052 0.320731
7.46146 7.79137 0.325098
7.46146 7.79137 0.325098
7.46146 7.79137 0.325098
8.17194 8.15854 0.337421
8.17194 8.15854 0.337421
8.17194 8.15854 0.337421
8.17194 8.15854 0.337421
7.59209 8.01677 0.32646
7.59209 8.01677 0.32646
7.59209 8.01677 0.32646
7.59209 8.01677 0.32646
7.59209 8.01677 0.32646
7.59209 8.01677 0.32646
7.56164 6.84272 0.334335
7.56164 6.84272 0.334335
7.56164 6.84272 0.334335
7.56164 6.84272 0.334335
7.56164 6.84272 0.334335
7.98273 7.87464 0.318693
7.98273 7.87464 0.318693
7.46005 8.11264 0.331743
7.46005 8.11264 0.331743
7.46005 8.11264 0.331743
7.46005 8.11264 0.331743
7.58668 7.7596 0.336365
7.58668 7.7596 0.336365
7.58668 7.7596 0.336365
7.58668 7.7596 0.336365
7.58668 7.7596 0.336365
7.43212 8.04708 0.327393
7.43212 8.04708 0.327393
7.43212 8.04708 0.327393
7.43212 8.04708 0.327393
7.43212 8.04708 0.327393
7.43212 8.04708 0.327393
7.43212 8.04708 0.327393
8.48675 7.59895 0.313811
8.48675 7.59895 0.313811
8.48675 7.59895 0.313811
8.48675 7.59895 0.313811
7.59614 7.88027 0.334411
7.59614 7.88027 0.334411
7.65029 7.46479 0.315769
7.65029 7.46479 0.315769
7.65296 7.51755 0.343143
7.34606 8.14528 0.318212
7.34606 8.14528 0.318212
7.34606 8.14528 0.318212
7.34606 8.14528 0.318212
7.34606 8.14528 0.318212
7.34606 8.14528 0.318212
7.63976 7.42211 0.328075
7.95233 7.33108 0.325408
7.95233 7.33108 0.325408
7.95233 7.33108 0.325408
7.95233 7.33108 0.325408
7.95233 7.33108 0.325408
7.95233 7.33108 0.325408
7.95233 7.33108 0.325408
7.95233 7.33108 0.325408
7.95233 7.33108 0.325408
7.95233 7.33108 0.325408
7.95233 7.33108 0.325408
7.93326 7.81769 0.338173
7.93326 7.81769 0.338173
7.93326 7.81769 0.338173
7.93326 7.81769 0.338173
7.93326 7.81769 0.338173
7.77792 7.3873 0.319343
7.77792 7.3873 0.319343
7.77792 7.3873 0.319343
7.77792 7.3873 0.319343
7.77792 7.3873 0.319343
7.77792 7.3873 0.319343
7.77792 7.3873 0.319343
7.77792 7.3873 0.319343
7.77792 7.3873 0.319343
7.77792 7.3873 0.319343
7.77792 7.3873 0.319343
7.77792 7.3873 0.319343
7.77792 7.3873 0.319343
7.77792 7.3873 0.319343
7.80147 7.1547 0.335558
7.80147 7.1547 0.335558
7.80147 7.1547 0.335558
7.80147 7.1547 0.335558
7.80147 7.1547 0.335558
7.80147 7.1547 0.335558
7.80147 7.1547 0.335558
7.27302 8.35964 0.304649
7.44857 7.49962 0.326612
7.72821 7.83999 0.33252
7.72821 7.83999 0.33252
7.38387 7.68008 0.323944
7.38387 7.68008 0.323944
7.38387 7.68008 0.323944
7.38387 7.68008 0.323944
7.38387 7.68008 0.323944
7.38387 7.68008 0.323944
7.44696 7.29553 0.32458
7.44696 7.29553 0.32458
7.44696 7.29553 0.32458
7.44696 7.29553 0.32458
7.60818 7.34282 0.334998
7.60818 7.34282 0.334998
7.60818 7.34282 0.334998
7.60818 7.34282 0.334998
7.54631 7.41384 0.331893
7.54631 7.41384 0.331893
7.54631 7.41384 0.331893
7.54631 7.41384 0.331893
7.54631 7.41384 0.331893
7.46897 7.48948 0.344783
7.46897 7.48948 0.344783
7.57502 7.36881 0.321997
7.57502 7.36881 0.321997
7.57502 7.36881 0.321997
7.65783 7.65139 0.321131
7.52465 7.44347 0.303324
7.31037 7.61339 0.32384
8.24982 7.58064 0.321944
8.24982 7.58064 0.321944
7.89716 7.19631 0.323448
7.89716 7.19631 0.323448
7.89716 7.19631 0.323448
7.50716 7.70156 0.312848
7.8578 7.78874 0.336554
7.8578 7.78874 0.336554
7.56912 7.68988 0.323679
7.56912 7.68988 0.323679
7.79048 7.74459 0.334863
7.79048 7.74459 0.334863
7.79048 7.74459 0.334863
7.79048 7.74459 0.334863
7.79048 7.74459 0.334863
7.38018 7.59418 0.323341
7.38018 7.59418 0.323341
7.62135 7.71844 0.320603
7.62135 7.71844 0.320603
7.62135 7.71844 0.320603
7.62135 7.71844 0.320603
7.59228 7.48135 0.333663
7.83829 7.5442 0.337597
7.83829 7.5442 0.337597
7.17186 7.66874 0.334861
8.04078 7.61879 0.322037
8.04078 7.61879 0.322037
8.1118 7.93528 0.31201
8.1118 7.93528 0.31201
7.62957 7.49024 0.31901
7.62957 7.49024 0.31901
7.62957 7.49024 0.31901
7.62957 7.49024 0.31901
7.62957 7.49024 0.31901
7.62957 7.49024 0.31901
7.6632 8.29364 0.321231
7.6632 8.29364 0.321231
7.6632 8.29364 0.321231
7.71477 7.51511 0.320743
7.71477 7.51511 0.320743
7.71477 7.51511 0.320743
7.9891 7.1532 0.298176
7.97369 7.49354 0.321657
7.97369 7.49354 0.321657
8.23794 7.04529 0.314327
8.23794 7.04529 0.314327
7.70603 7.58064 0.344458
7.60629 7.4485 0.30706
7.60629 7.4485 0.30706
7.60629 7.4485 0.30706
7.60629 7.4485 0.30706
7.60629 7.4485 0.30706
7.60629 7.4485 0.30706
7.60629 7.4485 0.30706
7.60629 7.4485 0.30706
7.60629 7.4485 0.30706
7.60629 7.4485 0.30706
7.60629 7.4485 0.30706
7.99232 7.56541 0.315434
7.99232 7.56541 0.315434
7.99232 7.56541 0.315434
7.99232 7.56541 0.315434
7.99232 7.56541 0.315434
7.80627 7.80474 0.315157
7.80627 7.80474 0.315157
7.80627 7.80474 0.315157
7.80627 7.80474 0.315157
7.80627 7.80474 0.315157
7.98764 7.77941 0.308188
7.98764 7.77941 0.308188
7.98764 7.77941 0.308188
7.98764 7.77941 0.308188
7.98764 7.77941 0.308188
7.98764 7.77941 0.308188
7.98764 7.77941 0.308188
7.98764 7.77941 0.308188
8.1153 7.58146 0.333475
7.53283 7.79788 0.314795
7.53283 7.79788 0.314795
7.53283 7.79788 0.314795
7.84307 8.18615 0.320467
7.84307 8.18615 0.320467
7.68525 7.82115 0.330846
7.68525 7.82115 0.330846
7.29272 7.96963 0.32975
7.29272 7.96963 0.32975
7.29272 7.96963 0.32975
7.21772 7.58527 0.34577
7.21772 7.58527 0.34577
7.21772 7.58527 0.34577
7.51577 7.36975 0.329004
7.51577 7.36975 0.329004
7.51577 7.36975 0.329004
7.51577 7.36975 0.329004
7.66674 8.25238 0.317822
7.66674 8.25238 0.317822
7.73932 7.78606 0.327385
6.89551 5.5831 0.000841502
6.89551 5.5831 0.000841502
6.89551 5.5831 0.000841502
6.89551 5.5831 0.000841502
6.89551 5.5831 0.000841502
6.89551 5.5831 0.000841502
6.89551 5.5831 0.000841502
6.89551 5.5831 0.000841502
5.88526 6.05868 -0.0130028
5.88526 6.05868 -0.0130028
5.88526 6.05868 -0.0130028
5.88526 6.05868 -0.0130028
5.88526 6.05868 -0.0130028
5.88526 6.05868 -0.0130028
6.05876 6.78583 -0.0154643
6.05876 6.78583 -0.0154643
6.05876 6.78583 -0.0154643
6.19696 6.31516 0.00884036
6.19696 6.31516 0.00884036
5.9686 6.37419 -0.011886
5.9686 6.37419 -0.011886
5.9686 6.37419 -0.011886
5.9686 6.37419 -0.011886
5.9686 6.37419 -0.011886
5.9686 6.37419 -0.011886
5.9686 6.37419 -0.011886
6.21228 6.29932 -0.0018564
6.21228 6.29932 -0.0018564
6.21228 6.29932 -0.0018564
6.21228 6.29932 -0.0018564
6.21228 6.29932 -0.0018564
6.21228 6.29932 -0.0018564
6.21228 6.29932 -0.0018564
6.21228 6.29932 -0.0018564
6.21228 6.29932 -0.0018564
6.21228 6.29932 -0.0018564
5.92339 6.79584 -0.000844911
5.92339 6.79584 -0.000844911
5.92339 6.79584 -0.000844911
5.92339 6.79584 -0.000844911
5.92339 6.79584 -0.000844911
5.92339 6.79584 -0.000844911
5.92339 6.79584 -0.000844911
6.10857 6.56301 0.00226633
6.10857 6.56301 0.00226633
6.10857 6.56301 0.00226633
6.10857 6.56301 0.00226633
6.10857 6.56301 0.00226633
6.4453 6.46421 -0.0204914
6.4453 6.46421 -0.0204914
6.4453 6.46421 -0.0204914
6.4453 6.46421 -0.0204914
6.4453 6.46421 -0.0204914
6.4453 6.46421 -0.0204914
6.4453 6.46421 -0.0204914
6.4453 6.46421 -0.0204914
6.4453 6.46421 -0.0204914
6.26236 6.52609 0.00188925
6.03261 6.31338 0.0115906
6.03261 6.31338 0.0115906
6.20866 6.14849 0.0101452
6.20866 6.14849 0.0101452
6.20866 6.14849 0.0101452
6.29101 6.08482 -0.00455627
6.29101 6.08482 -0.00455627
5.82496 6.16304 0.00437316
6.01356 6.63385 -0.00691264
6.01356 6.63385 -0.00691264
6.01356 6.63385 -0.00691264
6.01356 6.63385 -0.00691264
6.01356 6.63385 -0.00691264
6.01356 6.63385 -0.00691264
6.01356 6.63385 -0.00691264
6.01356 6.63385 -0.00691264
5.46569 6.13024 0.00328808
5.46569 6.13024 0.00328808
5.46569 6.13024 0.00328808
6.45347 6.27221 0.00112941
6.45347 6.27221 0.00112941
6.45347 6.27221 0.00112941
6.45347 6.27221 0.00112941
6.45347 6.27221 0.00112941
6.45347 6.27221 0.00112941
6.4848 6.37385 -0.000742685
6.4848 6.37385 -0.000742685
6.4848 6.37385 -0.000742685
6.4848 6.37385 -0.000742685
6.4848 6.37385 -0.000742685
6.28562 5.76307 0.00453917
6.28562 5.76307 0.00453917
6.28562 5.76307 0.00453917
6.28562 5.76307 0.00453917
6.28562 5.76307 0.00453917
6.02994 5.92462 -0.00827983
6.02994 5.92462 -0.00827983
6.02994 5.92462 -0.00827983
6.02994 5.92462 -0.00827983
6.02994 5.92462 -0.00827983
6.02994 5.92462 -0.00827983
6.26458 6.30854 0.00382151
6.26458 6.30854 0.00382151
6.26458 6.30854 0.00382151
6.26458 6.30854 0.00382151
6.26458 6.30854 0.00382151
6.26458 6.30854 0.00382151
6.29623 6.56127 0.00863332
6.07787 5.95127 0.000706479
6.07787 5.95127 0.000706479
6.07787 5.95127 0.000706479
6.07787 5.95127 0.000706479
6.07787 5.95127 0.000706479
6.07787 5.95127 0.000706479
6.07787 5.95127 0.000706479
5.89812 5.62182 -0.00842591
5.89812 5.62182 -0.00842591
5.89812 5.62182 -0.00842591
5.89812 5.62182 -0.00842591
5.89812 5.62182 -0.00842591
6.43192 6.422 -0.00858075
6.43192 6.422 -0.00858075
6.43192 6.422 -0.00858075
6.43192 6.422 -0.00858075
6.43192 6.422 -0.00858075
6.43192 6.422 -0.00858075
6.43192 6.422 -0.00858075
6.43192 6.422 -0.00858075
6.43192 6.422 -0.00858075
6.43192 6.422 -0.00858075
6.43192 6.422 -0.00858075
6.43192 6.422 -0.00858075
6.43192 6.422 -0.00858075
6.6266 5.95185 -0.0291633
6.31773 6.1756 -0.00199755
6.31773 6.1756 -0.00199755
6.31773 6.1756 -0.00199755
6.43983 5.99434 -0.0149768
6.43983 5.99434 -0.0149768
6.46849 6.23384 -0.0028571
6.46849 6.23384 -0.0028571
6.05009 6.69315 -0.00913348
6.05009 6.69315 -0.00913348
6.05009 6.69315 -0.00913348
6.05009 6.69315 -0.00913348
6.05009 6.69315 -0.00913348
6.05009 6.69315 -0.00913348
6.32802 6.31849 -0.00325451
6.16178 5.67888 0.00526587
6.16178 5.67888 0.00526587
6.16178 5.67888 0.00526587
6.16178 5.67888 0.00526587
6.16178 5.67888 0.00526587
6.16178 5.67888 0.00526587
6.16178 5.67888 0.00526587
6.16178 5.67888 0.00526587
6.16178 5.67888 0.00526587
6.16178 5.67888 0.00526587
6.16178 5.67888 0.00526587
5.97821 5.99025 0.00844336
5.97821 5.99025 0.00844336
6.12823 6.3737 0.00441333
6.14377 6.70769 0.00133769
6.14377 6.70769 0.00133769
6.03539 6.34188 0.0061459
6.03539 6.34188 0.0061459
6.03539 6.34188 0.0061459
6.03539 6.34188 0.0061459
6.03539 6.34188 0.0061459
6.03539 6.34188 0.0061459
6.11293 5.98891 0.000195327
6.11293 5.98891 0.000195327
6.11293 5.98891 0.000195327
6.11293 5.98891 0.000195327
6.11293 5.98891 0.000195327
6.11293 5.98891 0.000195327
6.11293 5.98891 0.000195327
5.81551 6.58077 0.0136273
5.81551 6.58077 0.0136273
5.81551 6.58077 0.0136273
5.81551 6.58077 0.0136273
5.81551 6.58077 0.0136273
5.81551 6.58077 0.0136273
5.81551 6.58077 0.0136273
5.81551 6.58077 0.0136273
5.81551 6.58077 0.0136273
6.12896 6.34112 0.00289729
6.12896 6.34112 0.00289729
6.12896 6.34112 0.00289729
6.12896 6.34112 0.00289729
6.57145 6.10654 -0.000986586
6.57145 6.10654 -0.000986586
6.57145 6.10654 -0.000986586
6.57145 6.10654 -0.000986586
6.57145 6.10654 -0.000986586
6.57145 6.10654 -0.000986586
6.57145 6.10654 -0.000986586
6.16866 5.86469 -0.00740821
6.16866 5.86469 -0.00740821
6.16866 5.86469 -0.00740821
6.16866 5.86469 -0.00740821
6.16866 5.86469 -0.00740821
6.16866 5.86469 -0.00740821
6.16866 5.86469 -0.00740821
6.0195 5.41098 -0.0211927
6.0195 5.41098 -0.0211927
6.0195 5.41098 -0.0211927
6.0195 5.41098 -0.0211927
6.60452 6.45002 -0.0061124
5.92914 6.55318 -0.0064748
5.92914 6.55318 -0.0064748
5.92914 6.55318 -0.0064748
5.92914 6.55318 -0.0064748
5.92914 6.55318 -0.0064748
5.92914 6.55318 -0.0064748
5.92914 6.55318 -0.0064748
5.92914 6.55318 -0.0064748
5.92914 6.55318 -0.0064748
5.92914 6.55318 -0.0064748
5.92914 6.55318 -0.0064748
5.92914 6.55318 -0.0064748
5.92914 6.55318 -0.0064748
5.92914 6.55318 -0.0064748
5.47039 5.68759 -0.00474266
5.47039 5.68759 -0.00474266
6.45856 6.42886 0.0141427
6.45856 6.42886 0.0141427
6.45856 6.42886 0.0141427
6.34206 6.42056 0.0155537
6.34206 6.42056 0.0155537
5.96633 6.48848 -0.0157292
5.96633 6.48848 -0.0157292
5.96633 6.48848 -0.0157292
5.96633 6.48848 -0.0157292
5.96633 6.48848 -0.0157292
5.96633 6.48848 -0.0157292
7.58756 7.59134 0.328005
7.9379 7.38251 0.31945
7.9379 7.38251 0.31945
7.9379 7.38251 0.31945
7.9379 7.38251 0.31945
7.9379 7.38251 0.31945
7.62836 7.73926 0.338047
7.62836 7.73926 0.338047
7.62836 7.73926 0.338047
7.62836 7.73926 0.338047
8.11664 7.73013 0.322693
7.45458 7.79766 0.327582
7.45458 7.79766 0.327582
7.45458 7.79766 0.327582
7.45458 7.79766 0.327582
7.45458 7.79766 0.327582
7.45458 7.79766 0.327582
7.64445 7.105 0.316581
7.64445 7.105 0.316581
7.64445 7.105 0.316581
7.51385 7.50929 0.344299
7.51385 7.50929 0.344299
7.51385 7.50929 0.344299
7.51385 7.50929 0.344299
7.51385 7.50929 0.344299
7.51385 7.50929 0.344299
7.94088 7.70047 0.314668
7.94088 7.70047 0.314668
7.94088 7.70047 0.314668
7.94088 7.70047 0.314668
7.94088 7.70047 0.314668
7.94088 7.70047 0.314668
7.94088 7.70047 0.314668
7.94088 7.70047 0.314668
7.94088 7.70047 0.314668
7.70849 7.8918 0.323139
7.70849 7.8918 0.323139
7.70849 7.8918 0.323139
7.70849 7.8918 0.323139
7.81871 7.78753 0.326946
7.81871 7.78753 0.326946
7.81871 7.78753 0.326946
7.81871 7.78753 0.326946
7.81871 7.78753 0.326946
7.17673 7.63898 0.336579
7.17673 7.63898 0.336579
7.17673 7.63898 0.336579
7.17673 7.63898 0.336579
7.33244 7.27234 0.32785
7.33244 7.27234 0.32785
7.33244 7.27234 0.32785
7.33244 7.27234 0.32785
7.33244 7.27234 0.32785
7.37112 7.37978 0.341267
7.37112 7.37978 0.341267
7.37112 7.37978 0.341267
7.37112 7.37978 0.341267
7.76647 7.40029 0.320216
7.76647 7.40029 0.320216
7.76647 7.40029 0.320216
8.01539 7.87414 0.323971
8.01539 7.87414 0.323971
8.01539 7.87414 0.323971
8.01539 7.87414 0.323971
7.57527 7.61223 0.331608
7.57527 7.61223 0.331608
7.57527 7.61223 0.331608
7.57527 7.61223 0.331608
7.64158 8.3022 0.332353
7.64158 8.3022 0.332353
7.64158 8.3022 0.332353
7.64158 8.3022 0.332353
7.79288 7.66831 0.340157
7.79288 7.66831 0.340157
7.79288 7.66831 0.340157
7.64736 7.66042 0.331452
7.64736 7.66042 0.331452
7.64736 7.66042 0.331452
7.68025 7.57802 0.343799
7.68025 7.57802 0.343799
7.68025 7.57802 0.343799
7.68025 7.57802 0.343799
7.68025 7.57802 0.343799
7.68025 7.57802 0.343799
7.68025 7.57802 0.343799
7.76478 7.77234 0.316989
7.76478 7.77234 0.316989
7.76478 7.77234 0.316989
7.76478 7.77234 0.316989
7.76478 7.77234 0.316989
7.76478 7.77234 0.316989
7.76478 7.77234 0.316989
7.76478 7.77234 0.316989
7.76478 7.77234 0.316989
7.76478 7.77234 0.316989
7.76478 7.77234 0.316989
7.59545 7.44531 0.316959
7.81129 7.58212 0.338388
7.81129 7.58212 0.338388
7.81129 7.58212 0.338388
7.81129 7.58212 0.338388
7.81129 7.58212 0.338388
7.80219 7.25801 0.313907
7.80219 7.25801 0.313907
7.80219 7.25801 0.313907
7.80219 7.25801 0.313907
7.87236 7.89871 0.323107
7.87236 7.89871 0.323107
7.78825 7.63423 0.31699
7.78825 7.63423 0.31699
7.78825 7.63423 0.31699
7.78825 7.63423 0.31699
7.87105 7.80921 0.310793
7.87105 7.80921 0.310793
7.87105 7.80921 0.310793
7.87105 7.80921 0.310793
7.26467 7.8078 0.343664
7.26467 7.8078 0.343664
7.53451 7.64484 0.315872
7.53451 7.64484 0.315872
7.53451 7.64484 0.315872
7.5177 7.81724 0.324747
7.5177 7.81724 0.324747
7.5177 7.81724 0.324747
7.5177 7.81724 0.324747
7.5177 7.81724 0.324747
7.4536 7.81486 0.343111
8.31586 7.831 0.338658
7.71865 8.23074 0.326944
7.71865 8.23074 0.326944
7.71865 8.23074 0.326944
7.17157 7.53548 0.325647
7.17157 7.53548 0.325647
7.17157 7.53548 0.325647
7.20782 7.50537 0.334993
7.20782 7.50537 0.334993
7.20782 7.50537 0.334993
7.82838 7.47454 0.325096
8.29933 7.62222 0.331083
8.29933 7.62222 0.331083
8.29933 7.62222 0.331083
8.29933 7.62222 0.331083
8.29933 7.62222 0.331083
8.29933 7.62222 0.331083
8.29933 7.62222 0.331083
8.29933 7.62222 0.331083
7.43989 8.00945 0.33163
7.43989 8.00945 0.33163
7.43989 8.00945 0.33163
7.43989 8.00945 0.33163
7.43989 8.00945 0.33163
7.43989 8.00945 0.33163
7.43989 8.00945 0.33163
7.43989 8.00945 0.33163
7.43989 8.00945 0.33163
7.43989 8.00945 0.33163
7.54223 7.50327 0.311537
7.54223 7.50327 0.311537
7.54223 7.50327 0.311537
7.30413 7.46042 0.307545
7.30413 7.46042 0.307545
7.30413 7.46042 0.307545
7.26098 8.39491 0.309419
7.87256 7.83159 0.328884
7.87256 7.83159 0.328884
7.87256 7.83159 0.328884
7.4914 7.79212 0.326678
7.4914 7.79212 0.326678
7.4914 7.79212 0.326678
7.93735 7.75378 0.328335
7.93735 7.75378 0.328335
7.93735 7.75378 0.328335
7.93735 7.75378 0.328335
7.93735 7.75378 0.328335
7.93735 7.75378 0.328335
7.93735 7.75378 0.328335
7.93735 7.75378 0.328335
7.93735 7.75378 0.328335
7.59665 7.60576 0.320079
7.59665 7.60576 0.320079
7.59665 7.60576 0.320079
7.54322 8.1407 0.333725
7.49071 7.24684 0.339615
7.87428 7.83523 0.33071
7.87428 7.83523 0.33071
7.55006 7.91541 0.321988
7.55006 7.91541 0.321988
7.55006 7.91541 0.321988
7.55006 7.91541 0.321988
7.55006 7.91541 0.321988
7.72191 7.25295 0.341857
7.22428 7.03396 0.334998
7.22428 7.03396 0.334998
7.22428 7.03396 0.334998
7.22428 7.03396 0.334998
7.3385 7.85599 0.330698
7.38819 7.75977 0.327083
7.38819 7.75977 0.327083
7.38819 7.75977 0.327083
7.38819 7.75977 0.327083
7.38819 7.75977 0.327083
7.38819 7.75977 0.327083
7.38819 7.75977 0.327083
7.38819 7.75977 0.327083
8.00834 8.22324 0.314618
8.00834 8.22324 0.314618
8.00834 8.22324 0.314618
8.00834 8.22324 0.314618
8.00834 8.22324 0.314618
7.4072 7.56132 0.342767
7.4072 7.56132 0.342767
7.72403 7.83927 0.331267
7.72403 7.83927 0.331267
7.52719 7.74618 0.334606
8.26124 7.6139 0.32726
8.26124 7.6139 0.32726
7.98986 7.62938 0.31839
7.87958 7.64851 0.349932
7.87958 7.64851 0.349932
7.87958 7.64851 0.349932
7.87958 7.64851 0.349932
8.03518 7.487 0.322697
7.83665 8.12131 0.320401
7.83665 8.12131 0.320401
7.83665 8.12131 0.320401
8.08174 7.84993 0.345135
8.08174 7.84993 0.345135
8.08174 7.84993 0.345135
7.37076 7.92684 0.314775
8.09974 7.68709 0.325139
7.57612 6.96819 0.318456
7.57612 6.96819 0.318456
8.3779 7.81023 0.31654
8.3779 7.81023 0.31654
7.82659 7.83091 0.314904
7.82659 7.83091 0.314904
8.43736 8.2154 0.319946
8.43736 8.2154 0.319946
8.43736 8.2154 0.319946
8.01745 8.41186 0.328726
8.01745 8.41186 0.328726
8.29416 8.30267 0.331292
8.29416 8.30267 0.331292
8.29416 8.30267 0.331292
7.91259 8.14919 0.312874
7.91259 8.14919 0.312874
7.91259 8.14919 0.312874
7.91259 8.14919 0.312874
7.91259 8.14919 0.312874
7.91259 8.14919 0.312874
7.91202 8.32614 0.321813
7.91202 8.32614 0.321813
7.91202 8.32614 0.321813
7.91202 8.32614 0.321813
7.91202 8.32614 0.321813
7.91202 8.32614 0.321813
7.91202 8.32614 0.321813
7.97412 8.23813 0.321856
7.97412 8.23813 0.321856
7.97412 8.23813 0.321856
7.97412 8.23813 0.321856
7.97412 8.23813 0.321856
7.97412 8.23813 0.321856
7.97412 8.23813 0.321856
7.97412 8.23813 0.321856
7.7908 7.88041 0.322254
7.7908 7.88041 0.322254
7.7908 7.88041 0.322254
7.96249 8.05051 0.32265
7.96249 8.05051 0.32265
7.96249 8.05051 0.32265
7.96249 8.05051 0.32265
7.96249 8.05051 0.32265
7.96249 8.05051 0.32265
7.96249 8.05051 0.32265
7.96249 8.05051 0.32265
7.5895 7.85401 0.335807
7.5895 7.85401 0.335807
8.2538 8.21152 0.314047
8.2538 8.21152 0.314047
8.2538 8.21152 0.314047
8.2538 8.21152 0.314047
8.2538 8.21152 0.314047
8.31996 7.91005 0.315023
8.31996 7.91005 0.315023
8.31996 7.91005 0.315023
8.31996 7.91005 0.315023
8.27486 7.8424 0.303352
8.29424 7.70047 0.322734
8.29424 7.70047 0.322734
8.29424 7.70047 0.322734
8.29424 7.70047 0.322734
8.29424 7.70047 0.322734
8.29424 7.70047 0.322734
8.29424 7.70047 0.322734
8.29424 7.70047 0.322734
8.29424 7.70047 0.322734
8.29424 7.70047 0.322734
8.29424 7.70047 0.322734
8.29424 7.70047 0.322734
8.29424 7.70047 0.322734
8.21203 7.64998 0.321842
8.21203 7.64998 0.321842
8.21203 7.64998 0.321842
8.21203 7.64998 0.321842
8.21203 7.64998 0.321842
8.21203 7.64998 0.321842
8.21203 7.64998 0.321842
8.21203 7.64998 0.321842
8.21203 7.64998 0.321842
8.21203 7.64998 0.321842
8.21203 7.64998 0.321842
8.21203 7.64998 0.321842
8.02201 8.15919 0.306516
8.02201 8.15919 0.306516
8.02201 8.15919 0.306516
8.16753 7.93421 0.310813
8.16753 7.93421 0.310813
8.16753 7.93421 0.310813
8.16753 7.93421 0.310813
8.16753 7.93421 0.310813
8.16753 7.93421 0.310813
8.16753 7.93421 0.310813
7.84756 8.33598 0.321677
7.84756 8.33598 0.321677
7.84756 8.33598 0.321677
8.22946 7.85695 0.312386
8.22946 7.85695 0.312386
8.22946 7.85695 0.312386
8.19659 8.26512 0.324014
8.19659 8.26512 0.324014
8.19659 8.26512 0.324014
8.19659 8.26512 0.324014
8.19659 8.26512 0.324014
8.42074 8.03399 0.311845
8.27396 8.83682 0.341514
8.27396 8.83682 0.341514
8.40319 8.60416 0.300606
8.40319 8.60416 0.300606
7.94874 8.05401 0.315968
7.94874 8.05401 0.315968
7.94874 8.05401 0.315968
7.81652 7.87495 0.308883
7.81652 7.87495 0.308883
7.81652 7.87495 0.308883
7.81652 7.87495 0.308883
8.2952 8.45718 0.303533
8.2952 8.45718 0.303533
8.2952 8.45718 0.303533
8.2952 8.45718 0.303533
8.2952 8.45718 0.303533
8.2952 8.45718 0.303533
8.2952 8.45718 0.303533
8.46466 8.57824 0.325379
8.46466 8.57824 0.325379
8.46466 8.57824 0.325379
8.41697 8.05998 0.323903
8.6101 8.28387 0.324525
8.6101 8.28387 0.324525
8.6101 8.28387 0.324525
8.6101 8.28387 0.324525
8.6101 8.28387 0.324525
7.74714 8.15957 0.304688
7.74714 8.15957 0.304688
7.74714 8.15957 0.304688
8.48673 8.49007 0.311838
8.59432 8.28966 0.299875
8.59432 8.28966 0.299875
8.59432 8.28966 0.299875
8.59432 8.28966 0.299875
8.59432 8.28966 0.299875
7.74845 8.16391 0.311065
7.74845 8.16391 0.311065
7.784 8.11081 0.297796
7.7575 8.20688 0.320393
8.19023 8.04452 0.325532
8.19023 8.04452 0.325532
8.19023 8.04452 0.325532
8.19023 8.04452 0.325532
8.19023 8.04452 0.325532
8.19023 8.04452 0.325532
8.19023 8.04452 0.325532
8.19023 8.04452 0.325532
8.19023 8.04452 0.325532
8.24297 8.58106 0.323872
8.24297 8.58106 0.323872
8.28805 7.76659 0.321748
8.28805 7.76659 0.321748
8.28805 7.76659 0.321748
7.92805 8.32878 0.306467
7.92805 8.32878 0.306467
7.92805 8.32878 0.306467
7.92805 8.32878 0.306467
7.92805 8.32878 0.306467
7.92805 8.32878 0.306467
8.1337 8.50328 0.308042
8.1337 8.50328 0.308042
7.90832 8.39349 0.303004
8.85015 8.07541 0.320836
8.85015 8.07541 0.320836
8.85015 8.07541 0.320836
8.85015 8.07541 0.320836
7.83404 7.56512 0.317483
8.01935 8.38583 0.337821
8.01935 8.38583 0.337821
8.24124 8.36858 0.320168
8.24124 8.36858 0.320168
8.48857 8.27034 0.316378
8.28187 7.49483 0.316705
8.28187 7.49483 0.316705
8.28187 7.49483 0.316705
8.28187 7.49483 0.316705
7.92515 7.96975 0.329897
7.92515 7.96975 0.329897
7.92515 7.96975 0.329897
7.92515 7.96975 0.329897
8.04447 8.23823 0.303973
8.04447 8.23823 0.303973
8.04447 8.23823 0.303973
8.04447 8.23823 0.303973
8.04447 8.23823 0.303973
8.04447 8.23823 0.303973
8.04447 8.23823 0.303973
8.09591 8.01816 0.299672
8.22951 8.52634 0.324562
8.22951 8.52634 0.324562
8.22951 8.52634 0.324562
7.67804 8.66177 0.317832
7.67804 8.66177 0.317832
7.67804 8.66177 0.317832
7.67804 8.66177 0.317832
7.99127 7.82086 0.316957
7.99127 7.82086 0.316957
7.87059 8.60735 0.3151
7.87059 8.60735 0.3151
8.16221 8.15996 0.323029
8.51438 8.11751 0.302248
8.51438 8.11751 0.302248
8.51438 8.11751 0.302248
8.51438 8.11751 0.302248
8.51438 8.11751 0.302248
8.51438 8.11751 0.302248
8.51438 8.11751 0.302248
8.45143 8.21308 0.311939
8.45143 8.21308 0.311939
8.69047 8.47124 0.321385
8.69047 8.47124 0.321385
8.69047 8.47124 0.321385
8.69047 8.47124 0.321385
7.79573 7.96606 0.307055
7.79573 7.96606 0.307055
7.79573 7.96606 0.307055
7.79573 7.96606 0.307055
7.79573 7.96606 0.307055
8.34856 8.51278 0.309379
8.36565 8.83635 0.321362
7.99944 8.5303 0.309165
7.99944 8.5303 0.309165
8.48231 7.71194 0.301042
8.54131 8.18842 0.340882
8.34855 7.73117 0.328244
8.73299 7.87026 0.328895
8.73299 7.87026 0.328895
8.29884 8.04822 0.307717
8.32467 8.25869 0.299307
8.4342 8.17664 0.333781
8.4342 8.17664 0.333781
8.4342 8.17664 0.333781
8.4342 8.17664 0.333781
8.3564 8.2527 0.31802
7.9011 7.97921 0.314874
7.9011 7.97921 0.314874
7.9011 7.97921 0.314874
8.2705 8.42935 0.317181
8.2705 8.42935 0.317181
8.2705 8.42935 0.317181
8.40085 8.50476 0.292233
8.40085 8.50476 0.292233
8.41081 8.21077 0.332788
8.41081 8.21077 0.332788
7.98377 8.88972 0.311274
7.98377 8.88972 0.311274
7.98377 8.88972 0.311274
7.98377 8.88972 0.311274
7.98377 8.88972 0.311274
7.98377 8.88972 0.311274
7.98377 8.88972 0.311274
7.98377 8.88972 0.311274
8.45285 7.84102 0.304957
8.45285 7.84102 0.304957
8.45285 7.84102 0.304957
8.04935 8.24909 0.318957
7.62811 8.50285 0.312422
7.62811 8.50285 0.312422
7.62811 8.50285 0.312422
7.62811 8.50285 0.312422
8.52611 7.97969 0.322338
8.52611 7.97969 0.322338
7.75015 7.90709 0.298725
7.75015 7.90709 0.298725
8.34391 8.55299 0.320007
8.34391 8.55299 0.320007
8.34391 8.55299 0.320007
8.34391 8.55299 0.320007
8.34391 8.55299 0.320007
8.34391 8.55299 0.320007
8.34391 8.55299 0.320007
7.61425 8.26827 0.297112
8.06218 8.42542 0.310837
8.66424 7.29867 0.304992
8.66424 7.29867 0.304992
8.25615 8.54777 0.303197
8.25615 8.54777 0.303197
8.25615 8.54777 0.303197
8.53336 8.2919 0.298944
8.53336 8.2919 0.298944
8.53336 8.2919 0.298944
7.80729 8.38343 0.322929
7.80729 8.38343 0.322929
7.80729 8.38343 0.322929
8.30746 8.00123 0.316834
8.30746 8.00123 0.316834
8.30746 8.00123 0.316834
8.33324 7.94513 0.310395
8.33324 7.94513 0.310395
7.98211 8.06272 0.307104
7.98211 8.06272 0.307104
7.98211 8.06272 0.307104
8.46565 8.53791 0.32603
8.46565 8.53791 0.32603
7.83707 8.12086 0.32015
8.26732 8.18443 0.319893
8.26732 8.18443 0.319893
7.91355 8.05538 0.316217
7.91355 8.05538 0.316217
7.91355 8.05538 0.316217
8.17039 7.89039 0.318534
8.17039 7.89039 0.318534
8.17039 7.89039 0.318534
8.80369 8.55816 0.312885
8.80369 8.55816 0.312885
8.31855 8.09287 0.319551
8.31855 8.09287 0.319551
7.93721 8.03302 0.322282
7.94394 8.25541 0.318319
7.94394 8.25541 0.318319
8.07366 7.83042 0.324604
8.07366 7.83042 0.324604
8.07366 7.83042 0.324604
8.07366 7.83042 0.324604
8.07366 7.83042 0.324604
7.89711 8.29018 0.318917
7.89711 8.29018 0.318917
8.1316 7.91907 0.302052
8.25032 8.272 0.316088
8.25032 8.272 0.316088
8.73057 8.06432 0.312175
8.73057 8.06432 0.312175
8.73057 8.06432 0.312175
8.73057 8.06432 0.312175
8.40373 8.01519 0.308915
7.81101 7.90733 0.302464
8.32164 8.14078 0.300534
8.32164 8.14078 0.300534
8.40767 7.76771 0.33661
8.40767 7.76771 0.33661
8.40767 7.76771 0.33661
7.97705 8.26525 0.309533
7.97705 8.26525 0.309533
7.90717 8.15738 0.330696
8.21751 8.37334 0.304798
8.21751 8.37334 0.304798
8.4033 8.59863 0.302996
8.4033 8.59863 0.302996
7.82674 8.63345 0.303229
7.82674 8.63345 0.303229
7.82674 8.63345 0.303229
8.49558 8.21148 0.31985
8.49558 8.21148 0.31985
7.9952 7.68363 0.32735
7.9952 7.68363 0.32735
7.9952 7.68363 0.32735
8.17441 8.24393 0.329442
8.17441 8.24393 0.329442
8.17441 8.24393 0.329442
8.05134 8.16185 0.315961
8.05134 8.16185 0.315961
8.05134 8.16185 0.315961
7.92111 8.24811 0.326556
7.92111 8.24811 0.326556
7.88983 8.20775 0.319521
7.88983 8.20775 0.319521
8.76393 7.79658 0.311397
8.76393 7.79658 0.311397
8.41132 7.98983 0.308267
8.41132 7.98983 0.308267
8.41132 7.98983 0.308267
7.37958 8.15463 0.309431
7.37958 8.15463 0.309431
7.37958 8.15463 0.309431
7.37958 8.15463 0.309431
7.37958 8.15463 0.309431
7.37958 8.15463 0.309431
7.37958 8.15463 0.309431
7.37958 8.15463 0.309431
7.37958 8.15463 0.309431
7.37958 8.15463 0.309431
7.37958 8.15463 0.309431
7.37958 8.15463 0.309431
7.37958 8.15463 0.309431
7.92348 7.78231 0.316505
7.92348 7.78231 0.316505
7.92348 7.78231 0.316505
7.92348 7.78231 0.316505
8.38757 8.16525 0.310899
8.38757 8.16525 0.310899
8.38757 8.16525 0.310899
8.16646 8.36353 0.320596
7.93895 7.58508 0.315063
8.17595 7.96305 0.314952
8.17595 7.96305 0.314952
7.65805 7.50619 0.295276
7.65805 7.50619 0.295276
7.65805 7.50619 0.295276
7.92854 8.65812 0.291829
7.92854 8.65812 0.291829
7.90042 8.57516 0.322091
7.90042 8.57516 0.322091
8.33444 8.01563 0.344399
7.69806 8.292 0.303277
7.69806 8.292 0.303277
7.5498 8.37911 0.325369
7.5498 8.37911 0.325369
7.5498 8.37911 0.325369
8.64032 7.81963 0.326104
8.64032 7.81963 0.326104
8.64032 7.81963 0.326104
8.14399 8.00275 0.312971
8.43251 7.97428 0.331542
8.43251 7.97428 0.331542
8.43251 7.97428 0.331542
7.56138 8.16395 0.312402
7.56138 8.16395 0.312402
8.15191 7.9896 0.314337
8.15191 7.9896 0.314337
8.15191 7.9896 0.314337
8.15191 7.9896 0.314337
8.15191 7.9896 0.314337
8.15191 7.9896 0.314337
8.15191 7.9896 0.314337
8.15191 7.9896 0.314337
8.15191 7.9896 0.314337
8.15191 7.9896 0.314337
8.15191 7.9896 0.314337
8.15191 7.9896 0.314337
8.15191 7.9896 0.314337
8.01265 7.4266 0.309503
8.01265 7.4266 0.309503
8.01265 7.4266 0.309503
8.01265 7.4266 0.309503
8.01265 7.4266 0.309503
8.01265 7.4266 0.309503
8.01265 7.4266 0.309503
8.01265 7.4266 0.309503
8.01235 8.59738 0.320227
8.01235 8.59738 0.320227
8.01235 8.59738 0.320227
8.01235 8.59738 0.320227
8.01235 8.59738 0.320227
8.01235 8.59738 0.320227
8.01235 8.59738 0.320227
8.01235 8.59738 0.320227
8.01235 8.59738 0.320227
8.01235 8.59738 0.320227
8.01235 8.59738 0.320227
8.01235 8.59738 0.320227
8.56124 8.0229 0.308524
8.56124 8.0229 0.308524
8.56124 8.0229 0.308524
8.56124 8.0229 0.308524
8.56124 8.0229 0.308524
8.56124 8.0229 0.308524
8.56124 8.0229 0.308524
8.36263 8.66534 0.309118
8.36263 8.66534 0.309118
8.36263 8.66534 0.309118
8.36263 8.66534 0.309118
8.36263 8.66534 0.309118
8.31975 7.84552 0.3127
8.37168 8.12912 0.327202
8.37168 8.12912 0.327202
8.37168 8.12912 0.327202
8.37168 8.12912 0.327202
8.37168 8.12912 0.327202
8.37168 8.12912 0.327202
8.00635 8.09784 0.31076
8.00635 8.09784 0.31076
8.00635 8.09784 0.31076
8.00635 8.09784 0.31076
8.00635 8.09784 0.31076
8.00635 8.09784 0.31076
8.01003 8.46362 0.314027
8.01003 8.46362 0.314027
8.01003 8.46362 0.314027
7.59497 7.98808 0.328553
7.59497 7.98808 0.328553
7.59497 7.98808 0.328553
8.6449 7.67749 0.317369
8.27844 7.74742 0.316299
8.69123 8.2504 0.31206
8.67511 7.68643 0.296395
7.92904 7.58438 0.312099
8.28851 8.54377 0.309644
8.28851 8.54377 0.309644
8.40312 8.18307 0.303921
8.40312 8.18307 0.303921
8.40312 8.18307 0.303921
8.40312 8.18307 0.303921
8.40312 8.18307 0.303921
8.14078 7.88587 0.312205
8.14078 7.88587 0.312205
8.14078 7.88587 0.312205
8.14078 7.88587 0.312205
8.05126 8.50344 0.324398
8.05126 8.50344 0.324398
8.05126 8.50344 0.324398
8.05126 8.50344 0.324398
8.05126 8.50344 0.324398
8.05126 8.50344 0.324398
8.05126 8.50344 0.324398
8.05126 8.50344 0.324398
8.05126 8.50344 0.324398
8.05126 8.50344 0.324398
8.05126 8.50344 0.324398
8.05126 8.50344 0.324398
8.05126 8.50344 0.324398
8.05126 8.50344 0.324398
8.05126 8.50344 0.324398
8.05126 8.50344 0.324398
7.96601 8.15103 0.332877
7.96601 8.15103 0.332877
7.96601 8.15103 0.332877
8.51609 8.15843 0.317129
7.70526 8.14847 0.307093
7.70526 8.14847 0.307093
8.06665 8.54861 0.322916
8.06665 8.54861 0.322916
8.06665 8.54861 0.322916
8.06665 8.54861 0.322916
8.06665 8.54861 0.322916
8.06665 8.54861 0.322916
8.06665 8.54861 0.322916
8.06665 8.54861 0.322916
8.44143 8.58991 0.319558
8.44143 8.58991 0.319558
8.48684 8.17725 0.317144
8.48684 8.17725 0.317144
8.48684 8.17725 0.317144
8.2287 7.95686 0.311455
8.2287 7.95686 0.311455
8.2287 7.95686 0.311455
8.2287 7.95686 0.311455
8.2287 7.95686 0.311455
8.2287 7.95686 0.311455
8.2287 7.95686 0.311455
8.2287 7.95686 0.311455
8.2287 7.95686 0.311455
8.2287 7.95686 0.311455
8.2287 7.95686 0.311455
8.2287 7.95686 0.311455
8.10095 8.23079 0.302601
8.10095 8.23079 0.302601
8.10095 8.23079 0.302601
8.48407 7.11724 0.298443
8.52806 8.45966 0.312025
8.52806 8.45966 0.312025
8.52806 8.45966 0.312025
8.52806 8.45966 0.312025
8.52806 8.45966 0.312025
8.52806 8.45966 0.312025
8.52806 8.45966 0.312025
8.52806 8.45966 0.312025
8.53589 8.36417 0.331003
8.53589 8.36417 0.331003
8.53589 8.36417 0.331003
8.53589 8.36417 0.331003
8.53589 8.36417 0.331003
8.53589 8.36417 0.331003
8.53589 8.36417 0.331003
8.53589 8.36417 0.331003
8.53589 8.36417 0.331003
8.53589 8.36417 0.331003
8.13975 7.57287 0.331194
8.35317 7.9159 0.318127
8.16913 8.21764 0.31251
8.16913 8.21764 0.31251
8.14617 8.24782 0.302623
7.90359 7.54297 0.321819
7.90359 7.54297 0.321819
8.66517 8.10994 0.326502
8.66517 8.10994 0.326502
8.66517 8.10994 0.326502
8.66517 8.10994 0.326502
8.66517 8.10994 0.326502
8.66517 8.10994 0.326502
8.66517 8.10994 0.326502
8.08358 8.19895 0.311473
8.08358 8.19895 0.311473
7.86208 8.05016 0.28422
7.86208 8.05016 0.28422
7.86208 8.05016 0.28422
7.86208 8.05016 0.28422
8.29719 8.06276 0.313039
8.29719 8.06276 0.313039
8.29719 8.06276 0.313039
8.29719 8.06276 0.313039
8.29719 8.06276 0.313039
8.29719 8.06276 0.313039
8.20642 8.53385 0.328781
7.89436 7.86984 0.318244
8.05808 8.16206 0.312333
8.05808 8.16206 0.312333
8.05808 8.16206 0.312333
8.73051 7.90316 0.314915
8.73051 7.90316 0.314915
8.73051 7.90316 0.314915
8.00366 7.81196 0.314539
8.00366 7.81196 0.314539
8.00366 7.81196 0.314539
8.42739 8.50842 0.317711
8.28587 8.42056 0.319555
8.28587 8.42056 0.319555
8.28587 8.42056 0.319555
8.28587 8.42056 0.319555
8.28587 8.42056 0.319555
8.28587 8.42056 0.319555
8.28587 8.42056 0.319555
8.01673 8.49245 0.309688
8.24266 8.45471 0.323065
8.29643 8.03333 0.308441
7.8596 8.21425 0.322151
7.8596 8.21425 0.322151
7.8596 8.21425 0.322151
7.8668 7.95987 0.307194
7.8668 7.95987 0.307194
8.29691 7.57465 0.313942
8.29691 7.57465 0.313942
7.99085 8.32039 0.318189
8.68933 8.4469 0.326253
8.68933 8.4469 0.326253
8.68761 8.09849 0.331225
7.61204 8.24499 0.31126
7.61204 8.24499 0.31126
8.20218 8.04559 0.309699
8.20218 8.04559 0.309699
8.20218 8.04559 0.309699
7.93324 8.18593 0.310159
7.93324 8.18593 0.310159
7.93324 8.18593 0.310159
7.93324 8.18593 0.310159
7.93324 8.18593 0.310159
7.93324 8.18593 0.310159
8.40025 8.66219 0.294587
8.40025 8.66219 0.294587
8.40025 8.66219 0.294587
8.40025 8.66219 0.294587
8.40025 8.66219 0.294587
8.40025 8.66219 0.294587
8.40025 8.66219 0.294587
8.40025 8.66219 0.294587
8.40025 8.66219 0.294587
8.05587 7.65148 0.302716
8.05587 7.65148 0.302716
8.05587 7.65148 0.302716
8.05587 7.65148 0.302716
8.05587 7.65148 0.302716
8.05587 7.65148 0.302716
8.05587 7.65148 0.302716
8.05587 7.65148 0.302716
8.05587 7.65148 0.302716
8.05587 7.65148 0.302716
8.05587 7.65148 0.302716
7.60791 8.33987 0.30979
8.59289 8.26057 0.308625
8.59289 8.26057 0.308625
8.18095 8.27785 0.309186
8.18095 8.27785 0.309186
8.18095 8.27785 0.309186
8.18095 8.27785 0.309186
8.18095 8.27785 0.309186
8.18095 8.27785 0.309186
8.18095 8.27785 0.309186
8.15813 8.47443 0.307277
8.15813 8.47443 0.307277
8.68016 7.94113 0.298931
7.66918 7.99213 0.318007
8.0137 8.46601 0.318947
8.0137 8.46601 0.318947
8.0137 8.46601 0.318947
8.0137 8.46601 0.318947
8.0137 8.46601 0.318947
7.97056 7.75528 0.300019
7.97056 7.75528 0.300019
7.97056 7.75528 0.300019
7.97056 7.75528 0.300019
7.97056 7.75528 0.300019
7.97056 7.75528 0.300019
7.97056 7.75528 0.300019
7.97056 7.75528 0.300019
7.97056 7.75528 0.300019
7.97056 7.75528 0.300019
8.29693 8.63583 0.316377
6.08737 6.59659 0.312517
6.08737 6.59659 0.312517
6.08737 6.59659 0.312517
6.08737 6.59659 0.312517
6.08737 6.59659 0.312517
6.08737 6.59659 0.312517
6.08737 6.59659 0.312517
6.08737 6.59659 0.312517
6.08737 6.59659 0.312517
6.08737 6.59659 0.312517
6.08737 6.59659 0.312517
6.08737 6.59659 0.312517
6.08737 6.59659 0.312517
6.08737 6.59659 0.312517
6.08737 6.59659 0.312517
6.08737 6.59659 0.312517
6.08737 6.59659 0.312517
6.08737 6.59659 0.312517
6.08737 6.59659 0.312517
6.08737 6.59659 0.312517
6.08737 6.59659 0.312517
6.08737 6.59659 0.312517
5.79979 6.21571 0.00965199
5.79979 6.21571 0.00965199
5.79979 6.21571 0.00965199
6.70325 6.56003 -0.00314776
6.70325 6.56003 -0.00314776
6.70325 6.56003 -0.00314776
6.70325 6.56003 -0.00314776
6.47297 6.38341 0.00692892
6.47297 6.38341 0.00692892
6.47297 6.38341 0.00692892
6.23268 6.00392 -0.0248975
6.23268 6.00392 -0.0248975
6.23268 6.00392 -0.0248975
6.23268 6.00392 -0.0248975
6.23268 6.00392 -0.0248975
6.23268 6.00392 -0.0248975
6.23268 6.00392 -0.0248975
6.23268 6.00392 -0.0248975
6.23268 6.00392 -0.0248975
6.23268 6.00392 -0.0248975
6.23268 6.00392 -0.0248975
6.23268 6.00392 -0.0248975
6.16248 6.1131 0.017497
6.16248 6.1131 0.017497
6.16248 6.1131 0.017497
6.31558 6.52664 -0.00338523
6.31558 6.52664 -0.00338523
6.31558 6.52664 -0.00338523
6.31558 6.52664 -0.00338523
6.31558 6.52664 -0.00338523
6.31558 6.52664 -0.00338523
6.31558 6.52664 -0.00338523
6.31558 6.52664 -0.00338523
6.31558 6.52664 -0.00338523
5.74481 6.2398 0.0022158
5.74481 6.2398 0.0022158
5.74481 6.2398 0.0022158
6.69132 6.13475 -0.000878542
6.3403 6.02852 0.0191007
5.91987 5.79362 0.0171348
5.91987 5.79362 0.0171348
6.15432 5.82843 -0.00606631
6.91345 5.90338 0.0057686
6.91345 5.90338 0.0057686
6.91345 5.90338 0.0057686
6.21619 6.44309 -0.00627157
6.21619 6.44309 -0.00627157
6.21619 6.44309 -0.00627157
6.21619 6.44309 -0.00627157
6.21619 6.44309 -0.00627157
6.21619 6.44309 -0.00627157
6.21619 6.44309 -0.00627157
6.21619 6.44309 -0.00627157
6.91797 7.02514 0.295585
5.96023 7.24634 0.301792
5.96023 7.24634 0.301792
5.96023 7.24634 0.301792
5.96023 7.24634 0.301792
5.96023 7.24634 0.301792
6.30987 6.54377 0.30035
6.30987 6.54377 0.30035
6.30987 6.54377 0.30035
7.09718 6.54737 0.305145
7.09718 6.54737 0.305145
7.09718 6.54737 0.305145
7.09718 6.54737 0.305145
7.09718 6.54737 0.305145
7.09718 6.54737 0.305145
6.63371 6.70128 0.309699
6.63371 6.70128 0.309699
6.63371 6.70128 0.309699
6.63371 6.70128 0.309699
6.65213 6.79345 0.291918
6.65213 6.79345 0.291918
6.65213 6.79345 0.291918
7.04402 6.44124 0.306587
6.29822 6.68167 0.315896
6.29822 6.68167 0.315896
10.846 10.3866 0.303414
10.9868 10.7409 0.290345
10.4382 11.1954 0.308654
10.7553 10.8715 0.322524
10.2417 10.4573 0.317493
10.2417 10.4573 0.317493
10.2417 10.4573 0.317493
10.5959 10.7762 0.320478
10.5959 10.7762 0.320478
10.5959 10.7762 0.320478
10.4085 11.2725 0.308403
11.2837 10.2924 0.301497
10.8224 11.0465 0.308367
10.8224 11.0465 0.308367
10.8224 11.0465 0.308367
10.8224 11.0465 0.308367
10.8224 11.0465 0.308367
10.8224 11.0465 0.308367
10.7151 11.0526 0.303327
10.1144 10.7088 0.316597
11.1739 10.6558 0.309857
10.8813 10.7037 0.308374
10.8813 10.7037 0.308374
10.3979 11.065 0.306733
11.16 10.8222 0.321145
11.16 10.8222 0.321145
11.523 11.1876 0.317588
12.0506 11.4261 0.303233
11.2326 11.6048 0.317555
11.4365 11.8273 0.293299
11.2637 11.3893 0.310506
11.2637 11.3893 0.310506
11.6356 11.4706 0.288996
11.7975 11.4871 0.313995
11.5361 11.4893 0.320896
11.067 11.1248 0.305158
11.2088 11.4502 0.295798
11.2088 11.4502 0.295798
11.2088 11.4502 0.295798
12.0855 11.8035 0.309378
11.3261 11.271 0.298329
11.3261 11.271 0.298329
11.5329 11.6143 0.302271
11.5329 11.6143 0.302271
11.5936 11.659 0.295485
11.1571 11.8543 0.299293
10.8266 10.5468 0.287312
11.3566 12.0525 0.326914
11.4913 11.0498 0.293482
11.245 11.5581 0.306303
11.7342 11.4597 0.304688
11.7342 11.4597 0.304688
11.7698 11.5043 0.310746
10.5958 11.6982 0.2916
11.2217 11.7456 0.309106
11.4157 11.4717 0.309504
11.4574 11.6284 0.318658
11.4574 11.6284 0.318658
11.4304 11.7374 0.309498
11.6653 11.4007 0.28997
11.3448 11.5544 0.309721
11.3448 11.5544 0.309721
11.3448 11.5544 0.309721
11.4014 11.4116 0.294097
12.3247 11.2769 0.313121
11.3674 11.3332 0.301976
11.5122 11.4293 0.281559
11.5122 11.4293 0.281559
10.9415 11.1461 0.309034
11.5002 11.0457 0.307449
11.9257 11.8796 0.310794
11.4194 11.2692 0.302211
11.2811 11.4313 0.312622
11.1216 11.5293 0.308908
11.9558 11.1886 0.284706
11.9558 11.1886 0.284706
11.757 11.8762 0.319666
10.9468 12.0056 0.314177
10.9468 12.0056 0.314177
10.9468 12.0056 0.314177
11.6318 11.166 0.308226
11.6318 11.166 0.308226
11.5831 11.4279 0.307848
11.8525 11.7329 0.289381
12.0207 11.454 0.315854
12.0207 11.454 0.315854
11.5461 11.4286 0.318327
11.8692 11.3002 0.292698
11.4697 10.9593 0.291619
11.442 11.7772 0.309915
11.8159 11.3435 0.308213
11.8159 11.3435 0.308213
11.4188 11.3089 0.317674
11.4188 11.3089 0.317674
11.639 11.1081 0.304614
11.9367 11.4239 0.293215
11.0989 11.9026 0.308561
11.0989 11.9026 0.308561
11.0989 11.9026 0.308561
11.0989 11.9026 0.308561
3.9382 46.556 -66.807
3.9382 46.556 -66.807
3.9382 46.556 -66.807
3.9382 46.556 -66.807
3.9382 46.556 -66.807
3.9382 46.556 -66.807
3.9382 46.556 -66.807
3.9382 46.556 -66.807
3.9382 46.556 -66.807
3.9382 46.556 -66.807
3.9382 46.556 -66.807
3.9382 46.556 -66.807
3.9382 46.556 -66.807
3.9382 46.556 -66.807
3.9382 46.556 -66.807
3.9382 46.556 -66.807
3.9382 46.556 -66.807
3.9382 46.556 -66.807
3.9382 46.556 -66.807
3.9382 46.556 -66.807
3.9382 46.556 -66.807
3.9382 46.556 -66.807
3.9382 46.556 -66.807
3.9382 46.556 -66.807
3.9382 46.556 -66.807
3.9382 46.556 -66.807
3.9382 46.556 -66.807
3.9382 46.556 -66.807
3.9382 46.556 -66.807
3.9382 46.556 -66.807
3.9382 46.556 -66.807
3.9382 46.556 -66.807
3.9382 46.556 -66.807
3.9382 46.556 -66.807
3.9382 46.556 -66.807
3.9382 46.556 -66.807
3.9382 46.556 -66.807
3.9382 46.556 -66.807
3.9382 46.556 -66.807
3.9382 46.556 -66.807
3.9382 46.556 -66.807
3.9382 46.556 -66.807
3.9382 46.556 -66.807
3.9382 46.556 -66.807
3.9382 46.556 -66.807
3.9382 46.556 -66.807
3.9382 46.556 -66.807
3.9382 46.556 -66.807
3.9382 46.556 -66.807
3.9382 46.556 -66.807
3.9382 46.556 -66.807
3.9382 46.556 -66.807
3.9382 46.556 -66.807
3.9382 46.556 -66.807
3.9382 46.556 -66.807
3.9382 46.556 -66.807
3.9382 46.556 -66.807
3.9382 46.556 -66.807
3.9382 46.556 -66.807
3.9382 46.556 -66.807
3.9382 46.556 -66.807
3.9382 46.556 -66.807
3.9382 46.556 -66.807
3.9382 46.556 -66.807
3.9382 46.556 -66.807
3.9382 46.556 -66.807
3.9382 46.556 -66.807
3.9382 46.556 -66.807
3.9382 46.556 -66.807
3.9382 46.556 -66.807
3.9382 46.556 -66.807
3.9382 46.556 -66.807
3.9382 46.556 -66.807
3.9382 46.556 -66.807
3.9382 46.556 -66.807
3.9382 46.556 -66.807
3.9382 46.556 -66.807
3.9382 46.556 -66.807
3.9382 46.556 -66.807
3.9382 46.556 -66.807
3.9382 46.556 -66.807
3.9382 46.556 -66.807
3.9382 46.556 -66.807
3.9382 46.556 -66.807
3.9382 46.556 -66.807
3.9382 46.556 -66.807
3.9382 46.556 -66.807
3.9382 46.556 -66.807
3.9382 46.556 -66.807
3.9382 46.556 -66.807
3.9382 46.556 -66.807
3.9382 46.556 -66.807
3.9382 46.556 -66.807
3.9382 46.556 -66.807
3.9382 46.556 -66.807
3.9382 46.556 -66.807
3.9382 46.556 -66.807
3.9382 46.556 -66.807
3.9382 46.556 -66.807
3.9382 46.556 -66.807
6.76801 6.84542 0.300373
7.08809 6.69425 0.293003
6.39798 7.2772 0.30064
6.35636 6.63181 0.29718
6.35636 6.63181 0.29718
6.35636 6.63181 0.29718
6.35636 6.63181 0.29718
6.35636 6.63181 0.29718
6.35636 6.63181 0.29718
6.75095 6.49711 0.30576
6.75095 6.49711 0.30576
6.75095 6.49711 0.30576
6.75095 6.49711 0.30576
6.75095 6.49711 0.30576
6.75095 6.49711 0.30576
7.6198 6.83423 0.299986
7.6198 6.83423 0.299986
7.6198 6.83423 0.299986
7.6198 6.83423 0.299986
7.6198 6.83423 0.299986
7.6198 6.83423 0.299986
6.95806 5.98621 0.300674
6.95806 5.98621 0.300674
6.95806 5.98621 0.300674
6.80031 7.32682 0.291225
6.80031 7.32682 0.291225
6.91947 6.66916 0.290699
6.91947 6.66916 0.290699
6.90721 6.69042 0.291918
6.90721 6.69042 0.291918
6.90721 6.69042 0.291918
6.62377 6.68929 0.295818
6.62377 6.68929 0.295818
6.62377 6.68929 0.295818
7.22717 6.28006 0.297675
6.54226 6.33674 0.292359
6.54226 6.33674 0.292359
6.54835 6.48714 0.297062
6.54835 6.48714 0.297062
6.54835 6.48714 0.297062
6.54835 6.48714 0.297062
6.54835 6.48714 0.297062
6.73545 6.91504 0.302479
6.73545 6.91504 0.302479
6.49001 7.08482 0.296082
6.2676 6.98699 0.301782
6.7606 6.42001 0.305989
6.57013 6.8455 0.306743
6.57013 6.8455 0.306743
6.57013 6.8455 0.306743
6.57013 6.8455 0.306743
6.52284 6.45484 0.310429
6.52284 6.45484 0.310429
6.52284 6.45484 0.310429
6.52284 6.45484 0.310429
6.52284 6.45484 0.310429
6.52284 6.45484 0.310429
6.81789 6.69674 0.299045
6.81789 6.69674 0.299045
6.81789 6.69674 0.299045
6.63277 6.69209 0.284075
6.63277 6.69209 0.284075
6.74205 6.83303 0.299587
6.74205 6.83303 0.299587
6.74205 6.83303 0.299587
6.74205 6.83303 0.299587
6.74205 6.83303 0.299587
6.74205 6.83303 0.299587
6.74205 6.83303 0.299587
6.92008 6.63898 0.304395
6.92008 6.63898 0.304395
6.92008 6.63898 0.304395
6.92008 6.63898 0.304395
6.45982 6.56163 0.307474
6.45982 6.56163 0.307474
6.65549 6.53111 0.302183
6.65549 6.53111 0.302183
6.65549 6.53111 0.302183
6.65549 6.53111 0.302183
6.65549 6.53111 0.302183
6.65549 6.53111 0.302183
6.65549 6.53111 0.302183
6.65549 6.53111 0.302183
6.65549 6.53111 0.302183
6.65549 6.53111 0.302183
6.65549 6.53111 0.302183
6.65549 6.53111 0.302183
7.20014 7.13727 0.287603
7.20014 7.13727 0.287603
7.20014 7.13727 0.287603
7.20014 7.13727 0.287603
7.20014 7.13727 0.287603
7.20014 7.13727 0.287603
7.20014 7.13727 0.287603
7.20014 7.13727 0.287603
7.20014 7.13727 0.287603
7.20014 7.13727 0.287603
6.69283 6.74861 0.308956
6.69283 6.74861 0.308956
6.69283 6.74861 0.308956
