23.1865 23.4602 0.268824
10.7536 10.8893 0.309914
32.195 32.1224 0.186243
19.2758 19.6126 0.28139
11.9624 12.0525 0.304642
32.4898 31.7282 0.179466
31.4281 30.6664 0.207569
16.2032 15.9965 0.292768
9.39852 9.87457 0.312378
15.433 16.0527 0.296806
18.8795 19.3555 0.261025
23.3807 23.5833 0.257712
9.75382 8.97282 0.30782
9.877 9.52748 0.313101
10.7409 10.57 0.300085
16.8225 17.4422 0.269532
7.77147 7.61535 0.299868
6.41059 6.44927 0.336636
15.4497 15.3771 0.290848
31.147 30.9516 0.231576
6.29217 6.34845 0.315809
10.1126 10.2139 0.294161
29.7382 30.2088 0.217777
15.8112 16.2818 0.307003
23.7188 23.3032 0.246732
28.7552 28.655 0.254032
28.0268 28.0831 0.232086
26.7899 26.264 0.245045
16.4344 16.8535 0.281515
11.2885 11.4187 0.317347
22.9475 22.7795 0.264937
10.1126 10.2139 0.294161
13.3332 13.3111 0.296966
11.3271 11.9821 0.313649
10.1126 10.2139 0.294161
11.4454 11.648 0.316461
24.9557 25.0914 0.247399
9.54755 8.63614 0.334419
11.6142 11.2764 0.318521
10.4728 10.266 0.299113
10.1126 10.2139 0.294161
26.7539 26.116 0.243464
20.2327 20.1601 0.278989
31.7528 31.5637 0.188008
26.1582 26.495 0.24146
23.8977 23.9878 0.245892
28.7092 28.1833 0.235103
9.39852 9.87457 0.312378
21.9137 22.015 0.250124
13.6923 13.3428 0.288881
6.26297 5.93353 0.0169025
30.2306 30.5042 0.226303
15.4307 15.3532 0.287936
13.2916 13.5568 0.292483
12.5519 12.0508 0.297585
13.1717 13.1988 0.295595
24.5311 24.4584 0.24362
19.7013 19.5266 0.284583
32.7868 32.805 0.205374
16.885 17.6768 0.27464
24.0654 23.9651 0.270039
9.22828 9.25309 0.302213
23.1865 23.4602 0.268824
13.2923 13.0028 0.298575
9.98836 9.22669 0.294127
8.10812 8.84108 0.344488
28.6233 28.1023 0.223838
25.496 24.4725 0.246989
26.1813 26.1325 0.242214
22.9475 22.7795 0.264937
30.2961 29.567 0.220768
11.2885 11.4187 0.317347
22.4534 22.2854 0.27058
10.1126 10.2139 0.294161
23.8466 23.2368 0.270403
11.9919 12.8229 0.308825
8.29573 8.83653 0.324694
20.5275 19.7658 0.272212
19.4936 19.7588 0.280178
20.0885 20.5076 0.290812
11.2885 11.4187 0.317347
20.0885 20.5076 0.290812
27.8416 27.4015 0.222687
18.941 18.5253 0.25051
16.111 16.1497 0.32184
22.3479 22.4181 0.262509
29.5628 30.0499 0.209356
25.0807 24.9126 0.253234
29.7382 30.2088 0.217777
9.22828 9.25309 0.302213
10.1126 10.2139 0.294161
27.7889 27.0273 0.211622
14.0084 14.2219 0.274043
32.1936 32.6245 0.190906
17.4042 17.8942 0.284772
22.9623 22.8103 0.264614
15.5643 15.9557 0.307769
6.93656 6.81633 0.301809
6.41059 6.44927 0.336636
18.0388 17.2771 0.264018
9.74046 9.75854 0.314759
9.74046 9.75854 0.314759
9.74046 9.75854 0.314759
9.74046 9.75854 0.314759
9.74046 9.75854 0.314759
9.74046 9.75854 0.314759
9.74046 9.75854 0.314759
9.74046 9.75854 0.314759
9.74046 9.75854 0.314759
9.75321 9.82333 0.314131
9.75321 9.82333 0.314131
9.75321 9.82333 0.314131
9.75321 9.82333 0.314131
9.75321 9.82333 0.314131
9.75321 9.82333 0.314131
9.75321 9.82333 0.314131
9.75321 9.82333 0.314131
8.78117 8.44332 0.333806
8.78117 8.44332 0.333806
8.78117 8.44332 0.333806
8.78117 8.44332 0.333806
8.78117 8.44332 0.333806
8.78117 8.44332 0.333806
8.78117 8.44332 0.333806
8.78117 8.44332 0.333806
8.78117 8.44332 0.333806
8.78117 8.44332 0.333806
8.78117 8.44332 0.333806
8.78117 8.44332 0.333806
8.78117 8.44332 0.333806
8.78117 8.44332 0.333806
8.78117 8.44332 0.333806
8.78117 8.44332 0.333806
9.03156 8.68204 0.316932
9.03156 8.68204 0.316932
9.03156 8.68204 0.316932
9.03156 8.68204 0.316932
9.03156 8.68204 0.316932
9.03156 8.68204 0.316932
9.03156 8.68204 0.316932
9.03156 8.68204 0.316932
9.03156 8.68204 0.316932
9.03156 8.68204 0.316932
9.03156 8.68204 0.316932
8.99875 8.80327 0.33306
8.99875 8.80327 0.33306
8.99875 8.80327 0.33306
8.99875 8.80327 0.33306
8.99875 8.80327 0.33306
8.99875 8.80327 0.33306
8.45681 8.94342 0.309893
8.45681 8.94342 0.309893
8.45681 8.94342 0.309893
8.45681 8.94342 0.309893
8.45681 8.94342 0.309893
8.45681 8.94342 0.309893
8.45681 8.94342 0.309893
8.71541 8.62367 0.326965
8.71541 8.62367 0.326965
8.71541 8.62367 0.326965
8.71541 8.62367 0.326965
9.10177 8.93093 0.311501
11.4646 11.1751 0.311341
11.1069 11.4618 0.316006
11.1069 11.4618 0.316006
11.1069 11.4618 0.316006
11.1069 11.4618 0.316006
11.1069 11.4618 0.316006
11.1069 11.4618 0.316006
11.1069 11.4618 0.316006
11.1069 11.4618 0.316006
11.1069 11.4618 0.316006
11.1069 11.4618 0.316006
11.1069 11.4618 0.316006
11.1069 11.4618 0.316006
11.1069 11.4618 0.316006
11.1069 11.4618 0.316006
11.1069 11.4618 0.316006
11.1069 11.4618 0.316006
11.1069 11.4618 0.316006
11.1069 11.4618 0.316006
11.1069 11.4618 0.316006
11.1069 11.4618 0.316006
11.1069 11.4618 0.316006
11.1069 11.4618 0.316006
11.1069 11.4618 0.316006
11.1069 11.4618 0.316006
11.1069 11.4618 0.316006
11.8326 11.1035 0.312469
11.8326 11.1035 0.312469
11.8326 11.1035 0.312469
11.8326 11.1035 0.312469
11.8326 11.1035 0.312469
11.8326 11.1035 0.312469
11.8326 11.1035 0.312469
11.8326 11.1035 0.312469
11.4607 11.1709 0.311959
11.1288 11.6696 0.309409
11.1288 11.6696 0.309409
11.1288 11.6696 0.309409
31.6268 31.6158 0.227509
31.9003 31.7966 0.19384
32.0526 31.4017 0.201764
32.0526 31.4017 0.201764
32.0241 31.9417 0.212258
32.2215 31.8265 0.183423
31.6989 31.5782 0.201236
31.6989 31.5782 0.201236
32.0517 32.1535 0.195651
32.1802 31.7866 0.198952
32.2162 32.0278 0.185749
31.857 32.0256 0.16388
31.857 32.0256 0.16388
31.857 32.0256 0.16388
19.6188 19.8364 0.242388
19.6188 19.8364 0.242388
19.6188 19.8364 0.242388
20.0255 19.4846 0.250347
20.0255 19.4846 0.250347
20.0255 19.4846 0.250347
20.0255 19.4846 0.250347
20.0255 19.4846 0.250347
20.0255 19.4846 0.250347
20.0255 19.4846 0.250347
20.0255 19.4846 0.250347
20.0255 19.4846 0.250347
20.0255 19.4846 0.250347
20.1565 20.1423 0.261982
20.1565 20.1423 0.261982
20.1565 20.1423 0.261982
20.1565 20.1423 0.261982
20.1565 20.1423 0.261982
20.1565 20.1423 0.261982
20.1565 20.1423 0.261982
20.1565 20.1423 0.261982
19.4915 20.1867 0.248021
19.4915 20.1867 0.248021
19.4915 20.1867 0.248021
19.4915 20.1867 0.248021
19.4915 20.1867 0.248021
19.4915 20.1867 0.248021
20.0541 19.9902 0.248429
20.0541 19.9902 0.248429
20.0541 19.9902 0.248429
20.0541 19.9902 0.248429
20.0541 19.9902 0.248429
20.1125 19.9266 0.262529
20.1515 20.2788 0.247768
20.1515 20.2788 0.247768
20.1515 20.2788 0.247768
20.0627 19.7744 0.24878
19.9201 19.6443 0.242488
20.4861 20.0728 0.245239
20.4861 20.0728 0.245239
20.4861 20.0728 0.245239
20.4861 20.0728 0.245239
20.4861 20.0728 0.245239
20.4861 20.0728 0.245239
20.4861 20.0728 0.245239
19.937 19.9469 0.255462
19.937 19.9469 0.255462
19.937 19.9469 0.255462
19.937 19.9469 0.255462
20.0024 19.7881 0.238094
20.0024 19.7881 0.238094
20.0024 19.7881 0.238094
20.0024 19.7881 0.238094
20.0024 19.7881 0.238094
20.0024 19.7881 0.238094
20.0024 19.7881 0.238094
20.2073 19.5692 0.2438
20.2073 19.5692 0.2438
19.9166 20.0357 0.245354
19.9166 20.0357 0.245354
19.9166 20.0357 0.245354
19.9166 20.0357 0.245354
19.9166 20.0357 0.245354
19.9166 20.0357 0.245354
19.9166 20.0357 0.245354
19.9166 20.0357 0.245354
19.9166 20.0357 0.245354
19.8579 20.7398 0.250371
19.8579 20.7398 0.250371
19.8579 20.7398 0.250371
19.8579 20.7398 0.250371
12.5602 12.1762 0.312567
12.5602 12.1762 0.312567
12.5602 12.1762 0.312567
12.5602 12.1762 0.312567
12.5602 12.1762 0.312567
12.5602 12.1762 0.312567
12.5602 12.1762 0.312567
12.5602 12.1762 0.312567
12.5602 12.1762 0.312567
12.5602 12.1762 0.312567
12.5602 12.1762 0.312567
12.5602 12.1762 0.312567
12.5602 12.1762 0.312567
12.5602 12.1762 0.312567
12.4378 12.4976 0.303659
23.6897 23.2357 0.272824
23.6897 23.2357 0.272824
23.6897 23.2357 0.272824
23.7814 23.7919 0.249557
23.7814 23.7919 0.249557
23.7814 23.7919 0.249557
23.7814 23.7919 0.249557
24.2647 23.736 0.256178
24.2647 23.736 0.256178
24.2647 23.736 0.256178
24.2647 23.736 0.256178
24.2647 23.736 0.256178
24.0374 23.8946 0.256793
24.0374 23.8946 0.256793
23.5224 23.7429 0.250782
23.5224 23.7429 0.250782
23.5224 23.7429 0.250782
23.5224 23.7429 0.250782
23.5224 23.7429 0.250782
23.5224 23.7429 0.250782
23.5627 23.5093 0.265916
23.7444 23.1061 0.271919
23.7444 23.1061 0.271919
23.7444 23.1061 0.271919
23.7444 23.1061 0.271919
24.0611 23.4616 0.244943
24.0611 23.4616 0.244943
24.0611 23.4616 0.244943
24.0611 23.4616 0.244943
24.0611 23.4616 0.244943
24.0611 23.4616 0.244943
24.0062 23.5733 0.258792
24.0062 23.5733 0.258792
24.0062 23.5733 0.258792
24.0176 24.4579 0.269935
24.0176 24.4579 0.269935
24.0176 24.4579 0.269935
23.3463 24.3515 0.249713
23.3463 24.3515 0.249713
12.4235 12.4385 0.308457
12.4235 12.4385 0.308457
12.4235 12.4385 0.308457
12.4235 12.4385 0.308457
12.4235 12.4385 0.308457
12.4235 12.4385 0.308457
12.4235 12.4385 0.308457
12.4235 12.4385 0.308457
12.4235 12.4385 0.308457
12.4235 12.4385 0.308457
12.4235 12.4385 0.308457
12.4235 12.4385 0.308457
12.4235 12.4385 0.308457
12.4235 12.4385 0.308457
12.2397 13.2525 0.297834
12.2397 13.2525 0.297834
12.2397 13.2525 0.297834
12.2397 13.2525 0.297834
12.2397 13.2525 0.297834
12.2397 13.2525 0.297834
12.2397 13.2525 0.297834
12.2397 13.2525 0.297834
12.2397 13.2525 0.297834
12.2397 13.2525 0.297834
12.2397 13.2525 0.297834
12.2397 13.2525 0.297834
12.2397 13.2525 0.297834
12.2397 13.2525 0.297834
12.2397 13.2525 0.297834
12.2397 13.2525 0.297834
12.2397 13.2525 0.297834
12.2397 13.2525 0.297834
12.2397 13.2525 0.297834
8.10741 8.01578 0.319242
8.10741 8.01578 0.319242
8.10741 8.01578 0.319242
8.10741 8.01578 0.319242
8.10741 8.01578 0.319242
8.10741 8.01578 0.319242
8.10741 8.01578 0.319242
8.10741 8.01578 0.319242
8.10741 8.01578 0.319242
8.10741 8.01578 0.319242
8.10741 8.01578 0.319242
8.10741 8.01578 0.319242
8.10741 8.01578 0.319242
8.10741 8.01578 0.319242
8.10741 8.01578 0.319242
8.10741 8.01578 0.319242
8.10741 8.01578 0.319242
8.10741 8.01578 0.319242
11.3047 10.6887 0.279379
11.3047 10.6887 0.279379
11.3047 10.6887 0.279379
11.3047 10.6887 0.279379
11.3047 10.6887 0.279379
11.3047 10.6887 0.279379
11.3047 10.6887 0.279379
11.3047 10.6887 0.279379
11.3047 10.6887 0.279379
11.3047 10.6887 0.279379
