19.6725 19.8751 0.247824
10.1509 9.62505 0.317959
20.518 20.4177 0.291148
14.5729 15.3058 0.319506
7.86086 7.6541 0.315561
6.17317 6.44682 0.306846
10.4961 11.0369 0.316036
14.0762 13.8435 0.277601
6.93656 6.81633 0.301809
17.2035 17.437 0.27525
7.86086 7.6541 0.315561
12.0514 12.448 0.312761
13.1717 13.1988 0.295595
6.63728 6.66439 0.29874
8.04784 7.85237 0.332648
19.3146 19.691 0.27672
13.2923 13.0028 0.298575
9.98836 9.22669 0.294127
8.04784 7.85237 0.332648
10.6226 11.0535 0.309078
13.8849 13.8519 0.273875
17.4042 17.8942 0.284772
19.882 19.5852 0.241052
6.12699 6.26278 -0.00087697
18.298 17.9685 0.298419
7.7201 7.56812 0.329119
12.0146 11.8944 0.322536
9.38817 9.19904 0.313763
5.95039 6.71278 0.00192008
20.1323 19.4943 0.279853
9.877 9.52748 0.313101
15.9926 16.0489 0.301012
11.6142 11.2764 0.318521
10.5016 9.95256 0.308835
6.29217 6.34845 0.315809
8.29573 8.83653 0.324694
8.23784 8.08172 0.290084
9.5903 10.0193 0.311043
13.4051 13.249 0.266785
10.6226 11.0535 0.309078
6.36729 6.45741 -0.0145954
10.6226 11.0535 0.309078
16.5408 16.559 0.266225
10.4728 10.266 0.299113
14.9555 14.2265 0.292377
15.5643 15.9557 0.307769
16.0353 16.5059 0.278625
11.4454 11.648 0.316461
7.86086 7.6541 0.315561
15.7343 15.0963 0.295227
19.3748 19.0055 0.275815
12.7976 13.2285 0.304061
12.8201 13.2115 0.301444
11.6207 11.9972 0.316863
7.86086 7.6541 0.315561
10.5339 11.1495 0.291346
7.76867 7.80736 0.344634
9.75382 8.97282 0.30782
15.7432 15.5724 0.282706
11.3814 11.8685 0.305051
18.3167 18.2946 0.283119
17.7906 17.441 0.271897
12.0146 11.8944 0.322536
14.0084 14.2219 0.274043
13.3345 13.6714 0.290154
19.0277 19.3432 0.280871
9.39852 9.87457 0.312378
13.3345 13.6714 0.290154
10.3561 10.7326 0.298809
16.0587 15.7292 0.318592
9.5903 10.0193 0.311043
9.22828 9.25309 0.302213
14.0084 14.2219 0.274043
10.7197 10.6194 0.333591
9.38817 9.19904 0.313763
9.75382 8.97282 0.30782
13.5724 13.5907 0.288278
18.0388 17.2771 0.264018
17.7906 17.441 0.271897
13.6923 13.3428 0.288881
10.8235 10.8798 0.310114
14.3047 14.2334 0.283516
18.298 17.9685 0.298419
8.73661 9.07348 0.303305
10.0909 10.4673 0.30566
19.1393 19.3419 0.276319
9.54755 8.63614 0.334419
20.6218 20.6781 0.267672
10.1126 10.2139 0.294161
18.6572 18.2879 0.293066
16.2032 15.9965 0.292768
10.5339 11.1495 0.291346
11.4454 11.648 0.316461
10.6226 11.0535 0.309078
20.2258 20.7351 0.266486
15.4307 15.3532 0.287936
12.8201 13.2115 0.301444
9.98836 9.22669 0.294127
10.3412 9.42977 0.326834
12.5589 12.9879 0.298442
13.3067 13.5863 0.284938
13.0373 13.7997 0.29332
13.0373 13.7997 0.29332
13.0373 13.7997 0.29332
13.0373 13.7997 0.29332
13.2035 13.0144 0.289544
13.2035 13.0144 0.289544
13.2035 13.0144 0.289544
13.2035 13.0144 0.289544
13.2035 13.0144 0.289544
13.2035 13.0144 0.289544
13.2035 13.0144 0.289544
13.2035 13.0144 0.289544
13.6595 13.464 0.305009
13.6595 13.464 0.305009
13.2138 13.6899 0.288158
13.2138 13.6899 0.288158
13.3499 13.0205 0.308302
13.3499 13.0205 0.308302
13.3499 13.0205 0.308302
13.3499 13.0205 0.308302
13.3499 13.0205 0.308302
13.3499 13.0205 0.308302
13.3499 13.0205 0.308302
13.3499 13.0205 0.308302
13.3499 13.0205 0.308302
13.3499 13.0205 0.308302
13.9405 13.1789 0.281002
13.9405 13.1789 0.281002
13.9405 13.1789 0.281002
13.9405 13.1789 0.281002
13.9405 13.1789 0.281002
13.9405 13.1789 0.281002
13.9405 13.1789 0.281002
13.4219 12.6913 0.294975
13.4219 12.6913 0.294975
13.4219 12.6913 0.294975
13.4219 12.6913 0.294975
13.4219 12.6913 0.294975
13.6457 13.5731 0.287779
13.6457 13.5731 0.287779
13.6457 13.5731 0.287779
13.6457 13.5731 0.287779
13.6457 13.5731 0.287779
13.6457 13.5731 0.287779
13.6457 13.5731 0.287779
12.8879 13.3972 0.289537
12.8879 13.3972 0.289537
12.8879 13.3972 0.289537
13.4051 13.249 0.266785
13.1803 12.8558 0.294625
13.1803 12.8558 0.294625
13.1803 12.8558 0.294625
13.1803 12.8558 0.294625
13.1803 12.8558 0.294625
13.5233 12.9742 0.2922
13.5233 12.9742 0.2922
13.1125 13.489 0.289025
13.1125 13.489 0.289025
12.8386 13.6696 0.297206
13.2753 12.8597 0.277644
13.2753 12.8597 0.277644
13.457 13.3024 0.271657
13.457 13.3024 0.271657
13.457 13.3024 0.271657
13.2153 13.1823 0.280813
13.2153 13.1823 0.280813
13.2153 13.1823 0.280813
13.2903 13.9059 0.281562
13.2903 13.9059 0.281562
13.2903 13.9059 0.281562
13.2903 13.9059 0.281562
13.2903 13.9059 0.281562
13.2903 13.9059 0.281562
13.2903 13.9059 0.281562
13.2903 13.9059 0.281562
10.0303 10.8222 0.301408
10.4932 10.1955 0.310451
10.4932 10.1955 0.310451
10.4932 10.1955 0.310451
10.4932 10.1955 0.310451
10.4932 10.1955 0.310451
10.4932 10.1955 0.310451
10.4932 10.1955 0.310451
10.4932 10.1955 0.310451
10.346 10.8166 0.306496
10.346 10.8166 0.306496
10.1808 10.3834 0.298408
10.1808 10.3834 0.298408
10.6936 10.6161 0.298464
10.8121 10.8822 0.299695
10.8121 10.8822 0.299695
10.0692 10.3847 0.30296
10.0692 10.3847 0.30296
10.0692 10.3847 0.30296
10.0692 10.3847 0.30296
10.0692 10.3847 0.30296
10.0692 10.3847 0.30296
10.0692 10.3847 0.30296
10.0692 10.3847 0.30296
7.89024 7.54457 0.330363
7.476 7.89427 0.311304
7.476 7.89427 0.311304
7.476 7.89427 0.311304
7.476 7.89427 0.311304
7.87571 7.0914 0.333629
7.87571 7.0914 0.333629
7.87571 7.0914 0.333629
7.87571 7.0914 0.333629
7.87571 7.0914 0.333629
7.87571 7.0914 0.333629
7.87571 7.0914 0.333629
7.87571 7.0914 0.333629
7.87571 7.0914 0.333629
7.87571 7.0914 0.333629
7.77799 7.12934 0.321387
7.77799 7.12934 0.321387
7.77799 7.12934 0.321387
7.77799 7.12934 0.321387
7.77799 7.12934 0.321387
7.77799 7.12934 0.321387
6.53242 6.96412 0.297608
6.53242 6.96412 0.297608
6.66762 6.77182 0.294221
6.66762 6.77182 0.294221
6.66762 6.77182 0.294221
6.66762 6.77182 0.294221
6.66762 6.77182 0.294221
6.66762 6.77182 0.294221
6.66762 6.77182 0.294221
6.66762 6.77182 0.294221
6.66762 6.77182 0.294221
6.66762 6.77182 0.294221
6.66762 6.77182 0.294221
6.66762 6.77182 0.294221
6.66762 6.77182 0.294221
6.66762 6.77182 0.294221
6.60703 6.75257 0.299973
6.60703 6.75257 0.299973
6.60703 6.75257 0.299973
6.60703 6.75257 0.299973
6.60703 6.75257 0.299973
6.60703 6.75257 0.299973
6.81721 7.4308 0.286161
6.81721 7.4308 0.286161
6.81721 7.4308 0.286161
6.81721 7.4308 0.286161
6.81721 7.4308 0.286161
6.81721 7.4308 0.286161
6.81721 7.4308 0.286161
6.81721 7.4308 0.286161
6.81721 7.4308 0.286161
6.81721 7.4308 0.286161
6.93216 7.00193 0.298712
6.93216 7.00193 0.298712
6.93216 7.00193 0.298712
6.93216 7.00193 0.298712
6.93216 7.00193 0.298712
6.93216 7.00193 0.298712
6.61795 6.59937 0.293653
6.61795 6.59937 0.293653
6.61795 6.59937 0.293653
6.78728 6.95984 0.29794
6.78728 6.95984 0.29794
6.63332 6.5266 0.300818
6.63332 6.5266 0.300818
6.63332 6.5266 0.300818
6.63332 6.5266 0.300818
6.63332 6.5266 0.300818
6.63332 6.5266 0.300818
6.63332 6.5266 0.300818
6.63332 6.5266 0.300818
6.63332 6.5266 0.300818
6.63332 6.5266 0.300818
6.63332 6.5266 0.300818
6.63332 6.5266 0.300818
6.63332 6.5266 0.300818
6.63332 6.5266 0.300818
6.63332 6.5266 0.300818
6.63332 6.5266 0.300818
6.63332 6.5266 0.300818
6.63332 6.5266 0.300818
6.63332 6.5266 0.300818
6.63332 6.5266 0.300818
6.63332 6.5266 0.300818
6.63332 6.5266 0.300818
6.63332 6.5266 0.300818
6.63332 6.5266 0.300818
6.63332 6.5266 0.300818
6.63332 6.5266 0.300818
6.63332 6.5266 0.300818
6.63332 6.5266 0.300818
6.63332 6.5266 0.300818
6.84105 6.41879 0.302038
6.84105 6.41879 0.302038
6.84105 6.41879 0.302038
6.84105 6.41879 0.302038
6.84105 6.41879 0.302038
6.84105 6.41879 0.302038
6.84105 6.41879 0.302038
6.84105 6.41879 0.302038
6.84105 6.41879 0.302038
6.70699 6.82731 0.301244
6.70699 6.82731 0.301244
6.70699 6.82731 0.301244
6.70699 6.82731 0.301244
6.70699 6.82731 0.301244
6.93263 6.2149 0.298844
6.93263 6.2149 0.298844
6.93263 6.2149 0.298844
6.83227 7.18397 0.308942
6.83227 7.18397 0.308942
6.83227 7.18397 0.308942
6.83227 7.18397 0.308942
6.83227 7.18397 0.308942
6.83227 7.18397 0.308942
6.83227 7.18397 0.308942
6.83227 7.18397 0.308942
6.83227 7.18397 0.308942
6.83227 7.18397 0.308942
6.83227 7.18397 0.308942
6.83227 7.18397 0.308942
6.83227 7.18397 0.308942
6.31898 6.95303 0.302864
6.31898 6.95303 0.302864
6.91844 7.16013 0.295534
6.91844 7.16013 0.295534
6.91844 7.16013 0.295534
6.4554 6.01948 0.298766
6.4554 6.01948 0.298766
6.4554 6.01948 0.298766
6.4554 6.01948 0.298766
6.4554 6.01948 0.298766
6.4554 6.01948 0.298766
6.32531 6.99748 0.316417
5.90886 7.00496 0.305543
5.90886 7.00496 0.305543
5.90886 7.00496 0.305543
5.90886 7.00496 0.305543
6.738 6.56346 0.282544
6.738 6.56346 0.282544
6.738 6.56346 0.282544
6.738 6.56346 0.282544
6.738 6.56346 0.282544
6.738 6.56346 0.282544
6.738 6.56346 0.282544
6.738 6.56346 0.282544
6.738 6.56346 0.282544
6.738 6.56346 0.282544
6.85346 6.93738 0.305889
6.85346 6.93738 0.305889
6.25159 6.29939 0.303098
6.25159 6.29939 0.303098
6.7463 6.88481 0.307905
6.7463 6.88481 0.307905
6.7463 6.88481 0.307905
6.62533 6.64393 0.313971
6.76268 6.75841 0.294914
6.58137 6.89087 0.289935
6.58137 6.89087 0.289935
6.58137 6.89087 0.289935
6.58137 6.89087 0.289935
6.58137 6.89087 0.289935
6.58137 6.89087 0.289935
6.58137 6.89087 0.289935
6.41132 6.45603 0.300189
6.75938 6.72031 0.301475
6.75938 6.72031 0.301475
6.75938 6.72031 0.301475
6.75938 6.72031 0.301475
6.75938 6.72031 0.301475
6.75938 6.72031 0.301475
6.75938 6.72031 0.301475
6.75938 6.72031 0.301475
20.7053 20.9519 0.258501
20.7774 20.2429 0.275419
20.862 20.8123 0.280561
20.9063 20.8306 0.26774
20.4378 20.7178 0.274403
20.5465 20.8473 0.26979
20.5465 20.8473 0.26979
20.2066 20.2992 0.264467
20.4304 20.5011 0.279808
20.4197 20.52 0.271794
20.4197 20.52 0.271794
20.568 20.5784 0.273108
20.6124 20.4548 0.264847
20.6124 20.4548 0.264847
20.2411 20.8268 0.269824
20.3974 20.2589 0.254648
20.4741 20.7514 0.280079
21.0394 20.5395 0.259246
21.0394 20.5395 0.259246
20.6306 20.7215 0.26388
21.0894 20.1749 0.272471
21.2665 20.6438 0.264038
21.019 20.5758 0.264904
20.8161 20.6193 0.276699
20.5562 20.404 0.27907
21.0155 20.9678 0.272871
20.5108 20.7368 0.277552
20.4336 20.7408 0.266081
20.346 20.7696 0.25932
20.2046 20.7048 0.269811
20.6771 20.0541 0.272697
20.7444 20.7725 0.280878
21.0395 20.9072 0.263441
21.0395 20.9072 0.263441
20.4294 20.9412 0.278267
20.7841 20.6299 0.267146
20.7841 20.6299 0.267146
20.7208 20.7804 0.261695
20.0088 20.3691 0.255328
21.0192 20.3029 0.266389
21.0192 20.3029 0.266389
21.1699 20.8726 0.28471
20.8485 20.7321 0.26382
20.8485 20.7321 0.26382
20.5979 20.2684 0.2653
21.2065 20.2936 0.247688
20.5291 20.6591 0.247114
20.7957 21.0594 0.2644
20.7957 21.0594 0.2644
20.3674 20.9034 0.262397
19.9819 20.7149 0.263635
20.2386 20.4883 0.285996
20.2386 20.4883 0.285996
20.5664 20.9144 0.27369
20.8666 20.6949 0.268801
20.7699 20.625 0.281993
20.7699 20.625 0.281993
20.8323 20.4088 0.2834
20.8323 20.4088 0.2834
20.9156 20.4672 0.261402
20.9156 20.4672 0.261402
20.6121 20.7658 0.275032
20.6121 20.7658 0.275032
21.1998 20.5141 0.26446
20.9402 20.1565 0.25377
20.9402 20.1565 0.25377
20.4872 20.5081 0.275138
20.8686 21.0565 0.268343
20.2339 20.8533 0.246957
20.7026 20.6956 0.253437
21.1192 20.5206 0.263737
21.1192 20.5206 0.263737
21.1192 20.5206 0.263737
20.7217 20.8666 0.285001
21.4371 21.1067 0.261971
20.608 20.6655 0.255493
20.6146 20.3641 0.271668
20.9456 20.3343 0.253193
20.5652 19.8804 0.278654
20.5787 20.534 0.274374
20.9865 21.0819 0.2703
20.7812 20.3373 0.266125
20.1906 20.4527 0.264793
20.5357 20.65 0.265466
20.4135 20.96 0.271019
20.4135 20.96 0.271019
20.8845 20.2465 0.267268
20.778 20.7089 0.26198
20.778 20.7089 0.26198
20.2319 20.66 0.254726
20.8627 20.5713 0.258935
20.883 20.7313 0.260649
20.5688 20.1305 0.265796
21.0033 20.8909 0.277826
20.6643 20.776 0.275421
21.1016 20.7728 0.270599
20.7165 20.9204 0.255188
20.7863 20.6995 0.274482
20.9164 20.4439 0.298364
20.9603 20.7947 0.27179
20.535 20.8488 0.271711
20.387 20.7235 0.257224
20.5271 21.0502 0.274483
20.858 20.3599 0.287742
20.6014 20.7144 0.263413
20.6723 20.4725 0.282683
20.5486 20.6543 0.281025
20.6166 20.2366 0.271595
20.6166 20.2366 0.271595
20.3073 20.3673 0.278457
20.3073 20.3673 0.278457
20.3281 20.7321 0.275843
19.9891 20.5724 0.288863
20.6398 20.3972 0.25869
20.6398 20.3972 0.25869
21.0496 20.3252 0.262257
20.7978 21.0702 0.255386
20.8285 20.8584 0.271503
20.2125 20.3865 0.276826
20.437 20.4424 0.259081
20.1073 20.2332 0.265788
20.8171 20.7403 0.273235
20.8067 20.6196 0.261468
20.8067 20.6196 0.261468
20.7247 20.8703 0.275882
20.8043 20.6651 0.277541
21.0758 20.7062 0.275005
20.506 20.5476 0.263634
20.1969 20.2395 0.270631
20.1969 20.2395 0.270631
20.2814 21.0689 0.284502
20.2814 21.0689 0.284502
21.1174 20.4627 0.267892
21.1174 20.4627 0.267892
20.6966 20.562 0.265968
20.6966 20.562 0.265968
21.1531 20.1181 0.267893
21.2047 21.1135 0.265868
21.124 20.5413 0.259036
21.1819 21.1467 0.251951
20.65 20.875 0.25831
20.5442 20.9339 0.264888
21.2639 20.4316 0.261661
20.5405 21.4033 0.271073
20.8501 20.5916 0.274336
20.5422 20.8423 0.27941
20.8464 20.3089 0.27105
20.4177 20.6723 0.260055
20.4363 20.7724 0.265916
20.4363 20.7724 0.265916
20.8401 20.846 0.251859
20.3982 20.795 0.261495
20.8774 20.5268 0.271811
20.9473 20.6491 0.2779
20.9057 20.6937 0.268988
20.1052 21.2167 0.291069
20.8519 20.7737 0.265237
20.7268 20.3436 0.271515
20.8809 20.5988 0.265924
20.1054 20.567 0.274692
20.1054 20.567 0.274692
20.9727 20.1142 0.274345
20.4191 20.8006 0.259674
20.7523 20.4798 0.268758
20.9341 20.4231 0.275827
20.9341 20.4231 0.275827
20.9607 20.1392 0.253546
20.7133 21.4868 0.278684
20.1307 20.7463 0.273425
20.1307 20.7463 0.273425
20.1307 20.7463 0.273425
20.9046 21.0598 0.27067
20.3977 20.4629 0.262674
20.9 20.7252 0.272545
20.8861 20.9658 0.269269
21.1797 20.6344 0.269192
20.2932 20.697 0.291036
20.2932 20.697 0.291036
20.2932 20.697 0.291036
20.2932 20.697 0.291036
20.5763 21.0161 0.25892
20.0624 21.1775 0.2544
20.3801 20.2227 0.27258
20.5639 20.4045 0.256471
20.5639 20.4045 0.256471
20.7606 20.3925 0.259126
20.7886 20.557 0.269176
20.9924 20.9591 0.284574
20.7801 20.75 0.270064
21.2808 20.8753 0.276992
21.2276 20.6802 0.271599
20.2519 20.3525 0.275118
20.637 20.9681 0.276519
20.637 20.9681 0.276519
21.1068 21.195 0.257191
20.8898 20.5507 0.276281
19.9591 20.5903 0.269881
20.5269 20.5548 0.265248
20.5563 20.5855 0.275857
20.7802 20.3573 0.264056
20.1975 20.5269 0.271126
20.4929 20.9933 0.265503
20.4929 20.9933 0.265503
20.6915 20.942 0.276437
20.6915 20.942 0.276437
21.3933 21.2679 0.272887
20.9833 20.3409 0.260325
20.6632 20.6683 0.272016
20.1697 20.4805 0.268134
20.1697 20.4805 0.268134
20.6285 20.9133 0.276203
20.6534 20.7923 0.25926
20.4857 20.6673 0.268276
20.6649 20.4951 0.274229
20.6649 20.4951 0.274229
20.3988 20.8779 0.26595
20.3988 20.8779 0.26595
20.5122 20.5714 0.244072
20.8287 20.6615 0.278824
20.8287 20.6615 0.278824
20.8287 20.6615 0.278824
21.0704 20.7305 0.269392
21.0704 20.7305 0.269392
21.0704 20.7305 0.269392
20.4413 20.5518 0.260151
20.4413 20.5518 0.260151
20.4302 20.6986 0.279199
20.4721 20.8233 0.275757
20.6378 20.8445 0.263581
20.6378 20.8445 0.263581
20.6378 20.8445 0.263581
20.6026 20.4188 0.271513
20.7552 20.8587 0.274013
20.6545 20.8601 0.284277
20.695 20.6756 0.267568
20.8529 20.5949 0.258603
20.8529 20.5949 0.258603
20.9866 20.2787 0.293881
20.9866 20.2787 0.293881
20.9866 20.2787 0.293881
20.8899 20.5348 0.239881
20.8899 20.5348 0.239881
20.7496 20.3438 0.262286
20.7314 21.315 0.264632
20.7311 20.7178 0.27466
21.0829 20.8982 0.272126
21.0829 20.8982 0.272126
20.3912 20.9727 0.262036
20.7619 21.1817 0.247838
20.7619 21.1817 0.247838
20.5854 20.6554 0.25718
20.5854 20.6554 0.25718
20.4333 20.6187 0.260133
21.1765 20.929 0.26771
20.6193 20.9418 0.279672
20.1354 19.8349 0.274504
20.2714 20.0874 0.270412
20.2714 20.0874 0.270412
20.0632 20.2932 0.273306
20.5321 20.2417 0.271383
20.5321 20.2417 0.271383
20.7453 21.1289 0.269112
20.4645 20.7291 0.281229
20.4645 20.7291 0.281229
20.4645 20.7291 0.281229
20.4645 20.7291 0.281229
20.4645 20.7291 0.281229
20.5637 20.4004 0.241507
20.6085 20.4234 0.26143
20.5278 21.5619 0.24157
20.5278 21.5619 0.24157
20.8234 20.8561 0.258582
20.5132 20.6333 0.277463
20.3357 20.8574 0.261781
20.977 20.3738 0.280156
20.977 20.3738 0.280156
20.3306 21.3555 0.27102
20.4446 20.5231 0.279693
20.9938 20.7429 0.265999
20.5799 20.8332 0.271531
20.3527 20.6366 0.288682
21.3897 20.3579 0.251525
20.1548 20.2617 0.281162
20.7326 20.582 0.263913
20.6261 20.9225 0.254065
21.2416 20.8104 0.259649
21.0903 21.232 0.268225
20.6517 20.4864 0.266913
20.6405 20.4781 0.271481
20.7439 20.5049 0.278202
20.5694 20.415 0.259977
20.5694 20.415 0.259977
20.5694 20.415 0.259977
20.9355 20.5768 0.280188
21.3235 20.9287 0.254389
20.7712 20.075 0.258482
20.8952 20.6916 0.266057
20.5127 20.7487 0.261591
20.2763 20.7371 0.283334
21.1871 20.22 0.274353
21.1871 20.22 0.274353
20.3351 20.6761 0.266498
20.7331 21.2248 0.273642
20.1032 20.9454 0.265599
20.8397 20.2182 0.272853
20.6918 20.8046 0.281396
20.7123 20.5291 0.280435
20.7363 20.3563 0.248742
20.7363 20.3563 0.248742
20.4652 20.5031 0.278267
20.7435 20.5935 0.29314
20.7435 20.5935 0.29314
20.7435 20.5935 0.29314
21.2197 21.0333 0.272594
20.0547 20.9586 0.262647
20.5553 20.5272 0.27739
20.6412 20.6287 0.270649
21.0195 20.9627 0.258204
21.0195 20.9627 0.258204
20.78 20.7525 0.261876
20.78 20.7525 0.261876
20.8756 20.8953 0.271975
20.6661 21.3356 0.261603
20.6661 21.3356 0.261603
20.6661 21.3356 0.261603
21.0695 20.276 0.262451
21.2674 21.1645 0.279598
20.39 20.8035 0.279869
20.5876 20.3837 0.267258
20.6811 20.2962 0.258972
20.9967 20.4436 0.281142
20.9967 20.4436 0.281142
20.474 20.3816 0.26347
21.0186 20.6265 0.270764
21.0186 20.6265 0.270764
20.8255 20.68 0.265737
20.8255 20.68 0.265737
20.8453 21.0271 0.260397
21.1867 20.4566 0.284061
20.7285 20.4341 0.267333
20.7285 20.4341 0.267333
20.4537 20.7359 0.273324
20.4537 20.7359 0.273324
20.5631 21.1039 0.261365
20.5631 21.1039 0.261365
20.5631 21.1039 0.261365
20.5631 21.1039 0.261365
20.3316 20.6097 0.277807
20.8786 20.8649 0.274145
20.622 20.1128 0.263839
20.6947 19.8637 0.278427
20.6947 19.8637 0.278427
20.5654 21.4201 0.275858
20.7725 20.4391 0.255982
20.7725 20.4391 0.255982
20.803 20.681 0.268746
20.803 20.681 0.268746
20.5232 20.4664 0.274504
20.6061 20.9717 0.260229
20.6061 20.9717 0.260229
20.5101 20.6485 0.263512
20.8786 20.242 0.272136
20.4648 21.1032 0.261255
20.6635 20.0729 0.265767
20.6245 20.8233 0.264312
20.6245 20.8233 0.264312
20.6123 20.3248 0.257788
21.1001 20.5402 0.254921
20.6664 21.0741 0.259618
20.6664 21.0741 0.259618
19.9622 20.2862 0.28032
21.0965 20.4031 0.286908
20.9652 21.5647 0.262178
20.0802 20.5743 0.272089
20.8622 20.793 0.262879
20.8622 20.793 0.262879
20.6578 20.494 0.293812
20.3524 20.2702 0.273148
20.4623 20.4218 0.268825
21.1197 20.4166 0.261604
20.532 20.643 0.264903
20.7475 20.5854 0.270844
20.7475 20.5854 0.270844
20.7475 20.9947 0.247897
20.5722 19.887 0.270734
21.3955 20.4803 0.246684
20.7243 20.3376 0.285069
21.2813 20.7116 0.284516
20.6905 20.5849 0.272205
20.5553 21.2407 0.279291
20.57 21.0445 0.26164
20.57 21.0445 0.26164
20.8616 20.4995 0.284168
20.799 20.8265 0.259783
21.0422 20.3694 0.274735
21.0422 20.3694 0.274735
21.0422 20.3694 0.274735
20.6351 20.4691 0.263447
20.6351 20.4691 0.263447
20.6217 20.6375 0.27264
20.6217 20.6375 0.27264
20.7631 21.0238 0.274965
20.9392 20.4942 0.268753
20.9392 20.4942 0.268753
21.1049 21.1158 0.256892
21.1049 21.1158 0.256892
20.0936 20.2557 0.255468
20.4707 21.1753 0.265566
20.6228 20.8501 0.262855
20.3642 20.382 0.275401
20.4204 20.481 0.261624
20.4204 20.481 0.261624
20.3658 21.089 0.261628
20.2881 20.7399 0.268268
20.2881 20.7399 0.268268
20.6818 20.5318 0.270024
20.6818 20.5318 0.270024
20.6818 20.5318 0.270024
20.4043 20.2461 0.267372
20.2322 20.3158 0.278504
20.9504 20.5786 0.273182
20.7763 20.647 0.276823
21.2001 20.8212 0.274685
20.4487 20.5458 0.282059
20.4487 20.5458 0.282059
20.7523 20.8769 0.266288
20.7523 20.8769 0.266288
20.3855 20.6211 0.26582
20.7236 20.6788 0.282273
20.6077 20.5056 0.246998
20.6077 20.5056 0.246998
20.6077 20.5056 0.246998
20.6077 20.5056 0.246998
20.8241 20.3057 0.280475
20.8241 20.3057 0.280475
20.8241 20.3057 0.280475
20.0625 20.7944 0.269872
20.0625 20.7944 0.269872
20.8491 20.8125 0.278301
20.7885 19.9915 0.273263
20.3404 20.7414 0.269976
20.9022 20.7003 0.267647
20.7012 20.8214 0.28088
21.4401 20.5827 0.274092
20.8228 20.7914 0.286534
21.0452 20.7075 0.247506
20.7508 20.7074 0.279435
20.6453 20.7315 0.281634
20.6453 20.7315 0.281634
20.5519 20.821 0.259414
20.8974 20.4238 0.271747
20.7459 20.938 0.263745
20.9237 21.0607 0.26738
20.9237 21.0607 0.26738
20.6031 20.8413 0.265502
20.7005 20.5793 0.270086
20.5895 20.2733 0.279036
20.5895 20.2733 0.279036
20.5972 20.3965 0.277037
20.4771 20.9198 0.271747
20.3445 20.7207 0.258338
20.9446 20.4451 0.265083
20.9446 20.4451 0.265083
20.7129 19.8999 0.269897
20.7443 20.853 0.283047
20.7443 20.853 0.283047
20.8025 20.6899 0.270372
20.5743 20.257 0.269883
20.5743 20.257 0.269883
21.0427 20.5762 0.26745
21.0427 20.5762 0.26745
20.5175 20.8611 0.243185
20.513 20.6225 0.285265
21 20.5285 0.284293
21.0738 20.5055 0.270301
20.0003 20.5942 0.274934
20.9563 20.6797 0.272897
20.4919 21.0533 0.275428
20.4919 21.0533 0.275428
20.8416 20.3503 0.2742
21.3802 20.6462 0.261607
19.8577 20.4852 0.286691
20.6876 20.6363 0.270717
20.5846 20.9737 0.264579
20.5846 20.9737 0.264579
20.5846 20.9737 0.264579
20.6328 20.7223 0.264242
20.8902 20.6731 0.283257
20.8902 20.6731 0.283257
20.2868 20.146 0.270335
20.6811 20.8419 0.27156
20.6811 20.8419 0.27156
21.221 20.6371 0.273879
20.9298 20.5151 0.272318
21.0386 20.5592 0.255428
20.6973 20.9354 0.2857
20.6973 20.9354 0.2857
20.3068 20.3981 0.279578
20.1702 20.407 0.246604
20.1779 20.7894 0.256716
21.0153 20.61 0.267712
20.621 20.625 0.273412
20.3442 20.0042 0.257321
20.3442 20.0042 0.257321
20.5032 20.6347 0.251317
20.7871 21.3802 0.262069
20.4476 20.4857 0.273471
20.4476 20.4857 0.273471
20.7562 20.5934 0.280195
20.3143 20.5355 0.262293
20.3143 20.5355 0.262293
20.9885 21.0954 0.260086
20.6636 21.0355 0.27154
20.4286 20.7355 0.271365
20.5666 19.7659 0.257779
20.2895 20.526 0.288038
19.9371 21.2734 0.263611
19.9371 21.2734 0.263611
19.9371 21.2734 0.263611
21.0415 20.2902 0.272341
20.513 20.9293 0.266642
20.383 21.2253 0.252834
20.4916 20.7873 0.259075
20.4916 20.7873 0.259075
20.4916 20.7873 0.259075
20.4838 20.9237 0.253989
20.4838 20.9237 0.253989
20.9024 20.7983 0.271515
19.9234 20.4432 0.282801
20.2827 20.6633 0.261746
20.2827 20.6633 0.261746
20.7945 20.9043 0.272465
21.0257 20.5699 0.261926
21.1505 20.6359 0.251317
21.1505 20.6359 0.251317
21.2012 20.3665 0.268485
20.1303 21.0945 0.270584
20.1303 21.0945 0.270584
20.8938 20.9273 0.268552
20.4317 20.2517 0.268792
20.8405 20.6539 0.273327
20.8405 20.6539 0.273327
20.886 20.8832 0.253317
20.886 20.8832 0.253317
20.672 20.3531 0.288445
20.672 20.3531 0.288445
20.2306 21.1119 0.276414
20.2842 20.3115 0.268062
20.2842 20.3115 0.268062
20.3625 20.8395 0.263511
20.3625 20.8395 0.263511
20.295 20.9522 0.271339
20.9469 20.9484 0.258457
20.9233 20.2601 0.266371
20.9233 20.2601 0.266371
20.8239 20.7411 0.266661
20.6602 20.6295 0.268651
20.236 20.7888 0.259573
20.6958 20.7773 0.288467
20.8641 20.4326 0.267585
20.8641 20.4326 0.267585
20.8641 20.4326 0.267585
20.4542 20.6198 0.277594
20.4542 20.6198 0.277594
20.846 20.8312 0.266471
20.6283 20.9331 0.256769
20.9327 20.6484 0.270508
21.0237 20.0646 0.271214
20.4232 20.3313 0.258411
20.4232 20.3313 0.258411
20.3624 20.38 0.283634
20.3624 20.38 0.283634
21.1293 19.8352 0.273815
21.2352 20.2745 0.283087
21.2352 20.2745 0.283087
20.5245 20.7451 0.271176
20.5004 20.8466 0.263545
20.6593 20.6294 0.246524
20.5734 21.081 0.248493
20.4724 20.937 0.262802
20.5027 20.6601 0.271627
20.9179 20.9647 0.277012
20.6794 20.4209 0.301387
20.3087 20.6368 0.257165
20.8652 21.3492 0.257647
20.8959 20.7216 0.278489
20.7418 20.5875 0.261146
20.7418 20.5875 0.261146
20.326 20.5311 0.266528
21.3742 20.4912 0.289648
20.2691 20.6716 0.263617
21.0239 20.5302 0.256225
20.9138 20.688 0.265099
20.9138 20.688 0.265099
20.4808 20.5138 0.273198
20.7648 20.5112 0.259178
21.0325 21.121 0.264537
20.0563 21.0824 0.2704
20.0563 21.0824 0.2704
20.4875 20.7763 0.263901
20.8819 20.5719 0.250361
20.8819 20.5719 0.250361
20.167 20.4518 0.261935
20.4893 20.5676 0.282271
20.5543 20.7467 0.255244
20.5583 20.9112 0.262944
20.8061 20.8026 0.279166
21.0523 20.8098 0.256676
20.6437 20.8756 0.27113
20.6437 20.8756 0.27113
20.6437 20.8756 0.27113
20.6437 20.8756 0.27113
20.5325 21.0306 0.27297
20.5325 21.0306 0.27297
20.5325 21.0306 0.27297
20.7242 20.0214 0.261808
20.48 20.3028 0.253937
20.48 20.3028 0.253937
20.5715 21.1707 0.266403
20.549 20.4078 0.291947
20.549 20.4078 0.291947
20.7712 20.532 0.277386
20.5211 20.7538 0.2678
20.5211 20.7538 0.2678
20.9068 20.1855 0.265198
20.3514 20.7653 0.277418
20.6275 20.4094 0.279209
20.6275 20.4094 0.279209
20.8916 20.3294 0.283941
20.7446 20.8955 0.271198
20.3166 20.4228 0.252462
20.2622 20.9288 0.251969
20.5827 20.5345 0.256821
20.8164 20.2552 0.27476
20.8164 20.2552 0.27476
20.8164 20.2552 0.27476
20.5115 20.5822 0.267659
20.5904 21.0755 0.269357
21.1342 20.9599 0.275768
20.5787 20.6453 0.277522
20.6785 20.5829 0.276856
20.6785 20.5829 0.276856
20.6785 20.5829 0.276856
21.2642 20.6045 0.282676
21.2642 20.6045 0.282676
21.2642 20.6045 0.282676
20.3687 20.4091 0.258531
20.7888 20.7188 0.282596
20.5226 20.3376 0.255967
20.9979 20.7 0.263291
21.1239 20.1096 0.263072
21.1239 20.1096 0.263072
20.1297 20.693 0.28111
20.4359 20.7102 0.260495
20.4359 20.7102 0.260495
20.7507 20.8441 0.244431
20.7507 20.8441 0.244431
20.8854 20.1281 0.26477
20.6137 20.4377 0.253939
20.6137 20.4377 0.253939
20.6137 20.4377 0.253939
20.9014 20.9668 0.253154
20.9014 20.9668 0.253154
20.1442 20.9707 0.279342
20.1442 20.9707 0.279342
20.707 20.7681 0.286531
20.707 20.7681 0.286531
20.5737 20.7868 0.27012
20.7982 20.1323 0.272972
20.8675 20.9393 0.270281
21.0513 20.6589 0.265323
20.4083 20.9187 0.26119
20.6016 20.0967 0.263985
20.6663 20.6059 0.271258
20.7591 20.3971 0.265285
20.7591 20.3971 0.265285
20.605 21.132 0.262863
20.7065 20.5299 0.279215
20.6217 20.3774 0.26106
20.4142 21.0543 0.26995
20.4142 21.0543 0.26995
20.4142 21.0543 0.26995
20.6364 20.7898 0.263892
21.2484 20.8959 0.248908
21.3264 21.0112 0.274626
20.5796 20.6803 0.281156
20.7367 20.7622 0.264272
20.6569 21.0903 0.260694
20.5861 20.9773 0.255934
21.0054 20.7508 0.269156
20.4707 20.4338 0.272568
20.4383 20.5712 0.248695
20.4383 20.5712 0.248695
20.5261 20.3434 0.283691
20.5261 20.3434 0.283691
20.9493 20.6048 0.274805
21.0355 20.7588 0.277372
20.8 20.4238 0.24755
21.0265 20.6591 0.246996
20.5796 20.6432 0.253501
20.5796 20.6432 0.253501
20.7349 20.7859 0.275806
20.7349 20.7859 0.275806
20.6792 20.3995 0.264571
20.4752 20.8292 0.271021
21.0137 20.7417 0.278109
21.0137 20.7417 0.278109
20.8462 20.8876 0.261622
20.4411 20.5684 0.273313
20.4702 20.8596 0.276704
21.2484 20.4153 0.256557
20.8073 21.2488 0.262669
20.8073 21.2488 0.262669
19.8764 20.8067 0.248496
21.0978 20.4221 0.267036
20.4794 20.4367 0.271417
20.9101 21.0062 0.258515
20.9101 21.0062 0.258515
20.5853 20.371 0.276205
20.5853 20.371 0.276205
20.3442 20.1963 0.286998
20.142 20.8049 0.270934
20.7786 20.9414 0.246549
20.7786 20.9414 0.246549
20.7786 20.9414 0.246549
20.725 20.7211 0.266329
20.725 20.7211 0.266329
20.725 20.7211 0.266329
21.1983 20.5928 0.28373
21.1983 20.5928 0.28373
21.0974 20.4742 0.277002
20.5527 20.7997 0.269651
20.5527 20.7997 0.269651
20.5527 20.7997 0.269651
20.4064 20.4105 0.274879
20.9583 20.3614 0.267905
20.3617 20.4227 0.275798
20.5505 20.6734 0.273887
20.5505 20.6734 0.273887
20.5505 20.6734 0.273887
20.1598 20.1803 0.26658
20.6644 20.7016 0.267706
20.6026 20.6493 0.291124
20.7288 20.3195 0.264773
21.0124 20.2739 0.263722
21.0124 20.2739 0.263722
20.5796 20.3045 0.257849
20.5796 20.3045 0.257849
20.5796 20.3045 0.257849
20.9777 20.3745 0.268048
20.8035 20.6731 0.26628
20.4587 20.6204 0.245962
20.4587 20.6204 0.245962
20.3774 20.3182 0.270802
20.3774 20.3182 0.270802
20.3734 20.8277 0.260205
20.3734 20.8277 0.260205
20.6989 21.1504 0.281675
20.6989 21.1504 0.281675
21.1489 20.6683 0.294502
20.8 20.5432 0.268253
20.8 20.5432 0.268253
20.5001 20.185 0.285263
21.0612 20.9648 0.266905
20.7314 20.5783 0.259914
20.7314 20.5783 0.259914
20.7192 21.02 0.274341
20.5593 20.1806 0.276292
21.0608 20.7462 0.274835
20.9654 20.2041 0.266658
20.3895 20.6638 0.276649
20.9383 20.4967 0.279404
20.9383 20.4967 0.279404
20.6249 20.6282 0.266951
20.6249 20.6282 0.266951
20.7215 20.5064 0.273952
20.6156 20.5468 0.276235
20.9735 20.6631 0.271253
20.8768 20.749 0.275267
20.9663 20.6407 0.27314
20.9748 20.3249 0.268088
20.9748 20.3249 0.268088
20.8675 20.319 0.253052
20.4381 20.5895 0.262882
20.5321 21.1395 0.255079
20.7408 20.7423 0.264366
20.7408 20.7423 0.264366
20.9771 20.3252 0.259762
20.6632 21.2633 0.26904
20.0618 21.0217 0.27646
20.1995 20.9627 0.281638
20.5171 21.583 0.259051
20.5171 21.583 0.259051
20.8217 20.4407 0.261137
20.0996 20.6231 0.249414
20.7215 20.4478 0.257787
20.8201 20.3757 0.260551
20.2161 20.6496 0.273122
21.0087 20.9529 0.251302
20.8774 20.882 0.269836
20.8774 20.882 0.269836
20.9096 20.6629 0.270926
20.6206 20.7752 0.296369
20.9562 20.724 0.271062
20.5323 20.9581 0.283534
20.5323 20.9581 0.283534
20.5323 20.9581 0.283534
20.6099 20.9255 0.265945
20.5228 21.3809 0.252613
20.9238 20.915 0.251104
20.3785 21.2604 0.279244
20.5665 20.8177 0.262421
20.6841 20.9746 0.267779
20.775 20.1175 0.270089
20.775 20.1175 0.270089
20.2542 21.3184 0.277873
20.718 20.7264 0.265718
20.8528 21.0913 0.270115
20.8256 20.4739 0.271102
20.9895 20.1497 0.260991
20.9583 20.9228 0.260279
20.9887 21.1813 0.273863
20.402 20.8324 0.270245
20.402 20.8324 0.270245
20.4799 21.1238 0.272093
20.8355 20.7232 0.280968
9.14259 9.12874 0.302398
9.04709 9.47651 0.324798
9.04709 9.47651 0.324798
9.04709 9.47651 0.324798
9.91836 9.88372 0.316095
9.91836 9.88372 0.316095
9.91836 9.88372 0.316095
9.91836 9.88372 0.316095
9.21213 9.20625 0.305173
9.21213 9.20625 0.305173
9.21213 9.20625 0.305173
9.21213 9.20625 0.305173
9.21213 9.20625 0.305173
9.21213 9.20625 0.305173
9.49084 9.4697 0.315792
9.58976 9.41945 0.3157
9.58976 9.41945 0.3157
9.58976 9.41945 0.3157
9.58976 9.41945 0.3157
9.58976 9.41945 0.3157
9.58976 9.41945 0.3157
9.58976 9.41945 0.3157
9.58976 9.41945 0.3157
9.58976 9.41945 0.3157
8.90048 9.10616 0.317211
8.90048 9.10616 0.317211
8.90048 9.10616 0.317211
8.90048 9.10616 0.317211
8.90048 9.10616 0.317211
8.90048 9.10616 0.317211
8.90048 9.10616 0.317211
8.90048 9.10616 0.317211
8.90048 9.10616 0.317211
8.90048 9.10616 0.317211
8.90048 9.10616 0.317211
9.23631 9.73426 0.293854
9.23631 9.73426 0.293854
9.23631 9.73426 0.293854
9.23631 9.73426 0.293854
9.23631 9.73426 0.293854
9.23631 9.73426 0.293854
9.23631 9.73426 0.293854
9.23631 9.73426 0.293854
9.23631 9.73426 0.293854
9.23631 9.73426 0.293854
9.23631 9.73426 0.293854
9.23631 9.73426 0.293854
9.07766 9.66637 0.322183
9.07766 9.66637 0.322183
9.07766 9.66637 0.322183
9.07766 9.66637 0.322183
9.07766 9.66637 0.322183
9.03587 8.96792 0.300149
9.27567 8.99353 0.300462
9.27567 8.99353 0.300462
9.27567 8.99353 0.300462
9.27567 8.99353 0.300462
9.27567 8.99353 0.300462
9.27567 8.99353 0.300462
9.27567 8.99353 0.300462
9.55381 8.96742 0.312043
9.55381 8.96742 0.312043
9.55381 8.96742 0.312043
9.55381 8.96742 0.312043
9.55381 8.96742 0.312043
9.55381 8.96742 0.312043
9.55381 8.96742 0.312043
9.55381 8.96742 0.312043
9.87709 9.36335 0.313501
9.87709 9.36335 0.313501
9.87709 9.36335 0.313501
9.87709 9.36335 0.313501
9.87709 9.36335 0.313501
9.87709 9.36335 0.313501
9.87709 9.36335 0.313501
9.87709 9.36335 0.313501
9.87709 9.36335 0.313501
9.87709 9.36335 0.313501
13.17 13.2863 0.297187
13.17 13.2863 0.297187
12.9537 13.6305 0.295485
12.9537 13.6305 0.295485
12.9537 13.6305 0.295485
12.9537 13.6305 0.295485
13.6147 13.302 0.304322
13.6147 13.302 0.304322
13.3035 13.7859 0.303572
13.3035 13.7859 0.303572
13.3035 13.7859 0.303572
13.3035 13.7859 0.303572
13.3035 13.7859 0.303572
13.3998 13.4806 0.284691
13.3998 13.4806 0.284691
13.3998 13.4806 0.284691
13.4087 13.4192 0.279857
13.5467 13.347 0.314821
13.0585 13.597 0.304707
13.0585 13.597 0.304707
13.0585 13.597 0.304707
13.0585 13.597 0.304707
15.4264 14.7535 0.282165
15.1142 15.2663 0.293408
15.1142 15.2663 0.293408
15.2348 15.4036 0.286593
15.2348 15.4036 0.286593
15.2348 15.4036 0.286593
15.2348 15.4036 0.286593
15.2348 15.4036 0.286593
14.638 15.2443 0.299027
14.638 15.2443 0.299027
14.8773 14.4419 0.291499
14.8773 14.4419 0.291499
14.8773 14.4419 0.291499
14.8773 14.4419 0.291499
14.8866 14.749 0.29656
14.8866 14.749 0.29656
14.8214 14.7735 0.308509
14.8214 14.7735 0.308509
14.9725 15.6854 0.298948
14.9725 15.6854 0.298948
14.9725 15.6854 0.298948
14.9725 15.6854 0.298948
14.9725 15.6854 0.298948
14.9725 15.6854 0.298948
14.9725 15.6854 0.298948
14.9725 15.6854 0.298948
15.1293 15.7177 0.286455
15.1293 15.7177 0.286455
15.4362 14.6195 0.281885
15.4362 14.6195 0.281885
15.4362 14.6195 0.281885
15.4362 14.6195 0.281885
15.4362 14.6195 0.281885
15.4362 14.6195 0.281885
15.4817 14.7979 0.304316
15.4817 14.7979 0.304316
15.4817 14.7979 0.304316
15.4817 14.7979 0.304316
15.4817 14.7979 0.304316
15.4817 14.7979 0.304316
15.4817 14.7979 0.304316
15.4817 14.7979 0.304316
15.4817 14.7979 0.304316
15.4817 14.7979 0.304316
15.4817 14.7979 0.304316
15.4817 14.7979 0.304316
15.4817 14.7979 0.304316
15.4817 14.7979 0.304316
15.5885 14.1808 0.279573
15.5885 14.1808 0.279573
15.5885 14.1808 0.279573
15.5885 14.1808 0.279573
15.5885 14.1808 0.279573
15.5885 14.1808 0.279573
14.7643 15.3781 0.306357
14.7643 15.3781 0.306357
14.7643 15.3781 0.306357
14.7643 15.3781 0.306357
14.7643 15.3781 0.306357
14.7643 15.3781 0.306357
11.9697 12.5222 0.315795
11.9697 12.5222 0.315795
11.9697 12.5222 0.315795
12.2143 11.8396 0.317116
12.2143 11.8396 0.317116
12.2143 11.8396 0.317116
12.0233 12.1815 0.306303
12.0233 12.1815 0.306303
12.0233 12.1815 0.306303
12.0233 12.1815 0.306303
12.0233 12.1815 0.306303
12.0233 12.1815 0.306303
12.0233 12.1815 0.306303
12.0233 12.1815 0.306303
12.3806 11.5431 0.333517
12.3806 11.5431 0.333517
11.8813 11.7769 0.317693
11.8813 11.7769 0.317693
11.8813 11.7769 0.317693
11.9422 11.0969 0.31802
11.9422 11.0969 0.31802
11.9422 11.0969 0.31802
11.9422 11.0969 0.31802
11.9422 11.0969 0.31802
11.9422 11.0969 0.31802
11.9422 11.0969 0.31802
11.9422 11.0969 0.31802
11.5606 12.3944 0.309118
11.5606 12.3944 0.309118
11.5606 12.3944 0.309118
11.3597 11.8577 0.311736
11.3597 11.8577 0.311736
11.3597 11.8577 0.311736
11.3597 11.8577 0.311736
11.3597 11.8577 0.311736
11.3597 11.8577 0.311736
11.3597 11.8577 0.311736
11.3597 11.8577 0.311736
11.3597 11.8577 0.311736
11.3597 11.8577 0.311736
