66.4238 66.375 0.116346
16.5589 16.1939 0.25512
11.2885 11.4187 0.317347
66.7257 66.5302 0.130447
67.7233 67.6746 0.123797
42.7188 43.1101 0.187575
65.4607 65.3087 0.113987
18.298 17.9685 0.298419
15.831 16.2275 0.283055
37.3682 36.6065 0.18268
54.3124 54.8532 0.15449
14.9555 14.2265 0.292377
13.6923 13.3428 0.288881
30.6947 30.7218 0.218197
38.4472 38.2726 0.195964
49.4451 49.6477 0.155529
39.0853 38.7607 0.172277
24.0514 24.0696 0.253401
37.2678 37.176 0.217052
69.1269 69.1795 0.0881182
46.8057 46.4407 0.154547
6.63728 6.66439 0.29874
65.4607 65.3087 0.113987
36.701 36.6893 0.183929
30.0577 29.3271 0.216039
11.3271 11.9821 0.313649
48.5975 47.9877 0.170973
18.298 17.9685 0.298419
27.8771 27.9785 0.21889
13.6923 13.3428 0.288881
13.2916 13.5568 0.292483
14.7453 14.6678 0.281354
46.3737 46.4263 0.169698
61.301 60.9765 0.126198
32.0726 31.5235 0.190663
15.2874 15.567 0.284193
14.9555 14.2265 0.292377
69.049 69.1793 0.104342
52.0654 51.7004 0.127937
33.9152 34.2175 0.219411
6.26297 5.93353 0.0169025
58.4028 58.7052 0.160026
15.831 16.2275 0.283055
62.4481 63.103 0.126061
35.3149 36.0773 0.203059
71.2835 71.2123 0.114972
9.22828 9.25309 0.302213
33.9152 34.2175 0.219411
16.5589 16.1939 0.25512
22.683 22.7532 0.264134
54.6949 54.5268 0.154204
41.8911 41.696 0.195617
44.8058 45.071 0.16934
68.4044 68.1716 0.116196
34.8278 34.8749 0.19265
30.6947 30.7218 0.218197
54.5027 54.2059 0.139697
32.9867 32.975 0.19424
10.1126 10.2139 0.294161
11.8814 11.5121 0.315714
16.3545 16.2819 0.298069
10.347 10.3249 0.309636
32.9867 32.975 0.19424
14.0762 13.8435 0.277601
63.5131 63.354 0.14887
48.4769 48.8832 0.177095
61.4567 61.2976 0.144794
52.0654 51.7004 0.127937
55.9233 55.7342 0.129835
42.8397 42.5429 0.155039
44.6577 44.5851 0.170055
24.0654 23.9651 0.270039
11.9919 12.8229 0.308825
65.413 65.9029 0.119708
10.7197 10.6194 0.333591
26.5219 26.4506 0.221916
33.9152 34.2175 0.219411
14.9555 14.2265 0.292377
68.3365 68.55 0.112638
10.3423 9.90214 0.291107
37.2678 37.176 0.217052
9.22828 9.25309 0.302213
11.9624 12.0525 0.304642
31.8416 31.5521 0.197039
19.4282 19.2573 0.256317
45.4445 44.8065 0.169016
45.1737 44.9782 0.181866
56.7574 57.5231 0.150619
53.7174 52.806 0.159456
55.4707 55.6842 0.139604
42.7188 43.1101 0.187575
23.8977 23.9878 0.245892
63.599 62.8684 0.130623
23.631 23.794 0.277553
58.9978 59.8289 0.114784
27.641 28.0375 0.242506
63.7462 62.9652 0.119249
55.1923 55.4568 0.148509
16.5589 16.1939 0.25512
33.9152 34.2175 0.219411
45.3038 44.5961 0.177486
45.3038 44.5961 0.177486
45.3038 44.5961 0.177486
45.3038 44.5961 0.177486
44.3159 45.0041 0.162985
44.3159 45.0041 0.162985
44.3159 45.0041 0.162985
44.3159 45.0041 0.162985
44.3159 45.0041 0.162985
44.7828 45.0677 0.169655
44.7828 45.0677 0.169655
44.7828 45.0677 0.169655
44.7828 45.0677 0.169655
44.7828 45.0677 0.169655
44.7828 45.0677 0.169655
44.8369 45.0714 0.160097
44.8369 45.0714 0.160097
44.8369 45.0714 0.160097
44.8369 45.0714 0.160097
44.8369 45.0714 0.160097
44.8369 45.0714 0.160097
44.8369 45.0714 0.160097
45.0901 45.199 0.167755
45.0901 45.199 0.167755
44.3491 45.0664 0.165654
44.3491 45.0664 0.165654
44.3491 45.0664 0.165654
44.3491 45.0664 0.165654
44.3491 45.0664 0.165654
44.3491 45.0664 0.165654
44.3491 45.0664 0.165654
44.3491 45.0664 0.165654
44.3491 45.0664 0.165654
44.3491 45.0664 0.165654
44.3491 45.0664 0.165654
44.3491 45.0664 0.165654
44.3491 45.0664 0.165654
44.3491 45.0664 0.165654
44.3491 45.0664 0.165654
44.3491 45.0664 0.165654
44.3491 45.0664 0.165654
44.3491 45.0664 0.165654
44.2513 44.4461 0.163186
44.2513 44.4461 0.163186
44.994 44.6885 0.179932
44.994 44.6885 0.179932
44.8012 44.1487 0.160969
44.8012 44.1487 0.160969
44.8012 44.1487 0.160969
44.8012 44.1487 0.160969
44.8012 44.1487 0.160969
44.8012 44.1487 0.160969
44.8012 44.1487 0.160969
44.8012 44.1487 0.160969
44.8012 44.1487 0.160969
44.8012 44.1487 0.160969
44.8012 44.1487 0.160969
44.8012 44.1487 0.160969
44.8012 44.1487 0.160969
44.8012 44.1487 0.160969
44.735 44.517 0.159951
44.735 44.517 0.159951
44.735 44.517 0.159951
44.735 44.517 0.159951
44.802 45.4118 0.176208
44.802 45.4118 0.176208
44.802 45.4118 0.176208
44.802 45.4118 0.176208
44.802 45.4118 0.176208
44.802 45.4118 0.176208
44.802 45.4118 0.176208
44.802 45.4118 0.176208
44.802 45.4118 0.176208
44.802 45.4118 0.176208
44.802 45.4118 0.176208
44.802 45.4118 0.176208
44.802 45.4118 0.176208
44.4216 44.9133 0.167973
44.4216 44.9133 0.167973
44.4216 44.9133 0.167973
44.4216 44.9133 0.167973
44.4216 44.9133 0.167973
44.4216 44.9133 0.167973
44.4216 44.9133 0.167973
44.4216 44.9133 0.167973
44.9796 44.3344 0.158614
44.9796 44.3344 0.158614
44.9796 44.3344 0.158614
6.43119 6.99943 0.309226
6.43119 6.99943 0.309226
6.43119 6.99943 0.309226
6.43119 6.99943 0.309226
6.43119 6.99943 0.309226
6.43119 6.99943 0.309226
6.43119 6.99943 0.309226
6.43119 6.99943 0.309226
6.43119 6.99943 0.309226
6.43119 6.99943 0.309226
6.43119 6.99943 0.309226
6.43119 6.99943 0.309226
68.0571 68.5365 0.12962
68.0571 68.5365 0.12962
68.6926 68.8953 0.113065
68.6926 68.8953 0.113065
68.6926 68.8953 0.113065
67.8752 67.942 0.126629
68.4403 68.6342 0.127606
68.4403 68.6342 0.127606
68.2053 68.5417 0.121767
68.2053 68.5417 0.121767
68.6581 68.5361 0.1222
68.1242 68.1081 0.115961
68.2086 68.258 0.122664
68.2086 68.258 0.122664
68.8011 68.3743 0.12909
68.8011 68.3743 0.12909
68.8011 68.3743 0.12909
68.8011 68.3743 0.12909
68.8011 68.3743 0.12909
68.8011 68.3743 0.12909
68.5917 68.5013 0.117874
68.5917 68.5013 0.117874
68.5917 68.5013 0.117874
68.2562 68.0651 0.135749
68.1802 68.6621 0.124129
68.1802 68.6621 0.124129
68.1802 68.6621 0.124129
69.1925 68.2566 0.139775
68.2523 68.4889 0.116692
68.2523 68.4889 0.116692
68.2523 68.4889 0.116692
68.2523 68.4889 0.116692
68.2523 68.4889 0.116692
68.6332 67.6548 0.121417
68.3513 68.5898 0.120208
68.3513 68.5898 0.120208
68.3513 68.5898 0.120208
68.3513 68.5898 0.120208
48.3633 48.1523 0.151473
48.3633 48.1523 0.151473
48.5325 48.287 0.155676
48.5325 48.287 0.155676
48.5325 48.287 0.155676
48.5325 48.287 0.155676
48.5325 48.287 0.155676
48.5325 48.287 0.155676
48.5325 48.287 0.155676
48.5325 48.287 0.155676
48.5325 48.287 0.155676
48.5325 48.287 0.155676
48.5325 48.287 0.155676
48.5325 48.287 0.155676
48.5325 48.287 0.155676
48.5325 48.287 0.155676
48.5325 48.287 0.155676
48.5121 48.3185 0.154988
48.5121 48.3185 0.154988
48.5121 48.3185 0.154988
48.5121 48.3185 0.154988
48.5121 48.3185 0.154988
48.5121 48.3185 0.154988
48.5121 48.3185 0.154988
48.5121 48.3185 0.154988
48.5121 48.3185 0.154988
48.5121 48.3185 0.154988
48.5121 48.3185 0.154988
52.4942 52.3354 0.15729
52.4942 52.3354 0.15729
52.4942 52.3354 0.15729
52.3292 52.4532 0.150313
52.3292 52.4532 0.150313
53.0219 52.6796 0.168477
52.8432 53.0205 0.163319
52.8432 53.0205 0.163319
52.8432 53.0205 0.163319
52.8432 53.0205 0.163319
52.8432 53.0205 0.163319
52.8432 53.0205 0.163319
52.8432 53.0205 0.163319
52.8432 53.0205 0.163319
52.5009 52.8021 0.147695
52.5009 52.8021 0.147695
52.5009 52.8021 0.147695
52.5009 52.8021 0.147695
52.5009 52.8021 0.147695
52.5009 52.8021 0.147695
52.5009 52.8021 0.147695
52.0489 52.3396 0.160425
52.0489 52.3396 0.160425
52.0489 52.3396 0.160425
52.0489 52.3396 0.160425
52.0489 52.3396 0.160425
52.0489 52.3396 0.160425
52.0489 52.3396 0.160425
52.0489 52.3396 0.160425
52.0489 52.3396 0.160425
52.0489 52.3396 0.160425
52.0489 52.3396 0.160425
52.0489 52.3396 0.160425
52.0489 52.3396 0.160425
