16.4344 16.8535 0.281515
44.6166 45.0872 0.17357
40.2935 40.2208 0.169704
32.9867 32.975 0.19424
16.5589 16.1939 0.25512
35.1135 35.0701 0.187104
20.2327 20.1601 0.278989
43.2545 42.1648 0.178373
10.7993 10.8174 0.300323
13.6923 13.3428 0.288881
14.854 15.341 0.276469
14.854 15.341 0.276469
30.0882 29.5871 0.21811
15.2874 15.567 0.284193
18.7999 18.9012 0.250393
44.7663 43.7427 0.172389
28.1929 28.1155 0.230044
30.1396 30.0621 0.220823
13.6923 13.3428 0.288881
24.9557 25.0914 0.247399
20.8324 20.6257 0.259427
31.9523 31.9993 0.190278
43.8505 44.6816 0.179482
18.7999 18.9012 0.250393
6.29217 6.34845 0.315809
10.1126 10.2139 0.294161
11.8814 11.5121 0.315714
29.5055 28.8675 0.231992
37.4607 36.6797 0.201738
24.5945 24.2252 0.258789
9.75382 8.97282 0.30782
44.3465 45.1122 0.181812
35.3951 35.8818 0.191582
26.1813 26.1325 0.242214
31.4839 31.8388 0.201705
26.4694 26.3968 0.239085
26.4694 26.3968 0.239085
14.0762 13.8435 0.277601
32.9867 32.975 0.19424
32.0035 32.0937 0.175268
18.298 17.9685 0.298419
44.3187 44.5983 0.167214
43.8505 44.6816 0.179482
15.4497 15.3771 0.290848
12.7243 13.344 0.286517
29.9934 29.9446 0.211972
11.6142 11.2764 0.318521
19.7705 19.8407 0.277606
37.2967 37.1406 0.184923
40.308 39.5789 0.181629
38.0948 37.798 0.180927
15.2874 15.567 0.284193
41.1498 41.3832 0.178904
26.4694 26.3968 0.239085
12.8201 13.2115 0.301444
12.8201 13.2115 0.301444
46.872 46.5225 0.170221
32.9867 32.975 0.19424
22.2132 21.7731 0.255546
44.8679 44.7159 0.172893
22.8236 22.4544 0.277171
16.0587 15.7292 0.318592
24.292 24.0593 0.240379
24.0654 23.9651 0.270039
14.0762 13.8435 0.277601
19.4282 19.2573 0.256317
22.3479 22.4181 0.262509
18.8795 19.3555 0.261025
13.2839 13.3401 0.290723
10.1126 10.2139 0.294161
41.6059 41.6529 0.188724
15.4497 15.3771 0.290848
38.3017 38.1497 0.195111
22.2132 21.7731 0.255546
10.1126 10.2139 0.294161
6.41059 6.44927 0.336636
13.2839 13.3401 0.290723
28.6233 28.1023 0.223838
44.6562 45.0871 0.174719
14.9555 14.2265 0.292377
8.73661 9.07348 0.303305
15.831 16.2275 0.283055
31.8416 31.5521 0.197039
24.9557 25.0914 0.247399
19.5649 18.6535 0.297894
24.292 24.0593 0.240379
10.7197 10.6194 0.333591
14.9555 14.2265 0.292377
6.26297 5.93353 0.0169025
20.6769 20.5088 0.273307
28.1848 27.847 0.247119
28.6233 28.1023 0.223838
15.8112 16.2818 0.307003
18.298 17.9685 0.298419
41.6059 41.6529 0.188724
28.9251 28.5957 0.248136
26.4694 26.3968 0.239085
13.8835 14.0193 0.283585
6.93656 6.81633 0.301809
9.5903 10.0193 0.311043
15.062 14.4837 0.304337
15.062 14.4837 0.304337
15.062 14.4837 0.304337
15.062 14.4837 0.304337
15.062 14.4837 0.304337
15.062 14.4837 0.304337
15.062 14.4837 0.304337
15.062 14.4837 0.304337
15.062 14.4837 0.304337
15.062 14.4837 0.304337
15.062 14.4837 0.304337
15.062 14.4837 0.304337
15.062 14.4837 0.304337
22.4838 22.2916 0.262627
22.4838 22.2916 0.262627
22.4838 22.2916 0.262627
22.4838 22.2916 0.262627
22.4838 22.2916 0.262627
22.4838 22.2916 0.262627
22.4838 22.2916 0.262627
22.4838 22.2916 0.262627
22.4838 22.2916 0.262627
22.4838 22.2916 0.262627
22.2077 22.5085 0.274024
22.2077 22.5085 0.274024
22.2077 22.5085 0.274024
22.2077 22.5085 0.274024
22.2077 22.5085 0.274024
22.2077 22.5085 0.274024
22.0165 22.3166 0.288847
22.0165 22.3166 0.288847
22.0165 22.3166 0.288847
22.0165 22.3166 0.288847
22.0165 22.3166 0.288847
23.2459 22.3945 0.275458
23.2459 22.3945 0.275458
22.8751 22.643 0.257229
22.8751 22.643 0.257229
22.8751 22.643 0.257229
22.274 22.573 0.260343
22.274 22.573 0.260343
22.274 22.573 0.260343
22.274 22.573 0.260343
22.274 22.573 0.260343
22.274 22.573 0.260343
22.274 22.573 0.260343
22.274 22.573 0.260343
22.274 22.573 0.260343
22.274 22.573 0.260343
22.274 22.573 0.260343
22.274 22.573 0.260343
22.274 22.573 0.260343
22.274 22.573 0.260343
22.274 22.573 0.260343
22.274 22.573 0.260343
22.274 22.573 0.260343
22.274 22.573 0.260343
22.274 22.573 0.260343
22.274 22.573 0.260343
22.274 22.573 0.260343
22.274 22.573 0.260343
22.274 22.573 0.260343
22.1247 22.6633 0.269208
22.1247 22.6633 0.269208
22.1247 22.6633 0.269208
22.1247 22.6633 0.269208
22.1247 22.6633 0.269208
22.1247 22.6633 0.269208
22.1247 22.6633 0.269208
22.1247 22.6633 0.269208
22.1247 22.6633 0.269208
22.1247 22.6633 0.269208
22.1247 22.6633 0.269208
22.1247 22.6633 0.269208
22.1247 22.6633 0.269208
22.1247 22.6633 0.269208
22.1247 22.6633 0.269208
22.1247 22.6633 0.269208
22.1247 22.6633 0.269208
22.1247 22.6633 0.269208
22.1247 22.6633 0.269208
22.1247 22.6633 0.269208
22.1247 22.6633 0.269208
22.5158 22.0723 0.2704
22.5158 22.0723 0.2704
22.5158 22.0723 0.2704
22.5158 22.0723 0.2704
22.5158 22.0723 0.2704
22.5158 22.0723 0.2704
22.5158 22.0723 0.2704
22.5158 22.0723 0.2704
22.5158 22.0723 0.2704
22.5158 22.0723 0.2704
22.5158 22.0723 0.2704
22.5158 22.0723 0.2704
22.5158 22.0723 0.2704
22.5158 22.0723 0.2704
22.5158 22.0723 0.2704
22.5158 22.0723 0.2704
22.5158 22.0723 0.2704
28.1893 27.998 0.222481
27.8267 28.2462 0.234849
27.8267 28.2462 0.234849
27.8267 28.2462 0.234849
27.8267 28.2462 0.234849
27.8267 28.2462 0.234849
27.8267 28.2462 0.234849
28.4249 28.2933 0.232475
28.4249 28.2933 0.232475
28.4249 28.2933 0.232475
28.4249 28.2933 0.232475
28.4249 28.2933 0.232475
28.4249 28.2933 0.232475
28.5567 27.6643 0.240999
28.5567 27.6643 0.240999
28.5567 27.6643 0.240999
28.5567 27.6643 0.240999
28.5567 27.6643 0.240999
27.9872 28.1012 0.233006
27.9872 28.1012 0.233006
27.9872 28.1012 0.233006
27.9872 28.1012 0.233006
26.8327 27.6987 0.230358
26.8327 27.6987 0.230358
26.8327 27.6987 0.230358
26.8327 27.6987 0.230358
26.8327 27.6987 0.230358
26.8327 27.6987 0.230358
26.8327 27.6987 0.230358
26.8327 27.6987 0.230358
26.8327 27.6987 0.230358
26.8327 27.6987 0.230358
26.8327 27.6987 0.230358
26.8327 27.6987 0.230358
26.8327 27.6987 0.230358
26.8327 27.6987 0.230358
26.8327 27.6987 0.230358
26.8327 27.6987 0.230358
26.8327 27.6987 0.230358
27.4589 27.194 0.2322
27.4589 27.194 0.2322
27.4589 27.194 0.2322
27.4589 27.194 0.2322
27.4589 27.194 0.2322
27.4589 27.194 0.2322
27.4589 27.194 0.2322
27.4589 27.194 0.2322
27.4589 27.194 0.2322
27.4589 27.194 0.2322
27.4589 27.194 0.2322
27.4589 27.194 0.2322
27.4589 27.194 0.2322
27.4589 27.194 0.2322
27.4589 27.194 0.2322
27.4589 27.194 0.2322
27.4589 27.194 0.2322
27.4589 27.194 0.2322
27.4589 27.194 0.2322
27.4589 27.194 0.2322
27.4589 27.194 0.2322
27.4589 27.194 0.2322
26.9327 27.2712 0.211908
26.9327 27.2712 0.211908
26.9327 27.2712 0.211908
26.9327 27.2712 0.211908
26.9327 27.2712 0.211908
26.9327 27.2712 0.211908
26.9327 27.2712 0.211908
27.3686 27.01 0.231621
27.3686 27.01 0.231621
27.3686 27.01 0.231621
27.3686 27.01 0.231621
27.3686 27.01 0.231621
27.3686 27.01 0.231621
27.3641 26.7623 0.217025
27.3641 26.7623 0.217025
27.3641 26.7623 0.217025
27.3641 26.7623 0.217025
27.3641 26.7623 0.217025
27.3641 26.7623 0.217025
27.3641 26.7623 0.217025
27.3641 26.7623 0.217025
27.3031 26.8824 0.200274
27.3031 26.8824 0.200274
27.3031 26.8824 0.200274
27.3031 26.8824 0.200274
26.9866 28.0803 0.233648
26.9866 28.0803 0.233648
26.9866 28.0803 0.233648
26.9866 28.0803 0.233648
26.9866 28.0803 0.233648
26.9866 28.0803 0.233648
26.9866 28.0803 0.233648
26.9866 28.0803 0.233648
26.9866 28.0803 0.233648
27.3241 27.4536 0.211819
27.3241 27.4536 0.211819
27.3241 27.4536 0.211819
27.3241 27.4536 0.211819
27.3241 27.4536 0.211819
