20.7402 20.7789 0.2885
24.5492 24.3814 0.235597
19.0045 19.2179 0.253847
9.16539 9.652 0.294968
14.0084 14.2219 0.274043
7.77147 7.61535 0.299868
7.86086 7.6541 0.315561
11.6142 11.2764 0.318521
28.3045 27.2148 0.246549
9.28337 8.84325 0.305543
8.29573 8.83653 0.324694
10.5339 11.1495 0.291346
16.885 17.6768 0.27464
26.039 26.006 0.232119
8.04784 7.85237 0.332648
22.3329 22.9526 0.255096
26.1752 25.8853 0.230655
10.332 10.1801 0.31267
9.75382 8.97282 0.30782
12.7976 13.2285 0.304061
11.3814 11.8685 0.305051
12.9158 12.745 0.295069
9.54755 8.63614 0.334419
13.3332 13.3111 0.296966
15.4307 15.3532 0.287936
6.01834 6.25177 0.000834648
14.9555 14.2265 0.292377
14.6529 14.6041 0.283581
29.1831 29.2013 0.224147
6.4195 6.29928 0.00329886
26.578 25.5544 0.241419
24.6296 25.1389 0.246413
16.5589 16.1939 0.25512
24.0657 23.7411 0.250466
15.4963 15.1468 0.29195
10.8895 10.5601 0.327694
9.75382 8.97282 0.30782
18.2306 18.6368 0.297554
12.5519 12.0508 0.297585
13.1717 13.1988 0.295595
13.2839 13.3401 0.290723
18.8795 19.3555 0.261025
23.7795 23.6204 0.282309
7.7201 7.56812 0.329119
9.98836 9.22669 0.294127
23.9427 23.7681 0.265976
11.2885 11.4187 0.317347
10.3561 10.7326 0.298809
24.5456 23.8165 0.255544
6.41392 6.84292 0.31191
21.9137 22.015 0.250124
9.39852 9.87457 0.312378
14.0084 14.2219 0.274043
26.4839 25.7548 0.251009
15.4497 15.3771 0.290848
28.4315 28.3881 0.227632
17.5049 17.2722 0.267554
20.6218 20.6781 0.267672
28.7692 28.8219 0.228192
12.8201 13.2115 0.301444
15.9926 16.0489 0.301012
14.7453 14.6678 0.281354
23.0448 22.4068 0.266382
20.2327 20.1601 0.278989
12.8201 13.2115 0.301444
28.4311 28.236 0.240071
7.77147 7.61535 0.299868
12.7243 13.344 0.286517
25.1836 24.8458 0.262631
9.75382 8.97282 0.30782
9.27978 8.51811 0.309053
26.7857 26.9883 0.219243
10.7409 10.57 0.300085
25.1104 25.0883 0.249878
22.621 22.5007 0.268921
23.8977 23.9878 0.245892
28.7552 28.655 0.254032
14.0084 14.2219 0.274043
28.1929 28.1155 0.230044
20.8937 20.9118 0.267489
11.9624 12.0525 0.304642
12.8201 13.2115 0.301444
15.8888 15.7885 0.324489
24.9556 25.4316 0.245034
9.39852 9.87457 0.312378
15.4497 15.3771 0.290848
15.433 16.0527 0.296806
23.5748 23.049 0.262318
10.3561 10.7326 0.298809
9.22828 9.25309 0.302213
22.8839 22.4683 0.246223
20.5183 20.1938 0.271574
24.9571 24.9241 0.237689
19.3146 19.691 0.27672
20.0086 19.9969 0.241451
14.9555 14.2265 0.292377
10.1126 10.2139 0.294161
22.5499 22.7907 0.253514
19.2501 18.7292 0.2717
10.3561 10.7326 0.298809
13.3668 13.4055 0.315515
13.3668 13.4055 0.315515
13.3668 13.4055 0.315515
13.3668 13.4055 0.315515
13.3668 13.4055 0.315515
13.3668 13.4055 0.315515
13.5203 13.5384 0.294504
13.5203 13.5384 0.294504
13.0632 12.6231 0.285288
13.0632 12.6231 0.285288
13.0632 12.6231 0.285288
13.0632 12.6231 0.285288
13.3676 12.7579 0.30528
13.3676 12.7579 0.30528
13.3676 12.7579 0.30528
13.3676 12.7579 0.30528
13.3676 12.7579 0.30528
13.3676 12.7579 0.30528
13.3676 12.7579 0.30528
13.3676 12.7579 0.30528
13.3676 12.7579 0.30528
10.3173 10.1492 0.312993
10.3173 10.1492 0.312993
10.3173 10.1492 0.312993
10.3173 10.1492 0.312993
10.0388 10.3032 0.306521
10.0388 10.3032 0.306521
10.0388 10.3032 0.306521
10.6706 10.3211 0.305516
10.6706 10.3211 0.305516
10.6706 10.3211 0.305516
10.6706 10.3211 0.305516
10.6706 10.3211 0.305516
10.6706 10.3211 0.305516
10.6706 10.3211 0.305516
10.6706 10.3211 0.305516
10.1818 9.99268 0.306179
10.6378 10.4423 0.321644
10.6378 10.4423 0.321644
10.6378 10.4423 0.321644
10.6378 10.4423 0.321644
10.6378 10.4423 0.321644
10.6378 10.4423 0.321644
10.6378 10.4423 0.321644
10.6378 10.4423 0.321644
10.6378 10.4423 0.321644
10.6378 10.4423 0.321644
10.6378 10.4423 0.321644
10.6378 10.4423 0.321644
10.6378 10.4423 0.321644
10.9086 10.2706 0.308794
10.9086 10.2706 0.308794
10.9086 10.2706 0.308794
10.9086 10.2706 0.308794
10.9086 10.2706 0.308794
10.9086 10.2706 0.308794
10.9086 10.2706 0.308794
10.9086 10.2706 0.308794
10.9086 10.2706 0.308794
10.9086 10.2706 0.308794
10.9086 10.2706 0.308794
10.1331 10.7881 0.317519
10.1331 10.7881 0.317519
10.1331 10.7881 0.317519
10.1331 10.7881 0.317519
10.1331 10.7881 0.317519
10.1331 10.7881 0.317519
10.1331 10.7881 0.317519
9.66711 10.004 0.306815
9.66711 10.004 0.306815
9.66711 10.004 0.306815
9.66711 10.004 0.306815
9.66711 10.004 0.306815
9.66711 10.004 0.306815
9.66711 10.004 0.306815
9.66711 10.004 0.306815
9.66711 10.004 0.306815
9.66711 10.004 0.306815
9.66711 10.004 0.306815
9.66711 10.004 0.306815
9.66711 10.004 0.306815
9.66711 10.004 0.306815
9.66711 10.004 0.306815
9.66711 10.004 0.306815
9.66711 10.004 0.306815
9.66711 10.004 0.306815
9.66711 10.004 0.306815
9.66711 10.004 0.306815
9.66711 10.004 0.306815
9.66711 10.004 0.306815
9.66711 10.004 0.306815
9.66711 10.004 0.306815
9.66711 10.004 0.306815
9.66711 10.004 0.306815
9.66711 10.004 0.306815
9.66711 10.004 0.306815
9.66711 10.004 0.306815
9.66711 10.004 0.306815
10.228 9.9302 0.317302
10.228 9.9302 0.317302
6.29548 6.35448 0.308294
6.29548 6.35448 0.308294
6.29548 6.35448 0.308294
6.29548 6.35448 0.308294
6.41839 6.21889 0.303863
6.41839 6.21889 0.303863
6.41839 6.21889 0.303863
6.41839 6.21889 0.303863
8.19644 8.02411 0.320771
8.19644 8.02411 0.320771
8.19644 8.02411 0.320771
8.55605 7.92485 0.301099
8.31141 8.05664 0.3134
8.31141 8.05664 0.3134
7.95312 8.13454 0.316918
7.95312 8.13454 0.316918
7.95312 8.13454 0.316918
7.95312 8.13454 0.316918
7.95312 8.13454 0.316918
7.95312 8.13454 0.316918
7.95312 8.13454 0.316918
7.95312 8.13454 0.316918
7.95312 8.13454 0.316918
7.95312 8.13454 0.316918
7.87803 7.95832 0.333189
7.87803 7.95832 0.333189
7.87803 7.95832 0.333189
7.87803 7.95832 0.333189
7.87803 7.95832 0.333189
7.87803 7.95832 0.333189
7.87803 7.95832 0.333189
7.87803 7.95832 0.333189
7.87803 7.95832 0.333189
7.85706 8.25159 0.312711
7.85706 8.25159 0.312711
7.85706 8.25159 0.312711
7.85706 8.25159 0.312711
18.0691 17.251 0.268566
18.0691 17.251 0.268566
18.0691 17.251 0.268566
17.5056 18.0727 0.275273
17.5056 18.0727 0.275273
24.5412 23.8856 0.230874
24.5412 23.8856 0.230874
24.0189 24.5861 0.277216
24.0189 24.5861 0.277216
24.0189 24.5861 0.277216
24.0189 24.5861 0.277216
24.0189 24.5861 0.277216
24.0189 24.5861 0.277216
24.0189 24.5861 0.277216
24.0189 24.5861 0.277216
24.0189 24.5861 0.277216
24.0189 24.5861 0.277216
24.0189 24.5861 0.277216
24.0189 24.5861 0.277216
24.0189 24.5861 0.277216
24.0189 24.5861 0.277216
24.4774 24.5728 0.247592
24.4774 24.5728 0.247592
24.4774 24.5728 0.247592
24.4774 24.5728 0.247592
24.4774 24.5728 0.247592
24.4774 24.5728 0.247592
24.4774 24.5728 0.247592
24.4774 24.5728 0.247592
24.4774 24.5728 0.247592
24.4774 24.5728 0.247592
24.4774 24.5728 0.247592
24.4774 24.5728 0.247592
24.1096 24.2577 0.23522
24.1096 24.2577 0.23522
24.1096 24.2577 0.23522
24.3553 24.284 0.232073
24.0375 23.7865 0.251576
24.0375 23.7865 0.251576
24.0844 23.8846 0.274106
24.0844 23.8846 0.274106
24.0844 23.8846 0.274106
24.0844 23.8846 0.274106
24.0844 23.8846 0.274106
24.3613 24.5286 0.24877
24.3613 24.5286 0.24877
24.3613 24.5286 0.24877
24.3613 24.5286 0.24877
24.0653 24.1702 0.244908
24.2269 23.6964 0.250877
24.2269 23.6964 0.250877
24.1064 24.3651 0.237346
24.1064 24.3651 0.237346
24.1064 24.3651 0.237346
24.1064 24.3651 0.237346
23.8916 24.0441 0.248559
23.8916 24.0441 0.248559
23.8916 24.0441 0.248559
24.4408 23.6347 0.263048
24.4408 23.6347 0.263048
24.4163 24.4029 0.228113
24.4163 24.4029 0.228113
24.3416 24.5518 0.256887
22.4566 21.9525 0.271901
22.4566 21.9525 0.271901
22.4566 21.9525 0.271901
22.4566 21.9525 0.271901
22.4566 21.9525 0.271901
22.1674 22.5316 0.264822
22.299 22.2559 0.246677
22.6209 22.6982 0.277748
22.9024 22.4331 0.266896
22.9024 22.4331 0.266896
22.223 22.8856 0.279953
22.223 22.8856 0.279953
22.1287 22.6161 0.270245
22.1287 22.6161 0.270245
22.1287 22.6161 0.270245
22.5002 22.1626 0.261798
22.5002 22.1626 0.261798
22.7274 22.8505 0.283244
22.7274 22.8505 0.283244
22.7274 22.8505 0.283244
22.955 22.0932 0.262657
22.955 22.0932 0.262657
22.955 22.0932 0.262657
22.955 22.0932 0.262657
22.955 22.0932 0.262657
22.955 22.0932 0.262657
22.955 22.0932 0.262657
22.955 22.0932 0.262657
22.955 22.0932 0.262657
22.955 22.0932 0.262657
22.955 22.0932 0.262657
22.5767 22.3583 0.284091
22.5767 22.3583 0.284091
22.5767 22.3583 0.284091
22.5767 22.3583 0.284091
22.5767 22.3583 0.284091
22.5767 22.3583 0.284091
22.5767 22.3583 0.284091
22.5767 22.3583 0.284091
22.5767 22.3583 0.284091
22.5767 22.3583 0.284091
22.5767 22.3583 0.284091
22.5767 22.3583 0.284091
22.702 22.5323 0.265399
22.4506 22.0634 0.277124
22.4506 22.0634 0.277124
22.5466 22.9431 0.277965
22.5466 22.9431 0.277965
22.5434 22.7643 0.267187
22.5434 22.7643 0.267187
22.5434 22.7643 0.267187
22.5434 22.7643 0.267187
22.378 22.5553 0.276043
22.695 22.2706 0.251618
22.3473 22.5951 0.258967
22.3473 22.5951 0.258967
22.3473 22.5951 0.258967
22.3473 22.5951 0.258967
22.3473 22.5951 0.258967
22.3473 22.5951 0.258967
22.3473 22.5951 0.258967
22.3473 22.5951 0.258967
22.3473 22.5951 0.258967
22.1397 22.3457 0.270249
22.1397 22.3457 0.270249
22.1397 22.3457 0.270249
22.1397 22.3457 0.270249
22.1397 22.3457 0.270249
22.1397 22.3457 0.270249
22.1397 22.3457 0.270249
22.1397 22.3457 0.270249
22.1397 22.3457 0.270249
22.1397 22.3457 0.270249
22.1397 22.3457 0.270249
22.1397 22.3457 0.270249
22.6583 22.681 0.271579
22.6583 22.681 0.271579
22.6583 22.681 0.271579
22.6717 22.6585 0.273203
22.6717 22.6585 0.273203
22.6717 22.6585 0.273203
22.7796 22.6699 0.274419
22.7796 22.6699 0.274419
22.7796 22.6699 0.274419
22.0815 21.8218 0.273337
22.0815 21.8218 0.273337
22.0815 21.8218 0.273337
22.1624 22.2832 0.274641
22.1624 22.2832 0.274641
22.1624 22.2832 0.274641
22.0649 21.9828 0.242025
22.0649 21.9828 0.242025
22.8467 22.8069 0.274165
22.8467 22.8069 0.274165
22.8743 21.9854 0.253664
22.8743 21.9854 0.253664
22.8743 21.9854 0.253664
22.8743 21.9854 0.253664
22.4244 22.569 0.279373
22.8556 22.0336 0.260752
