9.33942 9.6046 0.305608
8.97145 9.76327 0.315844
9.16539 9.652 0.294968
9.16036 9.53682 0.30215
8.7612 8.03058 0.323025
7.76867 7.80736 0.344634
9.28712 9.75771 0.320932
7.89322 8.15766 0.313185
8.02589 7.83041 0.338093
6.63728 6.66439 0.29874
7.97426 7.99251 0.317397
7.51105 8.10972 0.316003
6.63728 6.66439 0.29874
7.76934 7.81639 0.324898
7.92216 7.94024 0.323623
9.45805 9.44635 0.30647
9.75321 9.82333 0.314131
8.04784 7.85237 0.332648
6.41392 6.84292 0.31191
6.21688 7.0087 0.298735
7.76867 7.80736 0.344634
6.1631 6.81809 0.32597
8.23943 8.00669 0.307838
8.97145 9.76327 0.315844
9.22787 9.12761 0.327324
8.97145 9.76327 0.315844
8.99875 8.80327 0.33306
9.54932 9.96843 0.312727
8.40128 8.4714 0.313211
6.82873 6.32764 0.293077
7.93144 7.49132 0.304623
8.07652 7.88142 0.326346
8.93569 9.445 0.302662
6.47821 5.95725 0.291115
8.73786 8.23677 0.314017
8.04784 7.85237 0.332648
9.45344 9.88245 0.299949
9.70809 8.97901 0.312829
6.57683 6.64695 0.314997
7.67132 8.50239 0.320505
6.29217 6.34845 0.315809
8.10812 8.84108 0.344488
7.64894 8.05518 0.34052
7.65799 7.92316 0.325567
6.94883 6.18717 0.306088
6.29217 6.34845 0.315809
6.41392 6.84292 0.31191
8.67818 8.51011 0.324408
8.08065 7.73114 0.31652
7.76934 7.81639 0.324898
9.5833 9.08221 0.310186
6.36729 6.45741 -0.0145954
9.27978 8.51811 0.309053
6.3866 6.9274 0.303754
6.41141 5.80163 0.326401
6.71851 6.42868 0.306304
7.76867 7.80736 0.344634
6.31797 6.82728 0.296647
7.65865 7.3692 0.331659
7.92216 7.94024 0.323623
9.08515 9.84755 0.306445
8.23837 8.66738 0.310123
5.73257 6.35226 0.311603
9.61635 9.68647 0.303036
7.43644 6.91549 0.311644
7.69507 7.97467 0.312577
6.26297 5.93353 0.0169025
5.83395 6.14945 0.318263
6.57256 6.37708 0.0136096
9.02325 9.85432 0.321426
9.84419 9.64871 0.329229
6.63728 6.66439 0.29874
6.41392 6.84292 0.31191
7.61602 7.31827 0.33375
8.45879 8.09376 0.296507
5.84763 6.20259 0.0118414
6.01834 6.25177 0.000834648
5.95039 6.71278 0.00192008
9.42399 9.33225 0.31204
6.17317 6.44682 0.306846
8.76304 8.12508 0.315458
6.17317 6.44682 0.306846
8.14265 7.1191 0.317752
9.63892 9.72904 0.301024
8.04784 7.85237 0.332648
6.46883 6.48691 -0.00085994
6.9316 7.35071 0.306713
6.46883 6.48691 -0.00085994
6.9316 7.35071 0.306713
7.76934 7.81639 0.324898
7.70532 7.53725 0.329441
6.71851 6.42868 0.306304
8.63151 8.34205 0.326626
9.08282 9.47933 0.325362
6.60168 6.55829 -0.00513132
6.63728 6.66439 0.29874
9.38384 9.22471 0.326346
7.83837 7.7609 0.316319
7.2269 8.05797 0.324845
6.29217 6.34845 0.315809
6.31797 6.82728 0.296647
6.31797 6.82728 0.296647
6.31797 6.82728 0.296647
7.19264 7.0218 0.290561
7.19264 7.0218 0.290561
7.19264 7.0218 0.290561
7.19264 7.0218 0.290561
7.19264 7.0218 0.290561
6.56435 6.66572 0.284637
6.56435 6.66572 0.284637
6.56435 6.66572 0.284637
6.56435 6.66572 0.284637
6.56435 6.66572 0.284637
6.21688 7.0087 0.298735
6.21688 7.0087 0.298735
6.21688 7.0087 0.298735
6.21688 7.0087 0.298735
6.21688 7.0087 0.298735
6.21688 7.0087 0.298735
6.98588 7.00396 0.29765
6.95342 6.40435 0.29931
6.95342 6.40435 0.29931
6.95342 6.40435 0.29931
6.71398 6.77026 0.297833
6.71398 6.77026 0.297833
6.71398 6.77026 0.297833
6.71398 6.77026 0.297833
6.71398 6.77026 0.297833
6.25576 6.57126 0.300287
6.25576 6.57126 0.300287
6.25576 6.57126 0.300287
6.5288 6.08867 0.288434
6.5288 6.08867 0.288434
6.5288 6.08867 0.288434
6.83679 6.60404 0.291649
6.83679 6.60404 0.291649
6.93656 6.81633 0.301809
6.93656 6.81633 0.301809
6.93656 6.81633 0.301809
6.93656 6.81633 0.301809
7.65865 7.3692 0.331659
7.65865 7.3692 0.331659
7.65865 7.3692 0.331659
7.65865 7.3692 0.331659
8.33264 7.80676 0.326823
8.33264 7.80676 0.326823
8.00153 7.93026 0.323537
7.42685 7.69129 0.322969
7.42685 7.69129 0.322969
7.42685 7.69129 0.322969
8.0587 7.70919 0.321965
8.0587 7.70919 0.321965
7.30096 7.65592 0.336324
7.30096 7.65592 0.336324
7.30096 7.65592 0.336324
7.30096 7.65592 0.336324
7.30096 7.65592 0.336324
7.57356 7.60066 0.324713
7.57356 7.60066 0.324713
8.02665 7.29757 0.332787
8.02665 7.29757 0.332787
7.40372 8.16611 0.326403
8.12069 7.09715 0.323197
8.12069 7.09715 0.323197
8.12069 7.09715 0.323197
8.12069 7.09715 0.323197
8.12069 7.09715 0.323197
7.65479 7.36496 0.332277
7.724 7.67522 0.323991
7.99242 7.62739 0.306291
7.99242 7.62739 0.306291
7.99242 7.62739 0.306291
7.99242 7.62739 0.306291
7.97426 7.99251 0.317397
7.97426 7.99251 0.317397
7.97426 7.99251 0.317397
7.97426 7.99251 0.317397
8.29668 7.65871 0.325242
8.29668 7.65871 0.325242
7.54684 7.57165 0.322171
7.52118 8.17617 0.333967
7.52118 8.17617 0.333967
7.86086 7.6541 0.315561
7.86086 7.6541 0.315561
7.86086 7.6541 0.315561
7.86086 7.6541 0.315561
7.86086 7.6541 0.315561
7.48395 7.97057 0.314926
7.56041 7.61305 0.321442
7.56041 7.61305 0.321442
8.05457 7.85946 0.331791
8.05457 7.85946 0.331791
8.05457 7.85946 0.331791
8.05457 7.85946 0.331791
7.74255 7.65081 0.331998
7.05517 7.39204 0.323263
7.05517 7.39204 0.323263
7.05517 7.39204 0.323263
7.25425 7.76356 0.32262
7.25425 7.76356 0.32262
6.55605 6.51928 0.306349
6.55605 6.51928 0.306349
6.78937 6.76453 0.304449
6.91417 7.07947 0.300139
6.52076 7.05312 0.276941
6.52076 7.05312 0.276941
6.52076 7.05312 0.276941
6.54659 6.373 0.302471
6.54659 6.373 0.302471
6.54659 6.373 0.302471
6.54659 6.373 0.302471
6.52624 6.58295 0.306613
6.52624 6.58295 0.306613
6.52624 6.58295 0.306613
6.52624 6.58295 0.306613
6.52624 6.58295 0.306613
6.52624 6.58295 0.306613
6.52624 6.58295 0.306613
6.60333 6.44291 0.280743
6.60333 6.44291 0.280743
6.60333 6.44291 0.280743
6.37945 6.62198 0.296883
7.09471 7.61462 0.309151
7.09471 7.61462 0.309151
7.09471 7.61462 0.309151
7.05115 6.88393 0.292374
7.05115 6.88393 0.292374
6.7248 7.00476 0.289486
6.7248 7.00476 0.289486
6.44529 7.08367 0.31168
6.44529 7.08367 0.31168
6.7983 6.19388 0.295884
6.7983 6.19388 0.295884
6.80656 6.65716 0.296951
6.80656 6.65716 0.296951
6.80656 6.65716 0.296951
6.80656 6.65716 0.296951
6.80656 6.65716 0.296951
6.48171 6.56705 0.289739
6.48171 6.56705 0.289739
6.64098 6.82045 0.300504
6.96153 6.61749 0.296196
7.06763 7.28403 0.326635
7.06763 7.28403 0.326635
7.06763 7.28403 0.326635
6.90961 6.49535 0.300379
6.97851 6.68512 0.30371
6.97851 6.68512 0.30371
6.97851 6.68512 0.30371
6.97851 6.68512 0.30371
6.97851 6.68512 0.30371
6.97851 6.68512 0.30371
6.75148 6.84868 0.29993
6.75148 6.84868 0.29993
6.75148 6.84868 0.29993
6.79015 6.99299 0.291797
6.79015 6.99299 0.291797
7.12971 6.90416 0.29148
6.6686 6.66715 0.30477
6.6686 6.66715 0.30477
6.6686 6.66715 0.30477
6.6686 6.66715 0.30477
6.6686 6.66715 0.30477
6.6686 6.66715 0.30477
6.6686 6.66715 0.30477
7.07907 6.45333 0.284648
7.07907 6.45333 0.284648
7.07907 6.45333 0.284648
6.69876 6.90142 0.290397
6.64366 6.70457 0.296499
6.64366 6.70457 0.296499
6.7707 6.99869 0.29021
7.16991 7.00073 0.295288
7.1618 6.62532 0.307114
7.1618 6.62532 0.307114
7.1618 6.62532 0.307114
7.1618 6.62532 0.307114
6.76755 6.6226 0.30686
6.76755 6.6226 0.30686
6.76755 6.6226 0.30686
6.76755 6.6226 0.30686
6.76755 6.6226 0.30686
6.76755 6.6226 0.30686
6.76755 6.6226 0.30686
6.76755 6.6226 0.30686
6.76755 6.6226 0.30686
6.76755 6.6226 0.30686
6.76755 6.6226 0.30686
6.76937 6.89872 0.294458
6.76937 6.89872 0.294458
6.76937 6.89872 0.294458
6.34151 6.30002 0.299348
6.34151 6.30002 0.299348
7.00349 6.81695 0.299239
7.00349 6.81695 0.299239
7.00349 6.81695 0.299239
7.00349 6.81695 0.299239
7.00349 6.81695 0.299239
6.72163 7.01349 0.307364
7.03637 6.48879 0.293149
7.03637 6.48879 0.293149
7.03637 6.48879 0.293149
7.07306 7.46183 0.292979
7.07306 7.46183 0.292979
7.07306 7.46183 0.292979
7.07306 7.46183 0.292979
6.56529 7.79328 0.301989
6.56529 7.79328 0.301989
6.56529 7.79328 0.301989
6.56529 7.79328 0.301989
7.06712 6.54487 0.309306
7.06712 6.54487 0.309306
7.06712 6.54487 0.309306
7.06712 6.54487 0.309306
6.44086 6.85018 0.311654
6.672 6.31199 0.302457
6.672 6.31199 0.302457
6.672 6.31199 0.302457
6.83522 6.4297 0.31165
6.83522 6.4297 0.31165
6.83522 6.4297 0.31165
6.83522 6.4297 0.31165
6.83522 6.4297 0.31165
6.72751 7.23145 0.294261
6.72751 7.23145 0.294261
6.72751 7.23145 0.294261
7.148 6.92469 0.295877
6.64033 6.45572 0.299807
6.36687 7.09065 0.300697
6.36687 7.09065 0.300697
6.36687 7.09065 0.300697
6.95589 6.77513 0.287043
6.77891 6.49091 0.276701
6.77891 6.49091 0.276701
6.77891 6.49091 0.276701
6.76437 6.63072 0.293786
6.99004 6.9301 0.293353
6.85236 6.7011 0.298773
6.85236 6.7011 0.298773
6.85236 6.7011 0.298773
6.85236 6.7011 0.298773
6.85236 6.7011 0.298773
6.85236 6.7011 0.298773
6.78337 6.85846 0.278211
6.80038 6.8775 0.29401
6.80038 6.8775 0.29401
6.80038 6.8775 0.29401
6.80038 6.8775 0.29401
6.62846 6.78425 0.282634
6.88848 6.47282 0.294255
6.88848 6.47282 0.294255
6.88848 6.47282 0.294255
6.88848 6.47282 0.294255
6.88848 6.47282 0.294255
6.57819 6.36356 0.303929
6.7746 6.60711 0.31576
6.7746 6.60711 0.31576
6.87893 7.21096 0.270123
6.87893 7.21096 0.270123
6.87893 7.21096 0.270123
6.76918 6.91135 0.304933
6.76918 6.91135 0.304933
6.76918 6.91135 0.304933
6.76918 6.91135 0.304933
7.12637 6.63151 0.30584
7.12637 6.63151 0.30584
6.41839 6.72999 0.310298
6.41839 6.72999 0.310298
6.63814 6.79443 0.288011
6.63814 6.79443 0.288011
6.63814 6.79443 0.288011
6.63814 6.79443 0.288011
6.63814 6.79443 0.288011
7.06734 6.59936 0.310007
6.91069 6.46617 0.295751
6.91069 6.46617 0.295751
6.49904 6.73699 0.300687
6.49904 6.73699 0.300687
6.49904 6.73699 0.300687
6.49904 6.73699 0.300687
6.49904 6.73699 0.300687
6.97688 6.5795 0.297455
6.97688 6.5795 0.297455
6.80103 6.78147 0.28931
6.80103 6.78147 0.28931
6.80103 6.78147 0.28931
6.80103 6.78147 0.28931
6.80103 6.78147 0.28931
6.6275 7.17742 0.295764
6.6275 7.17742 0.295764
6.6275 7.17742 0.295764
6.6275 7.17742 0.295764
6.94451 6.90936 0.299463
6.94451 6.90936 0.299463
6.94451 6.90936 0.299463
6.94451 6.90936 0.299463
6.94451 6.90936 0.299463
6.94451 6.90936 0.299463
6.99299 6.81186 0.316595
6.99299 6.81186 0.316595
6.99299 6.81186 0.316595
6.82559 6.48063 0.279693
6.82559 6.48063 0.279693
6.82559 6.48063 0.279693
6.82559 6.48063 0.279693
6.82559 6.48063 0.279693
6.01934 6.82106 0.311174
6.01934 6.82106 0.311174
6.01934 6.82106 0.311174
7.29156 6.82663 0.308339
7.29156 6.82663 0.308339
7.29156 6.82663 0.308339
6.64578 6.97594 0.306419
6.64578 6.97594 0.306419
6.88975 7.31611 0.309128
7.27932 6.78131 0.292351
6.29335 7.1545 0.288299
6.29335 7.1545 0.288299
6.29335 7.1545 0.288299
6.29335 7.1545 0.288299
6.29335 7.1545 0.288299
6.81456 6.87542 0.298349
7.05151 6.73647 0.301259
7.05151 6.73647 0.301259
7.05151 6.73647 0.301259
7.05151 6.73647 0.301259
7.2718 6.82293 0.303441
6.71659 6.87194 0.291077
6.71659 6.87194 0.291077
6.71659 6.87194 0.291077
6.55567 6.41259 0.287586
6.55567 6.41259 0.287586
6.24791 6.85058 0.29077
6.24791 6.85058 0.29077
6.24791 6.85058 0.29077
7.17963 6.92366 0.303422
6.58518 6.06027 0.295149
6.58518 6.06027 0.295149
6.58518 6.06027 0.295149
6.58518 6.06027 0.295149
6.58518 6.06027 0.295149
6.58518 6.06027 0.295149
7.08687 6.35233 0.282161
7.08687 6.35233 0.282161
6.64187 6.99474 0.315302
6.64187 6.99474 0.315302
6.76732 7.00922 0.293999
6.76732 7.00922 0.293999
6.76732 7.00922 0.293999
6.9555 6.54951 0.30871
7.11353 6.35025 0.282352
7.11353 6.35025 0.282352
6.3907 6.72826 0.312872
6.92893 7.00426 0.303441
6.81625 6.76127 0.307774
6.77227 7.23931 0.311782
6.77227 7.23931 0.311782
6.77227 7.23931 0.311782
6.77227 7.23931 0.311782
6.29915 6.56177 0.319759
6.29915 6.56177 0.319759
5.81178 6.494 0.291369
5.81178 6.494 0.291369
5.81178 6.494 0.291369
5.81178 6.494 0.291369
5.81178 6.494 0.291369
5.81178 6.494 0.291369
6.48659 6.43075 0.303472
6.48659 6.43075 0.303472
6.48659 6.43075 0.303472
6.69948 5.98208 0.314355
6.69948 5.98208 0.314355
6.69948 5.98208 0.314355
6.69948 5.98208 0.314355
6.69948 5.98208 0.314355
6.69948 5.98208 0.314355
6.69948 5.98208 0.314355
6.69948 5.98208 0.314355
6.69948 5.98208 0.314355
6.56669 6.48118 0.32696
6.56669 6.48118 0.32696
6.56669 6.48118 0.32696
6.56669 6.48118 0.32696
6.32655 6.20338 0.320902
6.32655 6.20338 0.320902
6.32655 6.20338 0.320902
6.32655 6.20338 0.320902
6.32655 6.20338 0.320902
6.60336 6.76808 0.330424
6.68567 6.32266 0.334868
6.12809 6.05454 0.304434
6.26798 6.04237 0.314203
6.4688 6.25585 0.332176
6.74092 6.47125 0.317028
6.74092 6.47125 0.317028
6.36264 6.05652 0.314697
5.7472 6.34259 0.310643
5.7472 6.34259 0.310643
5.7472 6.34259 0.310643
6.39177 5.90543 0.324326
6.21479 6.54086 0.320254
6.21479 6.54086 0.320254
6.72878 6.43363 0.314111
6.72878 6.43363 0.314111
6.72878 6.43363 0.314111
6.35939 6.18299 0.317416
6.35939 6.18299 0.317416
6.35939 6.18299 0.317416
6.44875 6.36195 0.315232
6.44875 6.36195 0.315232
6.59494 6.70379 0.333433
6.59494 6.70379 0.333433
6.59494 6.70379 0.333433
6.59494 6.70379 0.333433
6.05308 6.63405 0.314423
6.05308 6.63405 0.314423
6.05308 6.63405 0.314423
6.05308 6.63405 0.314423
6.46358 6.07684 0.320155
6.46358 6.07684 0.320155
6.18294 6.27672 0.322253
6.18294 6.27672 0.322253
6.33087 6.67292 0.32768
6.33087 6.67292 0.32768
6.29387 6.37811 0.31301
6.29387 6.37811 0.31301
6.28241 6.18282 0.323057
6.28241 6.18282 0.323057
6.28241 6.18282 0.323057
6.28241 6.18282 0.323057
6.28241 6.18282 0.323057
6.28241 6.18282 0.323057
6.28241 6.18282 0.323057
6.47937 6.04567 0.315712
6.31404 6.18731 0.312112
6.31404 6.18731 0.312112
6.31404 6.18731 0.312112
6.41612 6.56183 0.306062
6.06026 6.24595 0.300043
6.05317 6.79026 0.326227
6.46922 6.56468 0.31438
6.46922 6.56468 0.31438
6.62185 6.25062 0.328908
6.11884 6.12476 0.314752
6.11884 6.12476 0.314752
6.21152 6.12357 0.314264
6.21152 6.12357 0.314264
6.54846 6.2496 0.325191
6.54846 6.2496 0.325191
6.25303 6.10181 0.316349
5.90864 6.54161 0.321938
5.90864 6.54161 0.321938
5.90864 6.54161 0.321938
5.90864 6.54161 0.321938
5.84633 6.20894 0.302385
5.84633 6.20894 0.302385
6.51035 6.40443 0.321259
6.51035 6.40443 0.321259
6.06466 5.99904 0.315217
6.06466 5.99904 0.315217
6.49279 6.40867 0.30094
6.49279 6.40867 0.30094
6.49279 6.40867 0.30094
6.49279 6.40867 0.30094
6.49279 6.40867 0.30094
6.49279 6.40867 0.30094
6.49279 6.40867 0.30094
6.39611 6.34852 0.307605
6.39611 6.34852 0.307605
6.39611 6.34852 0.307605
6.39611 6.34852 0.307605
6.31303 6.39269 0.318506
6.31303 6.39269 0.318506
6.57684 6.108 0.314801
6.57684 6.108 0.314801
6.57684 6.108 0.314801
6.57684 6.108 0.314801
6.57684 6.108 0.314801
6.51808 6.24171 0.31204
6.51808 6.24171 0.31204
6.51808 6.24171 0.31204
6.48288 6.116 0.318553
6.48288 6.116 0.318553
6.48288 6.116 0.318553
5.90409 6.76974 0.332176
5.90409 6.76974 0.332176
6.23221 6.91187 0.309173
6.23221 6.91187 0.309173
5.92838 6.30566 0.329188
6.97016 6.37097 0.311146
6.97016 6.37097 0.311146
6.15966 6.4635 0.31737
6.15966 6.4635 0.31737
6.15966 6.4635 0.31737
6.15966 6.4635 0.31737
6.38625 6.67159 0.325732
6.17533 5.7504 0.305283
6.17533 5.7504 0.305283
6.17533 5.7504 0.305283
6.17533 5.7504 0.305283
6.17533 5.7504 0.305283
6.17533 5.7504 0.305283
6.17074 6.5224 0.328309
6.17074 6.5224 0.328309
6.03123 6.25172 0.316833
6.41534 6.38998 0.332212
6.50409 6.74323 0.30688
6.50409 6.74323 0.30688
6.50409 6.74323 0.30688
6.50409 6.74323 0.30688
6.50409 6.74323 0.30688
6.50409 6.74323 0.30688
6.50409 6.74323 0.30688
5.40495 6.51201 0.31505
5.40495 6.51201 0.31505
5.40495 6.51201 0.31505
5.40495 6.51201 0.31505
5.40495 6.51201 0.31505
6.16335 6.35426 0.318339
6.15658 6.2675 0.300563
6.15658 6.2675 0.300563
6.15658 6.2675 0.300563
5.47319 6.29431 0.287878
5.47319 6.29431 0.287878
5.47319 6.29431 0.287878
5.47319 6.29431 0.287878
5.47319 6.29431 0.287878
5.47319 6.29431 0.287878
5.47319 6.29431 0.287878
5.47319 6.29431 0.287878
5.47319 6.29431 0.287878
5.47319 6.29431 0.287878
6.66494 6.79306 0.311979
6.66494 6.79306 0.311979
6.66494 6.79306 0.311979
6.66494 6.79306 0.311979
6.66494 6.79306 0.311979
6.70934 6.44639 0.320444
6.25222 6.05101 0.319736
6.2612 5.77497 0.322732
6.2612 5.77497 0.322732
6.2612 5.77497 0.322732
6.2612 5.77497 0.322732
6.2612 5.77497 0.322732
6.2612 5.77497 0.322732
6.77708 6.20572 0.319933
6.77708 6.20572 0.319933
6.20603 5.845 0.326866
6.20603 5.845 0.326866
6.01305 6.64379 0.333461
6.01305 6.64379 0.333461
6.01305 6.64379 0.333461
6.01305 6.64379 0.333461
6.01305 6.64379 0.333461
6.01305 6.64379 0.333461
6.00192 6.32008 0.330629
6.00192 6.32008 0.330629
6.19225 6.21864 0.319735
6.19225 6.21864 0.319735
6.19225 6.21864 0.319735
6.19225 6.21864 0.319735
6.19225 6.21864 0.319735
6.24566 6.20328 0.312218
6.24566 6.20328 0.312218
6.24566 6.20328 0.312218
6.67152 6.58844 0.319459
6.67152 6.58844 0.319459
6.50294 6.27091 0.301125
6.50294 6.27091 0.301125
7.18552 5.95152 0.311467
7.18552 5.95152 0.311467
6.46645 6.55618 0.321486
6.19138 5.82149 0.327975
6.19138 5.82149 0.327975
6.19138 5.82149 0.327975
6.31423 5.40543 0.317953
6.27377 6.62838 0.307771
6.31074 6.52931 0.31417
6.31074 6.52931 0.31417
6.31074 6.52931 0.31417
6.12872 6.56527 0.330951
6.74772 6.84345 0.320832
6.53511 6.61675 0.302483
6.53511 6.61675 0.302483
6.53511 6.61675 0.302483
6.45206 5.95619 0.325285
6.45206 5.95619 0.325285
5.91082 6.51284 0.3083
5.91082 6.51284 0.3083
5.91082 6.51284 0.3083
5.91082 6.51284 0.3083
5.91082 6.51284 0.3083
5.91082 6.51284 0.3083
5.91082 6.51284 0.3083
6.70359 6.52348 0.316965
6.50975 5.89244 0.328161
6.50975 5.89244 0.328161
6.44303 6.63431 0.312917
6.44303 6.63431 0.312917
6.44303 6.63431 0.312917
6.44303 6.63431 0.312917
6.42998 6.75527 0.303192
6.42998 6.75527 0.303192
6.81073 6.57262 0.308606
6.81073 6.57262 0.308606
6.81073 6.57262 0.308606
6.81073 6.57262 0.308606
5.95967 6.20245 0.317563
5.95967 6.20245 0.317563
6.07875 6.20416 0.313673
6.07875 6.20416 0.313673
6.52967 6.29129 0.333621
6.52967 6.29129 0.333621
6.61826 6.06566 0.305986
6.61826 6.06566 0.305986
6.61826 6.06566 0.305986
6.61826 6.06566 0.305986
5.97842 6.14794 0.312801
5.97842 6.14794 0.312801
6.0148 6.74884 0.306282
6.0148 6.74884 0.306282
6.16901 6.2885 0.325149
6.16901 6.2885 0.325149
6.16901 6.2885 0.325149
6.16901 6.2885 0.325149
6.44266 6.24573 0.312065
6.23984 6.53024 0.326777
6.23984 6.53024 0.326777
6.23984 6.53024 0.326777
6.23984 6.53024 0.326777
6.50506 5.79629 0.329157
6.22642 6.05233 0.316024
6.22642 6.05233 0.316024
6.70241 6.32101 0.307932
6.70241 6.32101 0.307932
6.70241 6.32101 0.307932
6.70241 6.32101 0.307932
6.70241 6.32101 0.307932
6.70241 6.32101 0.307932
6.09365 6.34065 0.319484
6.09365 6.34065 0.319484
6.09365 6.34065 0.319484
6.48963 5.94353 0.330926
5.9488 6.67855 0.332983
5.9488 6.67855 0.332983
5.9488 6.67855 0.332983
5.9488 6.67855 0.332983
5.71794 6.16393 0.323297
5.71794 6.16393 0.323297
5.71794 6.16393 0.323297
7.10897 5.74804 0.308415
7.08558 6.55594 0.318398
7.08558 6.55594 0.318398
7.08558 6.55594 0.318398
7.08558 6.55594 0.318398
6.24009 6.16434 0.321307
6.24009 6.16434 0.321307
6.24009 6.16434 0.321307
6.24009 6.16434 0.321307
6.24009 6.16434 0.321307
6.24009 6.16434 0.321307
6.55773 5.98143 0.304355
6.55773 5.98143 0.304355
6.55773 5.98143 0.304355
6.55773 5.98143 0.304355
6.55773 5.98143 0.304355
6.55773 5.98143 0.304355
6.55773 5.98143 0.304355
6.12135 6.76104 0.31629
6.12135 6.76104 0.31629
6.12135 6.76104 0.31629
6.4854 5.85579 0.330851
6.4854 5.85579 0.330851
6.4854 5.85579 0.330851
6.4854 5.85579 0.330851
6.4854 5.85579 0.330851
6.4854 5.85579 0.330851
5.96986 5.78878 0.299656
5.96986 5.78878 0.299656
5.96986 5.78878 0.299656
5.96986 5.78878 0.299656
5.96986 5.78878 0.299656
5.96986 5.78878 0.299656
5.96986 5.78878 0.299656
5.96986 5.78878 0.299656
5.96986 5.78878 0.299656
6.34014 6.63177 0.31653
6.34014 6.63177 0.31653
6.34014 6.63177 0.31653
6.55555 6.74298 0.323996
6.53452 6.03712 0.325467
6.53452 6.03712 0.325467
6.53452 6.03712 0.325467
6.53452 6.03712 0.325467
6.53452 6.03712 0.325467
5.63413 6.90103 0.311604
6.8265 5.94883 0.332283
6.76989 6.60005 0.323794
6.76989 6.60005 0.323794
6.24457 6.05816 0.33434
6.24457 6.05816 0.33434
6.24457 6.05816 0.33434
6.24457 6.05816 0.33434
6.24457 6.05816 0.33434
6.24457 6.05816 0.33434
6.24457 6.05816 0.33434
6.24457 6.05816 0.33434
5.91715 5.8364 0.309335
6.04215 6.79835 0.316762
6.04215 6.79835 0.316762
6.04215 6.79835 0.316762
6.8556 6.39526 0.314435
6.8556 6.39526 0.314435
6.8556 6.39526 0.314435
6.8556 6.39526 0.314435
6.53057 6.13831 0.305878
6.53057 6.13831 0.305878
6.53057 6.13831 0.305878
6.53057 6.13831 0.305878
6.53057 6.13831 0.305878
6.53057 6.13831 0.305878
6.53057 6.13831 0.305878
6.53057 6.13831 0.305878
6.59391 6.77049 0.307886
6.17865 6.74742 0.308001
6.17865 6.74742 0.308001
5.83769 6.69652 0.323502
5.83769 6.69652 0.323502
6.70521 5.89491 0.322507
6.35221 6.57055 0.307245
5.9061 6.39001 0.310412
5.9061 6.39001 0.310412
6.16264 6.11963 0.326398
6.27162 6.40547 0.317479
6.27162 6.40547 0.317479
6.50899 6.40989 0.315392
6.50899 6.40989 0.315392
6.50899 6.40989 0.315392
6.50899 6.40989 0.315392
6.50899 6.40989 0.315392
6.50899 6.40989 0.315392
6.50899 6.40989 0.315392
6.50899 6.40989 0.315392
6.50899 6.40989 0.315392
6.19999 6.33479 0.319884
6.19999 6.33479 0.319884
6.19999 6.33479 0.319884
6.37993 6.74076 0.311568
6.11268 6.45882 0.319395
6.11268 6.45882 0.319395
6.47554 6.51404 0.305819
6.47554 6.51404 0.305819
6.47554 6.51404 0.305819
6.47554 6.51404 0.305819
6.47554 6.51404 0.305819
6.47554 6.51404 0.305819
6.47554 6.51404 0.305819
6.74486 6.50134 0.308189
6.74486 6.50134 0.308189
6.39934 6.44359 0.324417
6.39934 6.44359 0.324417
6.39934 6.44359 0.324417
6.39934 6.44359 0.324417
6.39934 6.44359 0.324417
6.25528 5.84017 0.316136
6.25528 5.84017 0.316136
6.59098 6.33336 0.319378
6.59098 6.33336 0.319378
6.59098 6.33336 0.319378
6.59098 6.33336 0.319378
6.59098 6.33336 0.319378
6.59098 6.33336 0.319378
6.40423 6.78588 0.318904
6.40423 6.78588 0.318904
6.01057 6.86634 0.320486
6.01057 6.86634 0.320486
6.01057 6.86634 0.320486
6.01057 6.86634 0.320486
6.01057 6.86634 0.320486
6.01057 6.86634 0.320486
6.01057 6.86634 0.320486
6.37767 7.01663 0.323593
6.37767 7.01663 0.323593
6.00879 6.25246 0.313983
6.00879 6.25246 0.313983
6.62556 6.29107 0.324099
6.62556 6.29107 0.324099
6.38873 6.40402 0.321287
6.38873 6.40402 0.321287
6.57524 6.18993 0.326936
6.2461 5.81811 0.324965
6.43762 6.49565 0.320384
6.43762 6.49565 0.320384
6.47407 6.1088 0.307526
6.47407 6.1088 0.307526
6.30522 6.26217 0.31355
6.03636 6.18118 0.316151
5.92717 6.16516 0.314062
5.92717 6.16516 0.314062
5.92717 6.16516 0.314062
5.92717 6.16516 0.314062
6.24098 5.96263 0.307748
6.89302 6.05664 0.323643
6.89302 6.05664 0.323643
6.89302 6.05664 0.323643
6.89302 6.05664 0.323643
6.89302 6.05664 0.323643
6.89302 6.05664 0.323643
6.16019 6.73752 0.316217
5.92186 6.11365 0.32442
6.10603 6.73373 0.321945
6.10603 6.73373 0.321945
6.10603 6.73373 0.321945
6.37579 5.8332 0.329366
6.54845 5.99097 0.315398
6.09593 6.05147 0.30927
6.09593 6.05147 0.30927
6.09593 6.05147 0.30927
6.09593 6.05147 0.30927
6.29114 6.48424 0.329457
6.29114 6.48424 0.329457
6.29114 6.48424 0.329457
6.91828 6.1522 0.315487
6.91828 6.1522 0.315487
6.91828 6.1522 0.315487
6.91828 6.1522 0.315487
6.91828 6.1522 0.315487
6.91828 6.1522 0.315487
6.91828 6.1522 0.315487
6.91828 6.1522 0.315487
6.02942 6.02296 0.307069
6.02942 6.02296 0.307069
6.40384 6.26403 0.305233
6.40384 6.26403 0.305233
6.54531 6.53462 0.310593
6.54531 6.53462 0.310593
5.57836 6.78707 0.327779
5.57836 6.78707 0.327779
6.66395 6.31187 0.308095
6.66395 6.31187 0.308095
6.66395 6.31187 0.308095
6.39817 6.66102 0.293591
6.39817 6.66102 0.293591
6.45899 6.30312 0.304838
6.45899 6.30312 0.304838
6.38304 5.96223 0.31852
6.38304 5.96223 0.31852
6.38304 5.96223 0.31852
6.59923 6.48362 0.289492
6.301 6.50837 0.316321
6.301 6.50837 0.316321
6.301 6.50837 0.316321
6.301 6.50837 0.316321
6.33525 6.10842 0.314186
6.33525 6.10842 0.314186
6.33525 6.10842 0.314186
6.33525 6.10842 0.314186
5.82688 6.19243 0.328232
5.82688 6.19243 0.328232
5.82688 6.19243 0.328232
6.61432 5.92891 0.305222
6.61432 5.92891 0.305222
6.59229 6.33753 0.32122
6.10712 6.69616 0.305329
6.10712 6.69616 0.305329
6.10712 6.69616 0.305329
6.13774 5.98179 0.313293
6.13774 5.98179 0.313293
6.13774 5.98179 0.313293
6.13774 5.98179 0.313293
6.50382 5.88211 0.328055
6.52128 6.23164 0.31937
6.52128 6.23164 0.31937
6.52128 6.23164 0.31937
6.52128 6.23164 0.31937
6.30698 6.05081 0.308592
6.30698 6.05081 0.308592
6.32245 6.54118 0.320819
5.69904 5.57108 0.324495
5.69904 5.57108 0.324495
5.69904 5.57108 0.324495
5.69904 5.57108 0.324495
5.69904 5.57108 0.324495
6.50393 6.24255 0.310973
5.91745 6.87888 0.334671
5.91745 6.87888 0.334671
5.91745 6.87888 0.334671
5.91745 6.87888 0.334671
5.91745 6.87888 0.334671
5.86792 6.37626 0.337001
5.86792 6.37626 0.337001
5.86792 6.37626 0.337001
6.24212 6.70896 0.332294
6.24212 6.70896 0.332294
6.24212 6.70896 0.332294
6.24212 6.70896 0.332294
6.24212 6.70896 0.332294
6.24212 6.70896 0.332294
6.29403 6.13017 0.311103
6.29403 6.13017 0.311103
6.57845 6.08718 0.341154
6.57845 6.08718 0.341154
6.57845 6.08718 0.341154
6.57845 6.08718 0.341154
6.57845 6.08718 0.341154
6.57845 6.08718 0.341154
6.57845 6.08718 0.341154
6.57845 6.08718 0.341154
6.31192 6.91712 0.322883
6.846 6.13823 0.314096
6.846 6.13823 0.314096
6.846 6.13823 0.314096
6.43189 5.62082 0.317149
6.43189 5.62082 0.317149
6.43189 5.62082 0.317149
6.80899 5.88311 0.320161
6.59176 6.27985 0.317364
6.59176 6.27985 0.317364
6.59176 6.27985 0.317364
6.61489 6.26487 0.315951
6.61489 6.26487 0.315951
6.61489 6.26487 0.315951
6.61489 6.26487 0.315951
5.94154 6.53672 0.32254
5.94154 6.53672 0.32254
6.34941 5.54315 0.3112
6.28096 6.35184 0.333299
6.28096 6.35184 0.333299
6.28096 6.35184 0.333299
6.28096 6.35184 0.333299
6.02568 6.44122 0.327136
6.02568 6.44122 0.327136
6.02568 6.44122 0.327136
6.02568 6.44122 0.327136
6.12474 6.42308 0.311474
6.12474 6.42308 0.311474
6.12474 6.42308 0.311474
6.17234 5.99744 0.322636
6.17234 5.99744 0.322636
6.17234 5.99744 0.322636
6.17234 5.99744 0.322636
6.17234 5.99744 0.322636
6.24874 5.91862 0.314666
6.24874 5.91862 0.314666
6.23884 6.08238 0.312345
6.08288 6.52554 0.325347
6.08288 6.52554 0.325347
6.08288 6.52554 0.325347
6.08288 6.52554 0.325347
6.78173 6.5669 0.339135
6.78173 6.5669 0.339135
6.26014 6.38322 0.321524
6.26014 6.38322 0.321524
6.26014 6.38322 0.321524
6.26014 6.38322 0.321524
6.50793 6.59144 0.313627
6.50793 6.59144 0.313627
6.59185 6.56368 0.318612
6.59185 6.56368 0.318612
6.70125 6.30081 0.324152
6.70125 6.30081 0.324152
6.70125 6.30081 0.324152
6.33292 6.26061 0.312337
6.33292 6.26061 0.312337
6.33292 6.26061 0.312337
6.5897 6.4238 0.332893
6.5897 6.4238 0.332893
6.5897 6.4238 0.332893
6.5897 6.4238 0.332893
6.5035 6.43972 0.318897
6.38745 6.44006 0.309481
6.38745 6.44006 0.309481
6.03057 6.02478 0.319337
6.03057 6.02478 0.319337
6.03057 6.02478 0.319337
6.58182 6.56469 0.297664
6.58182 6.56469 0.297664
6.58182 6.56469 0.297664
6.58182 6.56469 0.297664
6.58182 6.56469 0.297664
6.58182 6.56469 0.297664
6.58182 6.56469 0.297664
6.58182 6.56469 0.297664
6.58182 6.56469 0.297664
6.58182 6.56469 0.297664
5.95398 6.02521 0.33914
5.95398 6.02521 0.33914
5.95398 6.02521 0.33914
6.38925 6.34908 0.323147
6.38925 6.34908 0.323147
6.38925 6.34908 0.323147
6.38925 6.34908 0.323147
6.20337 5.98332 0.315033
6.20337 5.98332 0.315033
6.20337 5.98332 0.315033
6.20337 5.98332 0.315033
6.17812 6.48056 0.321388
6.17812 6.48056 0.321388
5.36496 6.67056 0.321948
5.36496 6.67056 0.321948
6.42993 6.56895 0.3203
6.42993 6.56895 0.3203
6.42993 6.56895 0.3203
6.42993 6.56895 0.3203
6.11734 6.52354 0.320556
6.11734 6.52354 0.320556
6.11734 6.52354 0.320556
6.11734 6.52354 0.320556
6.11734 6.52354 0.320556
6.11734 6.52354 0.320556
6.35864 6.71198 0.325734
6.35864 6.71198 0.325734
6.35864 6.71198 0.325734
5.94086 6.38728 0.303803
5.94086 6.38728 0.303803
5.94086 6.38728 0.303803
5.94086 6.38728 0.303803
6.30553 6.16537 0.321959
6.30553 6.16537 0.321959
6.60733 6.82785 0.33094
6.60733 6.82785 0.33094
6.60733 6.82785 0.33094
6.60733 6.82785 0.33094
6.60733 6.82785 0.33094
6.60733 6.82785 0.33094
6.60733 6.82785 0.33094
6.60733 6.82785 0.33094
6.01241 5.74919 0.322819
6.01241 5.74919 0.322819
6.02125 6.17669 0.316916
6.39877 5.80063 0.311487
6.39877 5.80063 0.311487
6.39877 5.80063 0.311487
6.39877 5.80063 0.311487
6.39877 5.80063 0.311487
6.39877 5.80063 0.311487
6.39877 5.80063 0.311487
6.39877 5.80063 0.311487
6.39877 5.80063 0.311487
6.35404 6.3072 0.308655
6.35404 6.3072 0.308655
6.35404 6.3072 0.308655
6.35404 6.3072 0.308655
6.71184 6.83974 0.338481
6.65183 6.48399 0.312287
6.65183 6.48399 0.312287
6.7185 6.46602 0.314788
6.69548 6.02837 0.328919
6.69548 6.02837 0.328919
5.87547 6.68368 0.319594
5.87547 6.68368 0.319594
6.1667 6.22799 0.309238
6.1667 6.22799 0.309238
6.1667 6.22799 0.309238
6.1667 6.22799 0.309238
6.1667 6.22799 0.309238
6.1667 6.22799 0.309238
6.74745 6.34227 0.320059
6.49729 6.27267 0.319798
6.49729 6.27267 0.319798
6.49729 6.27267 0.319798
6.49729 6.27267 0.319798
6.21053 6.67862 0.30507
5.89083 6.3351 0.311105
5.89083 6.3351 0.311105
6.30647 6.56036 0.30771
6.30647 6.56036 0.30771
6.30647 6.56036 0.30771
6.68407 6.49456 0.335732
6.68407 6.49456 0.335732
6.68407 6.49456 0.335732
5.90057 6.50555 0.299278
5.90057 6.50555 0.299278
5.90057 6.50555 0.299278
5.90057 6.50555 0.299278
5.90057 6.50555 0.299278
6.65304 5.98085 0.312365
6.65304 5.98085 0.312365
6.65304 5.98085 0.312365
5.68656 6.8417 0.305107
5.68656 6.8417 0.305107
5.68656 6.8417 0.305107
5.68656 6.8417 0.305107
5.68656 6.8417 0.305107
5.68656 6.8417 0.305107
5.85366 6.34567 0.305523
5.85366 6.34567 0.305523
6.03437 6.15222 0.323277
6.00788 5.85074 0.307245
6.00788 5.85074 0.307245
6.00788 5.85074 0.307245
6.00788 5.85074 0.307245
6.55173 6.19172 0.312222
6.55173 6.19172 0.312222
6.55173 6.19172 0.312222
6.55173 6.19172 0.312222
6.24631 6.08183 0.304339
6.24631 6.08183 0.304339
6.24631 6.08183 0.304339
6.89865 6.84798 0.305304
6.91688 6.17276 -0.0162462
6.11648 6.51757 0.00403507
6.11648 6.51757 0.00403507
5.98798 7.04411 0.0114207
9.42618 9.25502 0.318035
9.42618 9.25502 0.318035
9.94034 9.34907 0.306038
9.21857 9.9651 0.322285
9.21857 9.9651 0.322285
9.32035 9.60368 0.316882
9.32035 9.60368 0.316882
10.2788 9.60875 0.323512
10.2788 9.60875 0.323512
9.41018 9.76238 0.321389
9.31067 9.52287 0.318873
9.90987 9.71122 0.306261
9.90987 9.71122 0.306261
9.79072 9.58393 0.318901
9.79072 9.58393 0.318901
9.76146 9.5283 0.316832
9.82825 9.71791 0.324468
9.96175 9.73272 0.313157
9.54938 9.38406 0.323215
10.1369 9.38083 0.317935
9.45091 9.49868 0.323906
9.45091 9.49868 0.323906
9.81746 9.06266 0.320636
9.81746 9.06266 0.320636
9.40918 9.87805 0.286778
9.40918 9.87805 0.286778
9.5186 9.72062 0.309079
9.5186 9.72062 0.309079
9.68071 9.3773 0.31304
9.63303 9.5956 0.308439
9.12976 9.12367 0.333052
9.39451 9.77873 0.324141
9.39451 9.77873 0.324141
8.82093 9.26164 0.308697
8.82093 9.26164 0.308697
8.82093 9.26164 0.308697
8.82093 9.26164 0.308697
8.82093 9.26164 0.308697
8.82093 9.26164 0.308697
9.47729 9.61304 0.295228
9.35719 9.85481 0.312232
9.35719 9.85481 0.312232
10.0777 9.48054 0.310744
10.0777 9.48054 0.310744
10.0777 9.48054 0.310744
10.0777 9.48054 0.310744
9.73208 9.37695 0.313249
9.73208 9.37695 0.313249
9.73208 9.37695 0.313249
9.33796 9.64755 0.303475
9.88358 9.22471 0.309301
9.10345 9.74504 0.311173
9.82393 8.94841 0.31242
9.82393 8.94841 0.31242
9.82393 8.94841 0.31242
9.7556 9.46452 0.321929
9.7556 9.46452 0.321929
9.7556 9.46452 0.321929
9.11573 9.62562 0.317288
9.11573 9.62562 0.317288
9.11573 9.62562 0.317288
9.19746 9.34654 0.310052
9.24832 9.70932 0.314344
9.63433 9.31996 0.31818
10.0075 9.56969 0.29134
10.0075 9.56969 0.29134
10.0075 9.56969 0.29134
9.00957 9.74005 0.30489
9.00957 9.74005 0.30489
9.00957 9.74005 0.30489
9.00957 9.74005 0.30489
9.00957 9.74005 0.30489
9.22479 9.23055 0.294982
9.22479 9.23055 0.294982
9.74179 9.76155 0.322555
9.74179 9.76155 0.322555
9.74179 9.76155 0.322555
9.38821 9.61134 0.301467
9.38821 9.61134 0.301467
9.38821 9.61134 0.301467
9.51816 9.60904 0.326481
9.51816 9.60904 0.326481
9.26067 9.77065 0.302093
9.26067 9.77065 0.302093
9.26067 9.77065 0.302093
9.98914 9.39549 0.311025
9.98914 9.39549 0.311025
9.98914 9.39549 0.311025
9.98914 9.39549 0.311025
9.60787 9.37931 0.326208
9.5892 9.9623 0.328353
9.30953 9.5055 0.333323
9.30953 9.5055 0.333323
9.30953 9.5055 0.333323
9.68183 9.4918 0.324622
10.0562 9.22057 0.318218
9.40821 9.50756 0.302851
9.62955 9.81661 0.302631
9.55951 9.46001 0.324588
9.2374 9.91421 0.323004
9.2374 9.91421 0.323004
9.7005 9.45236 0.319424
9.0115 9.18367 0.309243
9.0115 9.18367 0.309243
9.48725 9.20045 0.330296
9.89337 9.62047 0.313741
9.89337 9.62047 0.313741
9.15704 9.34793 0.307191
9.33276 9.66907 0.32198
9.36658 9.60225 0.319991
9.27438 10.2078 0.308811
10.0449 10.0306 0.307285
9.68153 9.83011 0.306907
9.45184 10.0442 0.321936
9.32515 9.4686 0.320623
9.77221 9.52489 0.319433
9.71189 9.33414 0.315194
9.71189 9.33414 0.315194
9.71189 9.33414 0.315194
9.59068 9.80106 0.313808
9.5563 9.48356 0.316991
9.5563 9.48356 0.316991
9.34774 9.59218 0.313422
9.34774 9.59218 0.313422
9.34774 9.59218 0.313422
9.34774 9.59218 0.313422
9.34774 9.59218 0.313422
9.28217 10.2453 0.318524
9.28217 10.2453 0.318524
9.28217 10.2453 0.318524
9.2091 9.878 0.311574
9.83075 9.36758 0.30373
10.1085 9.74837 0.324979
9.71574 9.22087 0.311886
9.68982 9.54856 0.325243
9.68982 9.54856 0.325243
9.42959 9.52434 0.297825
9.50453 9.40706 0.326308
9.46848 9.24574 0.305592
9.46848 9.24574 0.305592
9.61262 9.57357 0.311329
9.70844 9.32128 0.322696
9.51337 9.18365 0.333903
9.41449 9.54491 0.311815
9.7183 9.59047 0.305348
9.58825 9.62915 0.315743
9.58825 9.62915 0.315743
9.92602 9.56851 0.321115
9.37738 9.50913 0.3035
9.5686 9.53957 0.3254
8.96899 9.3912 0.326515
8.96899 9.3912 0.326515
8.96899 9.3912 0.326515
9.32598 10.0468 0.325733
9.43509 9.19261 0.30118
9.43509 9.19261 0.30118
9.71186 9.52226 0.329635
9.71186 9.52226 0.329635
9.482 9.04015 0.328013
9.482 9.04015 0.328013
9.46208 9.61149 0.323739
9.15123 9.52283 0.32851
9.15123 9.52283 0.32851
9.15123 9.52283 0.32851
9.35449 9.42111 0.307517
9.37656 9.04435 0.325383
9.37656 9.04435 0.325383
9.67251 10.0084 0.314641
9.67251 10.0084 0.314641
9.08128 9.72722 0.300856
9.76885 9.32094 0.313686
9.76885 9.32094 0.313686
9.60119 9.6667 0.296699
9.60119 9.6667 0.296699
9.60119 9.6667 0.296699
9.60119 9.6667 0.296699
9.60119 9.6667 0.296699
9.60119 9.6667 0.296699
9.69776 8.84255 0.319787
10.1427 9.66774 0.330881
9.61408 9.39095 0.326054
8.98154 9.27685 0.32649
8.98154 9.27685 0.32649
9.64001 9.80484 0.315428
9.80324 9.73992 0.323404
9.48452 9.33277 0.314582
9.48452 9.33277 0.314582
9.46803 9.14309 0.322565
9.46803 9.14309 0.322565
9.46803 9.14309 0.322565
9.46803 9.14309 0.322565
9.39855 9.70904 0.315651
9.39855 9.70904 0.315651
10.4245 9.31473 0.306064
9.39184 9.13758 0.333649
9.5183 9.20507 0.320439
9.74772 9.51246 0.308261
8.86348 9.4349 0.311156
9.13871 9.79595 0.323336
9.23227 9.52453 0.319324
9.23227 9.52453 0.319324
9.98135 10.0115 0.300826
9.98135 10.0115 0.300826
9.52413 9.08227 0.306738
9.52413 9.08227 0.306738
9.52413 9.08227 0.306738
9.55445 9.37264 0.321719
9.17649 9.67227 0.32518
9.70391 9.86401 0.30559
9.70391 9.86401 0.30559
9.50161 9.62046 0.298111
9.50161 9.62046 0.298111
9.17645 9.38697 0.329985
9.71448 9.24962 0.330861
9.71448 9.24962 0.330861
9.36291 9.59385 0.31849
9.36291 9.59385 0.31849
9.05579 9.30578 0.313737
9.05579 9.30578 0.313737
9.05579 9.30578 0.313737
9.05579 9.30578 0.313737
9.61135 9.66966 0.315109
9.61252 9.48934 0.306527
9.61252 9.48934 0.306527
9.79472 9.16648 0.30698
9.42006 9.61996 0.308896
9.64016 9.84615 0.316119
9.01334 9.69548 0.321664
9.01334 9.69548 0.321664
9.01334 9.69548 0.321664
9.97478 9.73577 0.314125
9.45719 9.39329 0.322545
9.39679 9.25757 0.331187
9.39679 9.25757 0.331187
9.18781 9.91335 0.31906
9.52471 9.23794 0.314799
9.69566 9.85819 0.309013
9.67486 10.3091 0.313462
9.78452 9.40666 0.323776
9.2625 10.067 0.309749
9.08945 9.56937 0.330463
9.9015 9.32405 0.329871
9.9015 9.32405 0.329871
9.9015 9.32405 0.329871
9.49881 9.32726 0.326297
9.49881 9.32726 0.326297
9.49881 9.32726 0.326297
9.49881 9.32726 0.326297
9.79365 8.97069 0.303279
9.16949 9.61014 0.299355
9.29903 9.44244 0.308798
9.15422 9.00055 0.310247
9.15422 9.00055 0.310247
9.15422 9.00055 0.310247
9.30409 9.97739 0.327962
9.53423 9.8257 0.318374
9.41633 9.57396 0.309038
9.52184 9.50002 0.316111
9.42037 9.60986 0.289851
9.42037 9.60986 0.289851
9.42037 9.60986 0.289851
9.21391 9.37929 0.31081
9.21391 9.37929 0.31081
9.31599 9.99213 0.316944
9.52941 9.19537 0.32277
9.52941 9.19537 0.32277
10.2625 9.68043 0.311696
10.2625 9.68043 0.311696
9.63359 9.22017 0.313626
9.239 9.42142 0.32005
9.882 8.90648 0.311735
9.882 8.90648 0.311735
9.882 8.90648 0.311735
9.95783 9.67733 0.305775
9.95783 9.67733 0.305775
9.39474 9.22649 0.308505
9.39474 9.22649 0.308505
9.39474 9.22649 0.308505
9.70269 9.6739 0.311513
9.85571 9.4924 0.331734
9.93395 9.51427 0.318816
9.515 9.87777 0.304372
9.19657 9.46844 0.322037
9.19657 9.46844 0.322037
9.56793 9.35793 0.312692
9.58818 9.67313 0.323639
9.58818 9.67313 0.323639
9.28614 9.7668 0.329033
9.28614 9.7668 0.329033
9.89262 10.3051 0.328746
10.0943 9.37843 0.307191
9.66639 9.91523 0.313046
9.43597 9.78376 0.315821
9.43597 9.78376 0.315821
9.43597 9.78376 0.315821
9.50115 9.44973 0.328916
9.50115 9.44973 0.328916
9.30877 9.11238 0.30297
9.48113 9.45616 0.323794
9.4614 9.72407 0.302109
9.79074 9.94308 0.306676
9.79074 9.94308 0.306676
9.79074 9.94308 0.306676
9.53099 10.0404 0.317392
10.2208 9.07589 0.321862
10.2208 9.07589 0.321862
10.2208 9.07589 0.321862
9.48978 9.39302 0.30973
9.48978 9.39302 0.30973
9.5044 9.2239 0.31022
9.5044 9.2239 0.31022
10.0086 9.63354 0.329388
9.8072 9.70136 0.311599
9.8072 9.70136 0.311599
9.8072 9.70136 0.311599
9.10037 9.69506 0.317212
9.10037 9.69506 0.317212
9.22001 9.6949 0.309855
9.03511 9.88286 0.32286
9.51155 9.86988 0.309292
9.1048 9.36442 0.327906
9.51153 9.49445 0.308896
9.51153 9.49445 0.308896
9.85208 9.84376 0.34322
9.85208 9.84376 0.34322
9.85208 9.84376 0.34322
9.85208 9.84376 0.34322
9.85208 9.84376 0.34322
9.85208 9.84376 0.34322
9.91958 9.47069 0.315121
9.91958 9.47069 0.315121
9.91958 9.47069 0.315121
9.91958 9.47069 0.315121
9.34398 9.91908 0.298831
9.34398 9.91908 0.298831
9.26166 9.79189 0.323898
9.61191 9.66789 0.310316
9.23817 9.81243 0.319578
9.50331 9.5578 0.305549
9.50331 9.5578 0.305549
9.50331 9.5578 0.305549
9.5311 9.59521 0.313612
9.42543 9.65701 0.337714
9.48477 9.03925 0.307037
9.48477 9.03925 0.307037
9.48477 9.03925 0.307037
9.37458 9.80303 0.310317
9.87795 9.12446 0.304009
9.87795 9.12446 0.304009
9.32057 9.35368 0.307122
9.88496 9.00511 0.323745
9.19322 9.42321 0.336904
9.8323 10.0841 0.327662
9.17088 9.62713 0.309968
9.17088 9.62713 0.309968
9.6661 9.86544 0.303047
9.6661 9.86544 0.303047
9.0822 9.66453 0.30211
9.0822 9.66453 0.30211
9.0822 9.66453 0.30211
9.2585 8.84723 0.294822
9.2585 8.84723 0.294822
9.49312 9.37437 0.309644
9.49312 9.37437 0.309644
9.48353 9.58221 0.338576
9.48353 9.58221 0.338576
9.48353 9.58221 0.338576
9.49453 9.53648 0.308888
9.49453 9.53648 0.308888
9.41756 9.74914 0.306805
9.41756 9.74914 0.306805
9.7499 9.51088 0.33436
9.7499 9.51088 0.33436
9.7499 9.51088 0.33436
9.53822 9.48905 0.310263
9.53822 9.48905 0.310263
9.53822 9.48905 0.310263
9.53822 9.48905 0.310263
9.48823 9.20447 0.301133
9.26328 10.0229 0.315333
9.12598 9.30886 0.323458
9.12598 9.30886 0.323458
9.14929 8.94665 0.304191
9.19216 9.59835 0.319739
9.19216 9.59835 0.319739
9.19216 9.59835 0.319739
9.81675 9.00925 0.312817
9.26675 9.14867 0.308237
9.26675 9.14867 0.308237
9.26675 9.14867 0.308237
9.26675 9.14867 0.308237
9.26675 9.14867 0.308237
9.57499 9.34455 0.324298
9.56736 9.34212 0.318518
9.39347 9.58483 0.310349
9.99972 9.38015 0.323225
9.99972 9.38015 0.323225
9.99972 9.38015 0.323225
9.28388 9.32812 0.310443
9.28388 9.32812 0.310443
9.6318 9.17294 0.309792
9.6318 9.17294 0.309792
8.85626 9.03447 0.309937
8.85626 9.03447 0.309937
9.38632 9.51351 0.304482
9.48224 9.46334 0.310061
9.72102 9.9743 0.322914
9.72102 9.9743 0.322914
9.36097 9.36288 0.301133
9.36097 9.36288 0.301133
9.84063 9.42016 0.314974
9.84063 9.42016 0.314974
9.84063 9.42016 0.314974
9.21704 9.61393 0.319844
9.51533 9.52023 0.31074
9.14179 9.78433 0.294609
9.14179 9.78433 0.294609
9.14179 9.78433 0.294609
9.63075 9.50079 0.310234
9.10524 9.9459 0.325741
9.10524 9.9459 0.325741
9.00273 9.57136 0.313449
8.9219 9.06274 0.305951
8.9219 9.06274 0.305951
9.67124 9.17346 0.322772
9.66593 9.21653 0.295301
9.66593 9.21653 0.295301
9.66593 9.21653 0.295301
9.66593 9.21653 0.295301
9.29734 9.47115 0.306289
9.38419 9.08918 0.328226
9.68053 9.07564 0.325685
9.5576 9.26426 0.294554
9.5576 9.26426 0.294554
9.35554 10.2107 0.307716
9.6128 9.52372 0.304433
9.13104 9.68501 0.313525
9.09454 9.30625 0.31991
9.57793 9.34352 0.307587
9.64187 9.87246 0.314491
9.64187 9.87246 0.314491
9.61462 9.76274 0.322392
9.69739 10.0408 0.318651
9.62705 9.53802 0.311246
9.62705 9.53802 0.311246
9.62705 9.53802 0.311246
9.62705 9.53802 0.311246
9.48472 9.80089 0.313267
9.48472 9.80089 0.313267
9.29521 9.39581 0.308857
9.48682 9.52961 0.303692
9.48682 9.52961 0.303692
9.61081 9.3194 0.312046
9.61081 9.3194 0.312046
9.76101 9.72507 0.30952
9.28164 10.0786 0.331437
9.28164 10.0786 0.331437
9.69061 9.78245 0.316878
9.69061 9.78245 0.316878
9.03804 9.524 0.315176
9.03804 9.524 0.315176
9.03804 9.524 0.315176
9.1794 9.24736 0.327927
9.1794 9.24736 0.327927
9.52119 9.51567 0.313047
9.73449 9.3118 0.31601
9.61825 8.94322 0.303997
9.04923 9.7121 0.314556
9.04923 9.7121 0.314556
9.04923 9.7121 0.314556
9.04923 9.7121 0.314556
9.36605 9.55723 0.324878
9.36605 9.55723 0.324878
9.15972 9.04744 0.316975
9.15972 9.04744 0.316975
9.65596 9.84015 0.310178
9.65596 9.84015 0.310178
9.60612 9.43134 0.296617
9.60612 9.43134 0.296617
9.48392 9.85615 0.330759
9.48392 9.85615 0.330759
9.16861 9.61997 0.335624
9.76247 9.07486 0.332172
9.62391 9.85603 0.308109
9.18215 8.9211 0.328446
9.67791 9.40415 0.358866
9.67791 9.40415 0.358866
9.34912 9.5417 0.317285
9.47328 9.65153 0.32148
9.81001 9.56152 0.315223
9.88845 9.64909 0.301895
8.73126 10.1734 0.317783
9.1142 9.32535 0.315523
9.37368 9.83308 0.312468
9.33713 9.33896 0.319187
9.33713 9.33896 0.319187
9.14216 9.56681 0.321047
8.86122 9.44746 0.316808
9.64579 9.13337 0.310306
9.16804 9.67859 0.305573
9.16804 9.67859 0.305573
9.78378 9.02357 0.309906
8.95758 10.0888 0.306771
8.95758 10.0888 0.306771
9.78544 9.3398 0.317576
9.41974 9.53814 0.317532
9.3524 10.0795 0.328714
9.59146 9.97128 0.312589
9.6845 9.64308 0.306003
9.79014 9.59059 0.312493
9.58503 9.49552 0.333075
9.52771 9.24242 0.328674
9.52771 9.24242 0.328674
9.52771 9.24242 0.328674
9.52771 9.24242 0.328674
9.45228 9.2784 0.322297
9.70322 9.76586 0.321689
9.70322 9.76586 0.321689
9.26071 9.46968 0.322884
9.26071 9.46968 0.322884
9.26071 9.46968 0.322884
9.13068 9.80159 0.326627
9.52513 9.4121 0.321839
9.52513 9.4121 0.321839
9.52513 9.4121 0.321839
9.64794 9.95191 0.310743
9.52631 9.02003 0.309046
9.69504 9.49772 0.319792
9.69504 9.49772 0.319792
9.58931 9.0357 0.307787
9.58931 9.0357 0.307787
9.58931 9.0357 0.307787
10.2648 9.86386 0.325035
9.27319 9.54459 0.314028
9.27319 9.54459 0.314028
9.27319 9.54459 0.314028
9.27319 9.54459 0.314028
8.70135 9.47698 0.308248
8.70135 9.47698 0.308248
8.70135 9.47698 0.308248
8.70135 9.47698 0.308248
9.1302 9.91816 0.304231
9.1302 9.91816 0.304231
9.32475 9.47344 0.313712
9.32475 9.47344 0.313712
9.61211 9.61619 0.329055
9.63045 9.535 0.308196
9.63045 9.535 0.308196
9.63045 9.535 0.308196
9.9234 9.65118 0.313203
9.62121 9.59327 0.309325
9.43162 9.89972 0.306808
9.43162 9.89972 0.306808
10.1566 9.72029 0.327515
10.1812 9.36274 0.331097
10.1812 9.36274 0.331097
9.57536 9.82601 0.308039
9.57536 9.82601 0.308039
9.40783 9.58323 0.328492
9.40783 9.58323 0.328492
9.52626 9.95035 0.308966
9.52626 9.95035 0.308966
9.45616 9.88864 0.330461
9.45616 9.88864 0.330461
9.77064 9.46343 0.311497
8.93854 9.63218 0.324438
9.63279 9.63315 0.316379
9.25104 9.61106 0.320544
9.2693 9.6076 0.318348
9.37575 9.41988 0.317368
9.37575 9.41988 0.317368
9.37575 9.41988 0.317368
9.37575 9.41988 0.317368
9.37575 9.41988 0.317368
9.37575 9.41988 0.317368
9.58743 9.47258 0.323144
8.94303 9.67744 0.31455
9.66039 9.52727 0.303325
9.66039 9.52727 0.303325
8.9981 9.2734 0.326561
8.9981 9.2734 0.326561
9.2738 9.70807 0.326416
9.22499 9.67254 0.317843
9.85788 9.73554 0.306807
9.85788 9.73554 0.306807
9.80273 10.0965 0.313913
9.3027 9.85882 0.293796
9.3027 9.85882 0.293796
9.3027 9.85882 0.293796
9.40405 9.45494 0.310484
9.40405 9.45494 0.310484
9.40405 9.45494 0.310484
9.54644 9.77847 0.30426
9.54644 9.77847 0.30426
9.54644 9.77847 0.30426
9.49686 9.31004 0.327877
9.49686 9.31004 0.327877
9.18111 9.79328 0.320787
9.18111 9.79328 0.320787
8.91724 9.88656 0.339992
9.744 9.29921 0.322155
9.744 9.29921 0.322155
9.744 9.29921 0.322155
9.744 9.29921 0.322155
9.744 9.29921 0.322155
9.64908 9.47354 0.320389
9.64908 9.47354 0.320389
8.91051 9.85066 0.33265
8.91051 9.85066 0.33265
8.91051 9.85066 0.33265
9.82703 9.72404 0.285439
9.82703 9.72404 0.285439
9.74877 9.34365 0.333281
9.74877 9.34365 0.333281
9.68042 10.288 0.328465
9.62994 9.12391 0.30438
9.62994 9.12391 0.30438
9.14024 9.51582 0.30712
9.49435 9.21545 0.310606
9.18664 9.83859 0.318636
9.3107 9.54826 0.315895
9.3107 9.54826 0.315895
9.14678 9.09998 0.317427
9.14678 9.09998 0.317427
9.14678 9.09998 0.317427
9.75109 9.33245 0.313563
9.4298 9.56679 0.318446
9.4298 9.56679 0.318446
9.29657 9.88608 0.316829
9.29657 9.88608 0.316829
9.29657 9.88608 0.316829
9.47171 9.47888 0.305071
9.47171 9.47888 0.305071
9.14607 10.6261 0.31608
9.2966 9.82879 0.334801
9.2966 9.82879 0.334801
9.70268 9.23931 0.321408
8.66825 9.0262 0.297022
9.36305 9.94825 0.323864
9.71972 10.2212 0.314738
9.71972 10.2212 0.314738
9.70071 9.4033 0.298296
9.68453 9.00728 0.32545
9.66074 9.13002 0.325744
9.88293 8.95955 0.321151
9.88293 8.95955 0.321151
9.61785 9.20694 0.30903
10.0752 9.15209 0.304158
9.81278 9.74382 0.302417
9.81278 9.74382 0.302417
9.81278 9.74382 0.302417
9.88781 9.47728 0.29142
9.88781 9.47728 0.29142
9.88781 9.47728 0.29142
9.88781 9.47728 0.29142
9.35183 9.23305 0.335046
9.94269 9.16869 0.313445
9.29274 9.23284 0.302463
9.30902 9.72459 0.320528
9.80335 9.41785 0.300337
9.66556 9.02775 0.331509
9.66556 9.02775 0.331509
9.66593 9.69329 0.301988
9.66593 9.69329 0.301988
9.51478 9.78764 0.315895
9.51478 9.78764 0.315895
9.56393 9.80635 0.306857
9.56393 9.80635 0.306857
9.6071 10.0052 0.304087
9.50224 9.25471 0.316432
8.82689 9.58006 0.305882
8.82689 9.58006 0.305882
8.82689 9.58006 0.305882
9.69183 9.35788 0.306172
9.08992 9.67042 0.305193
9.08992 9.67042 0.305193
9.39762 9.86028 0.311427
9.73597 9.64435 0.323584
9.73597 9.64435 0.323584
8.92449 9.06102 0.294957
9.24425 9.09972 0.30167
9.24425 9.09972 0.30167
9.24425 9.09972 0.30167
9.66805 9.54235 0.308901
9.38152 9.4114 0.320931
9.24102 10.1194 0.329266
9.44216 9.27115 0.30829
9.44216 9.27115 0.30829
9.44216 9.27115 0.30829
9.72933 9.69703 0.302929
9.72933 9.69703 0.302929
9.72933 9.69703 0.302929
9.5064 9.34399 0.317942
9.50242 9.91131 0.313891
9.58415 9.70677 0.310639
9.58415 9.70677 0.310639
9.47677 9.20619 0.317448
9.56794 9.52166 0.327373
9.36221 9.40466 0.328119
9.48838 9.30911 0.306703
9.80726 9.43172 0.329494
9.7776 9.48549 0.321602
9.7776 9.48549 0.321602
8.97278 8.73078 0.307618
9.66804 9.61699 0.324087
9.54989 9.97358 0.307829
9.63207 9.19423 0.323012
9.66246 9.53493 0.322845
9.61687 9.48537 0.320721
9.4868 9.14157 0.310482
9.4868 9.14157 0.310482
9.4868 9.14157 0.310482
9.00024 9.60446 0.315182
9.00024 9.60446 0.315182
9.3967 9.33989 0.3126
9.75233 9.48787 0.317415
9.75233 9.48787 0.317415
9.75233 9.48787 0.317415
9.14211 9.52405 0.318728
9.25044 9.2593 0.310385
10.0402 9.65313 0.319336
9.52204 9.57066 0.305684
9.16378 9.57997 0.313127
9.16378 9.57997 0.313127
9.16748 9.5861 0.306352
9.16748 9.5861 0.306352
9.2891 9.47463 0.30453
9.48343 9.49251 0.314893
9.75075 9.59113 0.312782
9.75075 9.59113 0.312782
9.51177 9.6389 0.296523
8.96936 9.86329 0.3218
8.96936 9.86329 0.3218
9.43617 9.18193 0.332218
9.96423 9.26373 0.336261
9.52011 9.73826 0.298448
9.35652 9.26674 0.326501
9.35652 9.26674 0.326501
9.35652 9.26674 0.326501
9.35652 9.26674 0.326501
9.35652 9.26674 0.326501
9.5382 9.3319 0.308761
9.27778 9.1317 0.325397
9.63383 9.72852 0.304646
9.34582 9.63928 0.319391
9.44459 9.45767 0.305531
9.44459 9.45767 0.305531
9.42904 9.50829 0.310355
9.42904 9.50829 0.310355
9.96796 9.71782 0.330477
9.78287 9.79556 0.298763
9.09881 9.69807 0.301503
9.09881 9.69807 0.301503
9.60394 9.78773 0.323388
9.60394 9.78773 0.323388
9.455 9.77283 0.303986
9.455 9.77283 0.303986
9.0214 9.3151 0.308596
9.81619 9.58058 0.321419
9.81619 9.58058 0.321419
9.81619 9.58058 0.321419
9.52254 9.35308 0.320229
9.33442 9.16531 0.316468
9.51526 9.33337 0.323588
9.44281 10.0271 0.300621
9.72449 9.3301 0.318878
9.80264 9.67951 0.319044
9.3366 9.57639 0.327728
9.12726 9.53442 0.316397
9.12726 9.53442 0.316397
9.12726 9.53442 0.316397
9.12726 9.53442 0.316397
9.77212 9.25843 0.315118
9.77212 9.25843 0.315118
9.26188 10.0045 0.309356
9.26188 10.0045 0.309356
9.26188 10.0045 0.309356
9.64467 10.027 0.311661
9.64467 10.027 0.311661
9.40898 9.53392 0.317308
9.82099 9.65457 0.314086
9.82099 9.65457 0.314086
9.03652 9.25131 0.308215
9.03652 9.25131 0.308215
9.4534 9.23144 0.315471
9.45544 9.06021 0.321474
9.99431 9.72765 0.315951
8.82483 10.0271 0.312978
9.26592 9.27758 0.301007
9.14214 9.82249 0.320396
10.0469 9.54693 0.331991
8.69427 9.71338 0.309368
9.17058 9.43593 0.320723
9.17058 9.43593 0.320723
9.17058 9.43593 0.320723
9.17058 9.43593 0.320723
9.84154 9.38071 0.319484
9.77146 9.41937 0.32251
9.77146 9.41937 0.32251
9.77146 9.41937 0.32251
9.39978 9.84275 0.323544
9.44067 8.83435 0.319039
9.69948 9.71199 0.305017
9.81879 9.52996 0.318329
9.81879 9.52996 0.318329
9.42618 9.24569 0.318791
9.68943 9.35601 0.323117
9.22473 9.14249 0.314809
9.22473 9.14249 0.314809
9.20169 9.20154 0.30394
9.20169 9.20154 0.30394
9.56902 9.68946 0.328668
9.35678 9.69127 0.328759
9.75215 9.42914 0.310928
9.75215 9.42914 0.310928
9.91259 9.21286 0.311447
9.91259 9.21286 0.311447
9.91259 9.21286 0.311447
9.91259 9.21286 0.311447
9.82165 9.47385 0.322721
9.59758 10.0855 0.321224
9.59758 10.0855 0.321224
9.44878 9.45895 0.317942
8.82679 9.5697 0.316861
9.01978 9.56022 0.305716
9.90808 9.4536 0.306369
9.04547 9.16925 0.316143
9.04547 9.16925 0.316143
9.04547 9.16925 0.316143
9.55713 9.76999 0.320131
9.43986 9.82018 0.324108
9.43986 9.82018 0.324108
9.43986 9.82018 0.324108
9.57332 9.87399 0.317929
9.65749 9.25456 0.338164
9.65749 9.25456 0.338164
9.56071 9.19389 0.319432
9.39485 9.50347 0.32688
9.39485 9.50347 0.32688
9.39485 9.50347 0.32688
9.39485 9.50347 0.32688
9.39485 9.50347 0.32688
9.64566 8.71516 0.31975
9.64566 8.71516 0.31975
9.64566 8.71516 0.31975
9.64566 8.71516 0.31975
9.93682 9.36074 0.310633
10.1318 9.01922 0.323448
9.19854 9.11902 0.305121
9.60217 9.19421 0.303605
9.06256 9.51828 0.322051
9.62951 10.1601 0.292907
10.122 9.55219 0.323336
10.122 9.55219 0.323336
9.07407 9.45033 0.294468
9.21981 9.72816 0.308127
9.51228 9.21844 0.320039
9.51228 9.21844 0.320039
9.2904 8.68691 0.325689
9.2904 8.68691 0.325689
9.12608 9.80538 0.319609
9.12608 9.80538 0.319609
9.12608 9.80538 0.319609
9.82692 9.27648 0.333508
9.82692 9.27648 0.333508
9.82692 9.27648 0.333508
10.0133 9.34571 0.30364
9.83099 9.35804 0.298173
9.83099 9.35804 0.298173
9.83099 9.35804 0.298173
9.83099 9.35804 0.298173
9.83099 9.35804 0.298173
9.65583 9.17526 0.319609
9.54433 9.70302 0.322417
9.45527 9.40942 0.298827
9.45527 9.40942 0.298827
9.61384 9.64201 0.315423
9.44858 9.9684 0.317715
9.75225 9.78933 0.311356
9.75225 9.78933 0.311356
10.2763 9.53367 0.304422
10.1679 9.62652 0.326333
10.1679 9.62652 0.326333
9.54107 9.47211 0.309073
9.54107 9.47211 0.309073
9.71348 9.9988 0.327279
9.37062 9.7273 0.314638
9.88366 9.7124 0.323624
9.88366 9.7124 0.323624
9.23195 9.27049 0.313753
9.23195 9.27049 0.313753
9.93359 9.22023 0.320185
9.93359 9.22023 0.320185
9.93359 9.22023 0.320185
9.93359 9.22023 0.320185
9.93359 9.22023 0.320185
9.28115 9.45609 0.308837
9.25625 9.46146 0.319182
9.66452 9.39573 0.327196
9.66452 9.39573 0.327196
10.0412 9.79793 0.317493
9.21476 9.68207 0.318494
9.21476 9.68207 0.318494
9.21476 9.68207 0.318494
9.22039 9.48519 0.309243
9.22039 9.48519 0.309243
9.32742 8.71511 0.325648
9.38834 9.85444 0.312817
9.38834 9.85444 0.312817
9.7191 9.93737 0.315956
9.67067 9.51573 0.334589
9.71187 9.59249 0.31442
9.71187 9.59249 0.31442
9.20791 9.4752 0.31266
9.61174 9.65732 0.309387
9.72833 9.39205 0.323565
9.33612 9.47809 0.300127
9.33612 9.47809 0.300127
9.49011 9.68299 0.324317
9.03314 9.58687 0.307822
9.87862 9.4856 0.314087
10.0091 9.78606 0.317164
10.0091 9.78606 0.317164
10.0091 9.78606 0.317164
9.57234 9.22647 0.313205
9.57234 9.22647 0.313205
10.0821 9.80194 0.31329
9.80416 9.32502 0.320865
9.73648 9.56211 0.332732
9.76861 9.38075 0.304279
9.63867 9.35125 0.317909
9.26895 9.60938 0.30928
9.48559 9.33285 0.311986
9.67728 9.61035 0.314722
9.67783 9.55893 0.299074
10.0412 9.43263 0.315905
9.62306 9.43529 0.323831
9.62306 9.43529 0.323831
9.66332 9.57822 0.309303
10.0667 9.64184 0.322006
10.1307 9.9285 0.335654
10.1307 9.9285 0.335654
10.1307 9.9285 0.335654
10.1307 9.9285 0.335654
9.54451 9.60431 0.33993
9.54451 9.60431 0.33993
10.0214 8.99512 0.323427
9.1783 9.62602 0.312695
9.1783 9.62602 0.312695
9.92107 9.30877 0.319035
9.44972 9.79722 0.3245
9.1618 9.08873 0.330063
9.42775 9.2389 0.320393
9.42775 9.2389 0.320393
9.30399 9.21894 0.301302
9.56076 9.82117 0.307717
9.43682 9.04972 0.300858
9.13608 9.82944 0.334978
9.13608 9.82944 0.334978
9.50207 10.0004 0.320531
9.50207 10.0004 0.320531
9.50207 10.0004 0.320531
9.50207 10.0004 0.320531
9.43317 9.50448 0.306072
9.07169 9.10023 0.317352
9.07169 9.10023 0.317352
9.07169 9.10023 0.317352
9.07169 9.10023 0.317352
9.32019 9.59138 0.326584
9.32019 9.59138 0.326584
9.32019 9.59138 0.326584
9.32019 9.59138 0.326584
9.2946 9.23318 0.29862
9.2946 9.23318 0.29862
9.37629 9.56274 0.312672
9.37629 9.56274 0.312672
9.11729 9.39696 0.334797
9.11729 9.39696 0.334797
9.11729 9.39696 0.334797
9.87769 8.81498 0.30127
9.60914 9.7196 0.321967
9.60914 9.7196 0.321967
9.39776 9.30528 0.315196
9.32083 8.93977 0.300809
9.45828 10.0558 0.31843
9.45828 10.0558 0.31843
9.16449 9.61692 0.329819
9.16449 9.61692 0.329819
9.16449 9.61692 0.329819
9.73554 9.4681 0.309999
9.73554 9.4681 0.309999
9.73554 9.4681 0.309999
9.15749 9.62055 0.316224
9.54762 9.27002 0.321897
9.56325 9.6851 0.329074
9.56325 9.6851 0.329074
7.93874 8.0122 0.33352
7.87725 8.16376 0.323001
7.87725 8.16376 0.323001
7.8919 8.42312 0.32402
8.13419 8.37333 0.307235
8.13419 8.37333 0.307235
7.87037 7.66993 0.315458
8.41855 8.45002 0.318532
8.41855 8.45002 0.318532
8.41855 8.45002 0.318532
8.41855 8.45002 0.318532
8.10014 8.1911 0.321371
8.10014 8.1911 0.321371
8.10014 8.1911 0.321371
8.10014 8.1911 0.321371
5.93497 6.76707 -0.00519412
5.93497 6.76707 -0.00519412
6.78965 6.24129 0.0067937
6.78965 6.24129 0.0067937
6.54532 5.92121 -0.00115065
6.54532 5.92121 -0.00115065
6.54532 5.92121 -0.00115065
6.54532 5.92121 -0.00115065
6.28832 6.02136 -0.00743327
5.47712 6.74557 -0.00789232
5.47712 6.74557 -0.00789232
5.47712 6.74557 -0.00789232
5.47712 6.74557 -0.00789232
5.97473 6.40027 -0.0192377
5.97473 6.40027 -0.0192377
5.97473 6.40027 -0.0192377
5.97473 6.40027 -0.0192377
6.26816 6.19972 0.304306
6.26816 6.19972 0.304306
6.26816 6.19972 0.304306
6.20139 6.16441 0.327488
5.92469 6.55677 0.314967
6.27343 6.37423 0.311398
6.18322 5.82732 0.314755
6.18322 5.82732 0.314755
6.18322 5.82732 0.314755
6.18322 5.82732 0.314755
6.18322 5.82732 0.314755
6.0269 6.37716 0.314707
6.32507 6.28741 0.328149
6.32507 6.28741 0.328149
6.32507 6.28741 0.328149
6.32507 6.28741 0.328149
6.32507 6.28741 0.328149
6.32507 6.28741 0.328149
6.29654 6.30348 0.325244
6.29654 6.30348 0.325244
6.0559 6.3398 0.333149
6.29255 6.06696 0.327559
6.29255 6.06696 0.327559
6.29255 6.06696 0.327559
6.29255 6.06696 0.327559
6.29255 6.06696 0.327559
6.29255 6.06696 0.327559
6.29255 6.06696 0.327559
6.52745 6.13665 0.313918
6.62397 6.32027 0.3201
6.62397 6.32027 0.3201
6.62397 6.32027 0.3201
6.62397 6.32027 0.3201
6.62397 6.32027 0.3201
6.62397 6.32027 0.3201
6.62397 6.32027 0.3201
6.62397 6.32027 0.3201
6.44645 6.39873 0.300081
6.12513 6.30995 0.312628
6.12513 6.30995 0.312628
6.12513 6.30995 0.312628
6.12513 6.30995 0.312628
6.45147 6.16703 0.303326
6.45147 6.16703 0.303326
6.5455 6.29405 0.327496
6.5455 6.29405 0.327496
6.5455 6.29405 0.327496
6.5455 6.29405 0.327496
6.53326 6.50798 0.330492
6.53326 6.50798 0.330492
6.33934 6.15323 0.32514
6.33934 6.15323 0.32514
6.47624 6.34326 0.332651
6.47624 6.34326 0.332651
6.47624 6.34326 0.332651
6.47624 6.34326 0.332651
6.47624 6.34326 0.332651
6.08742 6.44726 0.315183
6.08742 6.44726 0.315183
6.27847 6.00654 0.319299
6.27847 6.00654 0.319299
6.27847 6.00654 0.319299
6.09565 6.81358 0.308536
6.09565 6.81358 0.308536
6.09565 6.81358 0.308536
6.09565 6.81358 0.308536
6.11161 6.41993 0.313167
6.11161 6.41993 0.313167
8.88844 9.18326 0.324628
8.51137 8.89264 0.337527
9.42715 8.47746 0.330349
9.42715 8.47746 0.330349
9.42715 8.47746 0.330349
9.14869 8.25395 0.320565
8.82226 8.78986 0.324379
8.82226 8.78986 0.324379
8.82226 8.78986 0.324379
8.90072 8.68767 0.310694
8.90072 8.68767 0.310694
8.90072 8.68767 0.310694
8.90072 8.68767 0.310694
8.73872 8.73982 0.329488
8.3069 8.81149 0.304741
8.94174 8.49647 0.321747
8.94174 8.49647 0.321747
8.05889 8.93752 0.324583
8.05889 8.93752 0.324583
8.05889 8.93752 0.324583
9.20056 8.98268 0.301779
9.20056 8.98268 0.301779
7.83212 7.69864 0.32633
7.83212 7.69864 0.32633
7.83212 7.69864 0.32633
7.95153 7.63857 0.32867
7.95153 7.63857 0.32867
7.95153 7.63857 0.32867
7.66292 7.47742 0.336585
6.7087 6.18968 0.313548
6.7087 6.18968 0.313548
6.37501 7.23597 0.328984
6.37501 7.23597 0.328984
6.40378 6.23229 0.325825
6.40378 6.23229 0.325825
6.40378 6.23229 0.325825
6.40378 6.23229 0.325825
6.43119 6.99943 0.309226
5.80159 6.82302 0.31248
5.80159 6.82302 0.31248
6.69432 6.33904 0.323684
6.69432 6.33904 0.323684
6.69432 6.33904 0.323684
6.69432 6.33904 0.323684
6.69432 6.33904 0.323684
6.69432 6.33904 0.323684
6.18242 5.91789 0.339993
6.08418 6.15062 0.331747
6.08418 6.15062 0.331747
6.29548 6.35448 0.308294
6.29548 6.35448 0.308294
6.29548 6.35448 0.308294
6.41839 6.21889 0.303863
6.41839 6.21889 0.303863
6.41839 6.21889 0.303863
6.41839 6.21889 0.303863
8.03963 8.13438 0.302084
8.73282 8.44549 0.305218
8.73282 8.44549 0.305218
8.73282 8.44549 0.305218
8.19644 8.02411 0.320771
8.19644 8.02411 0.320771
8.19644 8.02411 0.320771
8.19644 8.02411 0.320771
8.0003 8.6631 0.307426
7.873 7.77987 0.318133
8.39641 8.14626 0.316533
8.39641 8.14626 0.316533
8.39641 8.14626 0.316533
8.37783 7.89374 0.327729
8.36322 8.66615 0.317034
7.87956 8.55404 0.300103
7.87956 8.55404 0.300103
8.31536 8.112 0.317496
7.85697 8.2594 0.312427
7.85697 8.2594 0.312427
8.55605 7.92485 0.301099
8.55605 7.92485 0.301099
8.42523 8.05922 0.311855
7.82579 8.28468 0.309535
7.82579 8.28468 0.309535
7.82579 8.28468 0.309535
8.31141 8.05664 0.3134
8.31141 8.05664 0.3134
8.31141 8.05664 0.3134
8.31141 8.05664 0.3134
8.18701 8.36382 0.310383
8.04312 8.16891 0.301822
8.14798 8.17621 0.321013
8.14003 8.25834 0.309769
8.14003 8.25834 0.309769
8.14003 8.25834 0.309769
8.98268 8.61719 0.31384
8.98268 8.61719 0.31384
8.10613 8.29764 0.326017
8.10613 8.29764 0.326017
8.16107 8.43018 0.322779
8.16107 8.43018 0.322779
8.73103 8.01447 0.300592
8.3476 8.36312 0.308599
3.9382 46.556 -66.807
3.9382 46.556 -66.807
3.9382 46.556 -66.807
3.9382 46.556 -66.807
3.9382 46.556 -66.807
3.9382 46.556 -66.807
3.9382 46.556 -66.807
3.9382 46.556 -66.807
3.9382 46.556 -66.807
3.9382 46.556 -66.807
3.9382 46.556 -66.807
3.9382 46.556 -66.807
3.9382 46.556 -66.807
3.9382 46.556 -66.807
3.9382 46.556 -66.807
3.9382 46.556 -66.807
3.9382 46.556 -66.807
3.9382 46.556 -66.807
3.9382 46.556 -66.807
3.9382 46.556 -66.807
3.9382 46.556 -66.807
3.9382 46.556 -66.807
3.9382 46.556 -66.807
3.9382 46.556 -66.807
3.9382 46.556 -66.807
3.9382 46.556 -66.807
3.9382 46.556 -66.807
3.9382 46.556 -66.807
3.9382 46.556 -66.807
3.9382 46.556 -66.807
3.9382 46.556 -66.807
3.9382 46.556 -66.807
3.9382 46.556 -66.807
3.9382 46.556 -66.807
3.9382 46.556 -66.807
3.9382 46.556 -66.807
3.9382 46.556 -66.807
3.9382 46.556 -66.807
3.9382 46.556 -66.807
3.9382 46.556 -66.807
3.9382 46.556 -66.807
3.9382 46.556 -66.807
3.9382 46.556 -66.807
3.9382 46.556 -66.807
3.9382 46.556 -66.807
3.9382 46.556 -66.807
3.9382 46.556 -66.807
3.9382 46.556 -66.807
3.9382 46.556 -66.807
3.9382 46.556 -66.807
3.9382 46.556 -66.807
3.9382 46.556 -66.807
3.9382 46.556 -66.807
3.9382 46.556 -66.807
3.9382 46.556 -66.807
3.9382 46.556 -66.807
3.9382 46.556 -66.807
3.9382 46.556 -66.807
3.9382 46.556 -66.807
3.9382 46.556 -66.807
3.9382 46.556 -66.807
3.9382 46.556 -66.807
3.9382 46.556 -66.807
3.9382 46.556 -66.807
3.9382 46.556 -66.807
3.9382 46.556 -66.807
3.9382 46.556 -66.807
3.9382 46.556 -66.807
3.9382 46.556 -66.807
3.9382 46.556 -66.807
3.9382 46.556 -66.807
3.9382 46.556 -66.807
3.9382 46.556 -66.807
3.9382 46.556 -66.807
3.9382 46.556 -66.807
3.9382 46.556 -66.807
3.9382 46.556 -66.807
3.9382 46.556 -66.807
3.9382 46.556 -66.807
3.9382 46.556 -66.807
3.9382 46.556 -66.807
3.9382 46.556 -66.807
8.16972 8.3367 0.324011
3.9382 46.556 -66.807
3.9382 46.556 -66.807
3.9382 46.556 -66.807
3.9382 46.556 -66.807
3.9382 46.556 -66.807
3.9382 46.556 -66.807
3.9382 46.556 -66.807
3.9382 46.556 -66.807
3.9382 46.556 -66.807
3.9382 46.556 -66.807
3.9382 46.556 -66.807
3.9382 46.556 -66.807
3.9382 46.556 -66.807
3.9382 46.556 -66.807
3.9382 46.556 -66.807
3.9382 46.556 -66.807
8.37695 8.76168 0.3192
6.58127 5.94759 -0.00487147
6.58127 5.94759 -0.00487147
6.58127 5.94759 -0.00487147
6.58127 5.94759 -0.00487147
6.18991 6.38892 0.00769465
6.60388 6.20903 0.324034
5.97982 6.21786 0.325784
5.97982 6.21786 0.325784
6.29179 6.76115 0.324705
6.29179 6.76115 0.324705
6.29179 6.76115 0.324705
6.29179 6.76115 0.324705
6.04959 5.9256 0.336923
6.04959 5.9256 0.336923
6.85444 6.32351 0.3276
6.65796 6.10279 0.314698
6.65796 6.10279 0.314698
6.65796 6.10279 0.314698
6.65796 6.10279 0.314698
6.65796 6.10279 0.314698
6.65796 6.10279 0.314698
6.65796 6.10279 0.314698
7.07164 6.70849 0.291529
7.07164 6.70849 0.291529
7.07164 6.70849 0.291529
7.07164 6.70849 0.291529
7.07164 6.70849 0.291529
7.07164 6.70849 0.291529
7.92307 8.43772 0.308566
7.93305 8.57611 0.325545
7.93305 8.57611 0.325545
7.93305 8.57611 0.325545
7.93305 8.57611 0.325545
7.95679 8.45543 0.314678
7.95679 8.45543 0.314678
8.04567 8.0016 0.312574
8.04567 8.0016 0.312574
8.04567 8.0016 0.312574
8.04567 8.0016 0.312574
8.04567 8.0016 0.312574
8.04567 8.0016 0.312574
8.04567 8.0016 0.312574
8.07566 7.99185 0.299275
7.89681 8.03177 0.308072
7.89681 8.03177 0.308072
7.9231 8.25631 0.304139
7.92345 7.7345 0.307983
7.92345 7.7345 0.307983
7.92345 7.7345 0.307983
8.24067 8.07486 0.3137
8.29265 8.36911 0.310468
8.29265 8.36911 0.310468
8.29265 8.36911 0.310468
8.29265 8.36911 0.310468
8.29265 8.36911 0.310468
8.32496 8.20892 0.329611
8.32496 8.20892 0.329611
8.32496 8.20892 0.329611
8.35208 7.99052 0.319232
8.35208 7.99052 0.319232
8.18908 7.89604 0.314688
8.11636 8.64596 0.318296
8.11636 8.64596 0.318296
8.11636 8.64596 0.318296
8.67296 8.16803 0.30998
7.87579 8.44669 0.32103
7.87579 8.44669 0.32103
7.87579 8.44669 0.32103
7.87579 8.44669 0.32103
7.87579 8.44669 0.32103
7.90373 8.59657 0.335763
7.97131 7.47015 0.308827
7.97131 7.47015 0.308827
8.18829 7.98901 0.316918
8.78501 8.38138 0.311038
8.78501 8.38138 0.311038
8.47948 7.98108 0.311135
8.12721 7.87482 0.324316
8.49479 8.08888 0.330636
8.1726 8.17298 0.328303
8.62908 8.78117 0.329711
8.62908 8.78117 0.329711
8.0674 8.41827 0.314638
8.04645 7.99816 0.305316
8.04645 7.99816 0.305316
8.04466 8.37764 0.315493
8.04466 8.37764 0.315493
8.04466 8.37764 0.315493
8.04466 8.37764 0.315493
7.54428 8.53664 0.297268
7.54428 8.53664 0.297268
7.54428 8.53664 0.297268
9.4684 9.69679 0.294289
9.88078 9.73332 0.303312
9.88078 9.73332 0.303312
9.88078 9.73332 0.303312
9.31803 9.80618 0.290545
9.47789 9.96836 0.332692
9.82286 9.38233 0.315405
9.31654 9.40508 0.311203
