12.7243 13.344 0.286517
26.1582 26.495 0.24146
20.0178 20.4241 0.266637
24.1317 23.9366 0.267795
16.0671 16.1685 0.259438
10.4728 10.266 0.299113
8.29573 8.83653 0.324694
9.75382 8.97282 0.30782
23.7188 23.3032 0.246732
30.2581 30.3282 0.222054
13.2839 13.3401 0.290723
24.0695 23.7045 0.242296
20.0885 20.5076 0.290812
22.4068 22.1173 0.272798
25.708 25.1821 0.250615
17.5049 17.2722 0.267554
20.0178 20.4241 0.266637
28.2995 28.9192 0.22635
11.2885 11.4187 0.317347
10.3778 10.4792 0.28731
22.7889 22.4644 0.263204
28.4311 28.236 0.240071
15.0932 15.4697 0.288281
26.1601 26.1484 0.213712
26.5219 26.4506 0.221916
15.4307 15.3532 0.287936
11.9624 12.0525 0.304642
5.95039 6.71278 0.00192008
10.8895 10.5601 0.327694
15.4497 15.3771 0.290848
12.5519 12.0508 0.297585
30.8861 30.3851 0.212533
12.5519 12.0508 0.297585
23.5748 23.049 0.262318
22.2132 21.7731 0.255546
10.347 10.3249 0.309636
22.2132 21.7731 0.255546
29.3601 29.9798 0.207581
19.3748 19.0055 0.275815
10.8235 10.8798 0.310114
29.3601 29.9798 0.207581
24.1692 24.2255 0.246563
10.8235 10.8798 0.310114
20.8937 20.9118 0.267489
19.0045 19.2179 0.253847
10.5339 11.1495 0.291346
24.6296 25.1389 0.246413
10.1126 10.2139 0.294161
24.292 24.0593 0.240379
6.41059 6.44927 0.336636
6.41059 6.44927 0.336636
14.0084 14.2219 0.274043
14.3047 14.2334 0.283516
23.6238 23.2993 0.263713
23.0448 22.4068 0.266382
11.4454 11.648 0.316461
11.3271 11.9821 0.313649
24.5492 24.3814 0.235597
12.8201 13.2115 0.301444
23.631 23.794 0.277553
11.3271 11.9821 0.313649
7.77147 7.61535 0.299868
10.5339 11.1495 0.291346
19.4936 19.7588 0.280178
14.854 15.341 0.276469
6.26867 7.09974 0.304316
16.3348 15.9698 0.283498
26.0671 25.7426 0.226087
15.4307 15.3532 0.287936
26.4839 25.7548 0.251009
30.0284 30.2419 0.213123
10.5339 11.1495 0.291346
5.95039 6.71278 0.00192008
15.4497 15.3771 0.290848
27.3026 27.3928 0.207424
6.93656 6.81633 0.301809
11.6142 11.2764 0.318521
5.95039 6.71278 0.00192008
10.7409 10.57 0.300085
28.0163 28.0046 0.223614
12.5519 12.0508 0.297585
12.7243 13.344 0.286517
11.9919 12.8229 0.308825
15.0194 14.9863 0.283881
16.3348 15.9698 0.283498
22.609 22.4022 0.256701
20.5275 19.7658 0.272212
30.2743 31.0661 0.218191
24.5492 24.3814 0.235597
25.708 25.1821 0.250615
28.7552 28.655 0.254032
19.3748 19.0055 0.275815
10.3561 10.7326 0.298809
23.5748 23.049 0.262318
6.41392 6.84292 0.31191
18.7999 18.9012 0.250393
13.5233 12.9742 0.2922
31.1762 31.1328 0.212835
6.12699 6.26278 -0.00087697
18.9709 19.7039 0.304132
21.897 22.3836 0.254441
21.897 22.3836 0.254441
21.4682 21.8051 0.262778
21.4682 21.8051 0.262778
22.7199 21.9583 0.2536
22.7199 21.9583 0.2536
22.7199 21.9583 0.2536
21.9137 22.015 0.250124
21.9137 22.015 0.250124
22.1817 22.2204 0.284148
22.1817 22.2204 0.284148
22.1817 22.2204 0.284148
22.1817 22.2204 0.284148
21.8818 22.3524 0.269311
21.8818 22.3524 0.269311
21.8818 22.3524 0.269311
21.8818 22.3524 0.269311
21.8818 22.3524 0.269311
21.8818 22.3524 0.269311
22.3027 21.7536 0.264798
22.3027 21.7536 0.264798
22.3027 21.7536 0.264798
22.3027 21.7536 0.264798
22.3027 21.7536 0.264798
22.3027 21.7536 0.264798
22.3027 21.7536 0.264798
30.7798 30.4903 0.225142
30.8264 31.0398 0.207547
31.4538 30.9279 0.220306
31.4538 30.9279 0.220306
31.1227 31.0514 0.217021
30.5356 30.0147 0.210572
30.5356 30.0147 0.210572
30.2118 30.8315 0.213083
30.2118 30.8315 0.213083
30.7943 31.0739 0.211504
30.9295 30.5916 0.232322
30.9295 30.5916 0.232322
31.1798 30.8303 0.215448
30.6751 30.8381 0.235032
30.6947 30.7218 0.218197
30.6947 30.7218 0.218197
31.1478 30.4187 0.22627
31.1478 30.4187 0.22627
30.5249 31.2873 0.219886
31.2418 30.2183 0.21668
30.9868 30.8121 0.223455
30.9868 30.8121 0.223455
30.9868 30.8121 0.223455
31.1514 30.9836 0.206324
30.3857 30.7822 0.227709
30.7759 30.4861 0.22576
30.7759 30.4861 0.22576
30.822 31.1589 0.21672
30.822 31.1589 0.21672
30.8562 30.8341 0.219568
31.1136 30.7485 0.199775
31.0954 31.1137 0.21088
31.0491 29.9594 0.231752
31.0491 29.9594 0.231752
30.668 30.6928 0.215655
30.444 30.9848 0.223211
30.982 30.7752 0.209044
30.6051 31.0917 0.208409
30.6051 31.0917 0.208409
30.6815 30.7342 0.214925
31.1757 30.9806 0.225274
31.1757 30.9806 0.225274
30.3198 31.0855 0.231521
30.8374 30.508 0.234869
30.8637 30.7719 0.225481
30.2564 30.9894 0.243004
30.2564 30.9894 0.243004
30.2564 30.9894 0.243004
30.2564 30.9894 0.243004
30.1763 30.5132 0.216747
31.1686 31.0879 0.215638
31.4281 30.6664 0.207569
31.4281 30.6664 0.207569
30.7701 31.1763 0.234003
30.7701 31.1763 0.234003
30.8905 30.9375 0.218381
31.2501 31.0792 0.210017
30.6218 30.7231 0.204093
30.6676 30.5673 0.240765
30.2743 31.0661 0.218191
30.8931 31.3221 0.21339
30.6679 30.3433 0.221192
30.8898 30.9285 0.238117
30.8861 30.3851 0.212533
30.8861 30.3851 0.212533
30.7372 30.4394 0.227234
30.7372 30.4394 0.227234
31.0433 31.0614 0.217106
31.0108 30.4618 0.218766
30.4248 30.6274 0.215191
30.7714 30.8277 0.217289
30.7714 30.8277 0.217289
30.6001 30.9765 0.215592
30.6001 30.9765 0.215592
19.6188 19.8364 0.242388
19.6188 19.8364 0.242388
19.6188 19.8364 0.242388
20.0255 19.4846 0.250347
20.0255 19.4846 0.250347
20.0255 19.4846 0.250347
20.0255 19.4846 0.250347
20.0255 19.4846 0.250347
20.0255 19.4846 0.250347
20.0255 19.4846 0.250347
20.0255 19.4846 0.250347
20.0255 19.4846 0.250347
20.0255 19.4846 0.250347
20.0255 19.4846 0.250347
20.1565 20.1423 0.261982
20.1565 20.1423 0.261982
20.1565 20.1423 0.261982
20.1565 20.1423 0.261982
20.1565 20.1423 0.261982
20.1565 20.1423 0.261982
19.4915 20.1867 0.248021
19.4915 20.1867 0.248021
19.4915 20.1867 0.248021
19.4915 20.1867 0.248021
19.4915 20.1867 0.248021
20.0541 19.9902 0.248429
20.0541 19.9902 0.248429
20.0541 19.9902 0.248429
20.0541 19.9902 0.248429
20.0541 19.9902 0.248429
20.1125 19.9266 0.262529
20.1515 20.2788 0.247768
20.1515 20.2788 0.247768
20.1515 20.2788 0.247768
20.1515 20.2788 0.247768
20.1515 20.2788 0.247768
20.1515 20.2788 0.247768
20.0627 19.7744 0.24878
20.0627 19.7744 0.24878
20.0627 19.7744 0.24878
19.9201 19.6443 0.242488
20.4861 20.0728 0.245239
20.4861 20.0728 0.245239
20.4861 20.0728 0.245239
19.937 19.9469 0.255462
19.937 19.9469 0.255462
20.0024 19.7881 0.238094
20.0024 19.7881 0.238094
20.0024 19.7881 0.238094
20.0024 19.7881 0.238094
20.0024 19.7881 0.238094
20.0024 19.7881 0.238094
20.0024 19.7881 0.238094
20.0024 19.7881 0.238094
20.0024 19.7881 0.238094
20.2073 19.5692 0.2438
20.2073 19.5692 0.2438
20.2073 19.5692 0.2438
20.2073 19.5692 0.2438
19.4507 19.8987 0.238395
19.9166 20.0357 0.245354
19.9166 20.0357 0.245354
19.9166 20.0357 0.245354
19.9166 20.0357 0.245354
19.9166 20.0357 0.245354
19.9166 20.0357 0.245354
19.9166 20.0357 0.245354
19.9166 20.0357 0.245354
19.8579 20.7398 0.250371
19.8579 20.7398 0.250371
19.8579 20.7398 0.250371
12.5602 12.1762 0.312567
12.5602 12.1762 0.312567
12.5602 12.1762 0.312567
12.5602 12.1762 0.312567
12.5602 12.1762 0.312567
12.5602 12.1762 0.312567
12.5602 12.1762 0.312567
12.5602 12.1762 0.312567
12.5602 12.1762 0.312567
12.5602 12.1762 0.312567
12.5602 12.1762 0.312567
12.5602 12.1762 0.312567
12.5602 12.1762 0.312567
12.4378 12.4976 0.303659
12.4378 12.4976 0.303659
12.4378 12.4976 0.303659
12.4378 12.4976 0.303659
12.4378 12.4976 0.303659
12.4378 12.4976 0.303659
12.4378 12.4976 0.303659
12.4378 12.4976 0.303659
11.9836 12.0406 0.301042
11.9836 12.0406 0.301042
11.9836 12.0406 0.301042
11.9836 12.0406 0.301042
12.5564 12.7918 0.30033
12.6728 12.1309 0.309553
12.6728 12.1309 0.309553
12.6728 12.1309 0.309553
16.2745 16.5113 0.274334
15.9527 16.0949 0.266117
15.9527 16.0949 0.266117
21.1119 20.1437 0.254498
21.1119 20.1437 0.254498
21.1119 20.1437 0.254498
20.9773 21.3497 0.255858
20.9773 21.3497 0.255858
20.9773 21.3497 0.255858
20.9773 21.3497 0.255858
20.9773 21.3497 0.255858
20.9773 21.3497 0.255858
20.9773 21.3497 0.255858
20.9773 21.3497 0.255858
20.9773 21.3497 0.255858
20.4496 20.5719 0.283499
21.1676 20.4228 0.276107
21.1676 20.4228 0.276107
21.1676 20.4228 0.276107
21.1676 20.4228 0.276107
20.3254 20.5404 0.279594
20.3254 20.5404 0.279594
20.3254 20.5404 0.279594
20.3254 20.5404 0.279594
20.5336 20.6709 0.263882
20.5336 20.6709 0.263882
20.5336 20.6709 0.263882
20.2289 20.7284 0.283143
20.2289 20.7284 0.283143
20.8416 20.7466 0.283651
20.8416 20.7466 0.283651
20.8416 20.7466 0.283651
20.8416 20.7466 0.283651
20.8416 20.7466 0.283651
20.8416 20.7466 0.283651
20.8416 20.7466 0.283651
20.1512 20.734 0.2738
20.1512 20.734 0.2738
20.1512 20.734 0.2738
20.1512 20.734 0.2738
20.4294 20.6719 0.268283
20.4294 20.6719 0.268283
20.4294 20.6719 0.268283
20.4294 20.6719 0.268283
20.4294 20.6719 0.268283
20.4294 20.6719 0.268283
20.4294 20.6719 0.268283
20.4294 20.6719 0.268283
20.4294 20.6719 0.268283
20.4294 20.6719 0.268283
21.3643 20.0159 0.256196
21.3643 20.0159 0.256196
21.3643 20.0159 0.256196
21.3643 20.0159 0.256196
21.3643 20.0159 0.256196
21.3643 20.0159 0.256196
21.3643 20.0159 0.256196
21.3643 20.0159 0.256196
20.8717 20.532 0.260208
20.8717 20.532 0.260208
20.2502 20.2234 0.273593
20.2502 20.2234 0.273593
20.2502 20.2234 0.273593
20.2502 20.2234 0.273593
20.2502 20.2234 0.273593
20.2502 20.2234 0.273593
20.2502 20.2234 0.273593
20.3321 20.3891 0.273558
20.3321 20.3891 0.273558
20.3321 20.3891 0.273558
20.3321 20.3891 0.273558
20.3321 20.3891 0.273558
20.3321 20.3891 0.273558
20.3438 20.8207 0.271405
20.3438 20.8207 0.271405
20.3438 20.8207 0.271405
20.3438 20.8207 0.271405
20.3438 20.8207 0.271405
20.3438 20.8207 0.271405
20.2544 20.8016 0.265906
20.2544 20.8016 0.265906
20.2544 20.8016 0.265906
20.2544 20.8016 0.265906
20.2544 20.8016 0.265906
20.2544 20.8016 0.265906
20.629 21.1432 0.272487
20.7971 20.7912 0.276858
20.6179 20.7962 0.289465
20.6179 20.7962 0.289465
20.6179 20.7962 0.289465
19.2076 19.6367 0.296728
19.2076 19.6367 0.296728
19.2076 19.6367 0.296728
16.3693 16.6337 0.272684
16.3693 16.6337 0.272684
16.3389 16.2436 0.267343
16.3389 16.2436 0.267343
16.3389 16.2436 0.267343
15.8762 16.3309 0.273887
15.8762 16.3309 0.273887
