55.4707 55.6842 0.139604
26.4588 26.3875 0.24176
14.9372 15.478 0.295899
51.1282 51.465 0.144909
26.4694 26.3968 0.239085
26.4694 26.3968 0.239085
57.139 57.2748 0.136187
27.8771 27.9785 0.21889
29.8641 30.1664 0.220856
6.41059 6.44927 0.336636
66.7585 66.409 0.114319
66.2697 66.0806 0.114982
47.8832 48.22 0.159838
27.791 27.27 0.225368
18.298 17.9685 0.298419
16.4344 16.8535 0.281515
22.2132 21.7731 0.255546
14.9372 15.478 0.295899
52.0654 51.7004 0.127937
31.4178 30.7799 0.218725
38.0656 38.5522 0.180918
13.2839 13.3401 0.290723
22.3479 22.4181 0.262509
24.0514 24.0696 0.253401
55.5305 55.0294 0.14459
10.5339 11.1495 0.291346
41.8911 41.696 0.195617
24.0514 24.0696 0.253401
14.9555 14.2265 0.292377
43.6592 43.1333 0.166927
15.831 16.2275 0.283055
9.38676 9.21869 0.309483
16.3545 16.2819 0.298069
29.8641 30.1664 0.220856
16.4344 16.8535 0.281515
55.4707 55.6842 0.139604
44.9642 44.8868 0.165538
14.9555 14.2265 0.292377
30.6947 30.7218 0.218197
30.0577 29.3271 0.216039
53.7174 52.806 0.159456
9.877 9.52748 0.313101
7.76867 7.80736 0.344634
27.641 28.0375 0.242506
11.3271 11.9821 0.313649
15.831 16.2275 0.283055
48.3979 48.2087 0.159202
34.8305 35.2595 0.187659
14.0762 13.8435 0.277601
26.1693 26.5756 0.238898
55.9352 55.9022 0.121104
55.4707 55.6842 0.139604
47.9736 48.4045 0.178382
41.6085 42.0375 0.183734
6.63728 6.66439 0.29874
40.9001 41.2914 0.184149
14.7453 14.6678 0.281354
10.347 10.3249 0.309636
9.5903 10.0193 0.311043
27.8771 27.9785 0.21889
10.6001 10.8645 0.309277
32.7507 33.5131 0.205309
24.0654 23.9651 0.270039
14.0762 13.8435 0.277601
50.433 50.4857 0.166334
18.298 17.9685 0.298419
61.8299 61.4606 0.134521
27.641 28.0375 0.242506
23.631 23.794 0.277553
16.0587 15.7292 0.318592
16.5589 16.1939 0.25512
13.1717 13.1988 0.295595
6.26867 7.09974 0.304316
16.4344 16.8535 0.281515
62.1488 62.5402 0.122657
26.4588 26.3875 0.24176
6.41392 6.84292 0.31191
14.0762 13.8435 0.277601
26.4694 26.3968 0.239085
32.0726 31.5235 0.190663
43.5514 43.3563 0.188803
26.4694 26.3968 0.239085
6.41059 6.44927 0.336636
47.683 47.531 0.181975
24.9557 25.0914 0.247399
20.5183 20.1938 0.271574
26.704 27.0953 0.228099
57.2788 57.1268 0.1417
29.5055 28.8675 0.231992
20.5183 20.1938 0.271574
61.076 61.0941 0.122523
52.0472 52.0655 0.139043
61.5778 61.4231 0.103229
61.7846 61.6168 0.11133
14.9555 14.2265 0.292377
31.4839 31.8388 0.201705
58.5106 58.3514 0.173456
43.3624 43.1878 0.186984
63.8374 63.1083 0.135352
55.18 54.659 0.142629
17.3075 17.4568 0.282353
63.4001 63.5899 0.137748
63.4001 63.5899 0.137748
63.4001 63.5899 0.137748
63.4001 63.5899 0.137748
63.8693 63.7091 0.124033
63.1036 63.5083 0.130258
63.2144 63.3526 0.143125
63.2144 63.3526 0.143125
64.1881 62.9771 0.128461
64.1881 62.9771 0.128461
63.3386 63.4905 0.130917
63.8381 63.2532 0.124497
63.3467 63.4095 0.121067
63.3467 63.4095 0.121067
63.414 62.6986 0.125062
63.414 62.6986 0.125062
63.414 62.6986 0.125062
63.414 62.6986 0.125062
63.254 63.4816 0.130062
63.254 63.4816 0.130062
63.254 63.4816 0.130062
63.693 63.1177 0.125642
63.693 63.1177 0.125642
63.1962 63.2975 0.128756
63.1962 63.2975 0.128756
63.4179 63.4034 0.124188
63.4179 63.4034 0.124188
63.6716 63.4698 0.138674
63.6716 63.4698 0.138674
63.6716 63.4698 0.138674
63.6716 63.4698 0.138674
63.6716 63.4698 0.138674
63.6716 63.4698 0.138674
63.432 63.3525 0.132767
63.2315 63.7246 0.130193
63.3415 63.5471 0.11193
63.3415 63.5471 0.11193
63.3415 63.5471 0.11193
63.1343 63.922 0.132767
63.1343 63.922 0.132767
63.1343 63.922 0.132767
63.1343 63.922 0.132767
63.2451 62.8449 0.113067
63.2451 62.8449 0.113067
63.2451 62.8449 0.113067
63.5293 63.2531 0.127798
63.5293 63.2531 0.127798
63.5293 63.2531 0.127798
63.5293 63.2531 0.127798
63.5293 63.2531 0.127798
63.5264 64.0008 0.160309
63.3069 63.5106 0.128269
63.3643 63.2678 0.12211
63.9948 63.847 0.136394
63.9948 63.847 0.136394
64.1931 63.6793 0.0923178
64.1931 63.6793 0.0923178
64.1931 63.6793 0.0923178
64.1931 63.6793 0.0923178
63.2281 63.568 0.132124
63.2281 63.568 0.132124
63.6437 63.7627 0.108504
63.6437 63.7627 0.108504
63.6437 63.7627 0.108504
63.6437 63.7627 0.108504
63.6437 63.7627 0.108504
63.6437 63.7627 0.108504
63.6437 63.7627 0.108504
63.6437 63.7627 0.108504
63.7099 63.6701 0.131426
63.7099 63.6701 0.131426
63.7099 63.6701 0.131426
63.7099 63.6701 0.131426
63.7099 63.6701 0.131426
63.7099 63.6701 0.131426
63.7461 63.7315 0.107998
63.7461 63.7315 0.107998
63.1861 64.1462 0.126125
63.1861 64.1462 0.126125
63.1861 64.1462 0.126125
62.8579 63.2343 0.123157
63.9182 63.7077 0.120822
63.9182 63.7077 0.120822
63.9182 63.7077 0.120822
63.4694 63.4652 0.129563
63.6914 64.1348 0.126095
63.7466 63.257 0.132134
63.7466 63.257 0.132134
63.5733 63.2048 0.132086
63.5246 63.4944 0.112174
63.5246 63.4944 0.112174
63.5246 63.4944 0.112174
63.8237 63.4409 0.151287
63.8237 63.4409 0.151287
63.8237 63.4409 0.151287
63.6214 63.9636 0.126121
63.4338 63.5079 0.136642
63.9171 63.2968 0.124392
63.9171 63.2968 0.124392
6.42134 6.67014 -0.00375481
6.42134 6.67014 -0.00375481
6.42134 6.67014 -0.00375481
6.42134 6.67014 -0.00375481
6.42134 6.67014 -0.00375481
6.42134 6.67014 -0.00375481
6.42134 6.67014 -0.00375481
6.42134 6.67014 -0.00375481
6.42134 6.67014 -0.00375481
26.6125 25.7832 0.225033
26.6125 25.7832 0.225033
26.6125 25.7832 0.225033
26.2653 26.2719 0.213223
26.2653 26.2719 0.213223
26.2653 26.2719 0.213223
26.2653 26.2719 0.213223
26.2653 26.2719 0.213223
26.2653 26.2719 0.213223
26.2653 26.2719 0.213223
26.2653 26.2719 0.213223
26.1381 26.1791 0.199851
26.1381 26.1791 0.199851
26.1381 26.1791 0.199851
26.0875 26.6682 0.208331
26.0875 26.6682 0.208331
26.0875 26.6682 0.208331
26.0875 26.6682 0.208331
26.0875 26.6682 0.208331
26.4363 26.1982 0.217499
26.4363 26.1982 0.217499
26.4363 26.1982 0.217499
26.4363 26.1982 0.217499
26.4363 26.1982 0.217499
26.4363 26.1982 0.217499
25.8797 26.6403 0.223083
25.8797 26.6403 0.223083
25.8797 26.6403 0.223083
25.8797 26.6403 0.223083
25.8797 26.6403 0.223083
25.8797 26.6403 0.223083
25.8797 26.6403 0.223083
25.8797 26.6403 0.223083
25.8797 26.6403 0.223083
25.8797 26.6403 0.223083
25.8797 26.6403 0.223083
25.8797 26.6403 0.223083
25.8797 26.6403 0.223083
25.8797 26.6403 0.223083
25.8797 26.6403 0.223083
25.8797 26.6403 0.223083
25.8797 26.6403 0.223083
25.8797 26.6403 0.223083
25.8797 26.6403 0.223083
25.8797 26.6403 0.223083
25.8797 26.6403 0.223083
25.8797 26.6403 0.223083
26.2862 26.5982 0.221077
26.2862 26.5982 0.221077
26.2862 26.5982 0.221077
26.2862 26.5982 0.221077
26.2862 26.5982 0.221077
26.2862 26.5982 0.221077
26.2862 26.5982 0.221077
26.2862 26.5982 0.221077
26.2862 26.5982 0.221077
26.2862 26.5982 0.221077
26.2862 26.5982 0.221077
26.2862 26.5982 0.221077
26.2862 26.5982 0.221077
26.2862 26.5982 0.221077
26.2862 26.5982 0.221077
26.2862 26.5982 0.221077
26.2862 26.5982 0.221077
26.4555 26.2786 0.232881
26.4555 26.2786 0.232881
26.4555 26.2786 0.232881
26.4555 26.2786 0.232881
26.4555 26.2786 0.232881
26.4555 26.2786 0.232881
26.4555 26.2786 0.232881
26.4555 26.2786 0.232881
26.4555 26.2786 0.232881
26.4555 26.2786 0.232881
26.4555 26.2786 0.232881
26.4555 26.2786 0.232881
26.4555 26.2786 0.232881
26.4555 26.2786 0.232881
26.4555 26.2786 0.232881
26.4555 26.2786 0.232881
26.4555 26.2786 0.232881
26.4555 26.2786 0.232881
26.4555 26.2786 0.232881
26.4625 26.2243 0.234452
26.4625 26.2243 0.234452
26.4625 26.2243 0.234452
26.4625 26.2243 0.234452
26.4625 26.2243 0.234452
26.4625 26.2243 0.234452
26.4625 26.2243 0.234452
26.4625 26.2243 0.234452
