6.41141 5.80163 0.326401
8.78117 8.44332 0.333806
13.7543 12.7308 0.290113
9.16539 9.652 0.294968
15.7343 15.0963 0.295227
15.4497 15.3771 0.290848
13.4878 12.9388 0.296164
15.0194 14.9863 0.283881
10.1126 10.2139 0.294161
13.2839 13.3401 0.290723
9.84419 9.64871 0.329229
9.98836 9.22669 0.294127
10.4961 11.0369 0.316036
16.5924 16.3969 0.286921
5.89617 6.40547 0.314623
8.47849 8.40586 0.311079
14.0762 13.8435 0.277601
13.2568 12.9673 0.30254
8.10812 8.84108 0.344488
14.9555 14.2265 0.292377
8.10812 8.84108 0.344488
15.8208 16.3301 0.271449
12.921 13.4618 0.300609
13.0605 13.3249 0.289885
10.385 10.1523 0.301174
9.22828 9.25309 0.302213
9.84419 9.64871 0.329229
10.7201 10.7449 0.30848
10.385 10.1523 0.301174
9.22828 9.25309 0.302213
12.0514 12.448 0.312761
8.99875 8.80327 0.33306
12.921 13.4618 0.300609
12.8201 13.2115 0.301444
13.4354 13.6762 0.279291
11.8142 12.3041 0.329594
11.2885 11.4187 0.317347
12.8201 13.2115 0.301444
10.5475 9.76646 0.300236
10.0909 10.4673 0.30566
11.2885 11.4187 0.317347
9.5903 10.0193 0.311043
15.7018 16.4347 0.29835
7.86086 7.6541 0.315561
13.4878 12.9388 0.296164
7.7201 7.56812 0.329119
10.6064 9.69503 0.319983
8.29573 8.83653 0.324694
13.6923 13.3428 0.288881
12.8201 13.2115 0.301444
5.95039 6.71278 0.00192008
15.8894 16.4302 0.278556
10.0909 10.4673 0.30566
7.86086 7.6541 0.315561
8.99875 8.80327 0.33306
15.3167 15.1576 0.312477
17.4558 17.4071 0.273923
14.6695 15.0063 0.289435
5.95039 6.71278 0.00192008
10.385 10.1523 0.301174
14.6939 14.1928 0.27864
13.8767 13.9038 0.284692
6.41392 6.84292 0.31191
10.4728 10.266 0.299113
7.28648 7.68299 0.328781
9.16539 9.652 0.294968
6.63728 6.66439 0.29874
9.50206 9.59218 0.289929
8.21252 8.69956 0.305264
5.89617 6.40547 0.314623
8.04784 7.85237 0.332648
6.29217 6.34845 0.315809
12.6533 12.9902 0.294145
14.0085 13.8404 0.28942
9.5903 10.0193 0.311043
13.2916 13.5568 0.292483
12.5109 12.4621 0.302526
13.3629 12.4514 0.310199
11.6223 11.5449 0.301446
17.1969 16.7568 0.264339
14.0084 14.2219 0.274043
12.8201 13.2115 0.301444
9.47628 9.74146 0.316703
9.00312 8.8353 0.307807
14.9555 14.2265 0.292377
6.29217 6.34845 0.315809
9.75382 8.97282 0.30782
14.0457 13.954 0.291977
16.0454 16.4219 0.270937
12.1892 12.1085 0.316909
6.46883 6.48691 -0.00085994
11.3814 11.8685 0.305051
6.63728 6.66439 0.29874
10.4961 11.0369 0.316036
11.5746 11.6133 0.324316
6.29217 6.34845 0.315809
14.9843 14.6598 0.297693
11.3528 11.3776 0.301853
9.30085 9.4311 0.328802
9.39852 9.87457 0.312378
15.676 15.9496 0.281648
15.676 15.9496 0.281648
16.8734 16.1118 0.262914
16.2155 16.6217 0.289349
16.2155 16.6217 0.289349
16.2155 16.6217 0.289349
16.2155 16.6217 0.289349
16.2155 16.6217 0.289349
15.8208 16.3301 0.271449
16.0671 16.1685 0.259438
15.7197 16.5115 0.273537
15.7197 16.5115 0.273537
15.7197 16.5115 0.273537
15.7197 16.5115 0.273537
16.2063 16.1946 0.264163
16.2063 16.1946 0.264163
16.3352 16.3739 0.293463
16.3352 16.3739 0.293463
16.3352 16.3739 0.293463
16.3352 16.3739 0.293463
16.0353 16.5059 0.278625
16.0353 16.5059 0.278625
16.4562 15.9071 0.274112
16.4562 15.9071 0.274112
15.8701 16.0727 0.270536
16.3829 16.3055 0.270592
16.3829 16.3055 0.270592
16.2168 16.2731 0.272635
16.502 15.721 0.265513
15.7586 16.0741 0.275089
15.7586 16.0741 0.275089
16.0316 15.5915 0.263236
15.7715 16.6025 0.279118
16.3396 16.1068 0.266451
16.2082 15.7926 0.259556
16.2866 16.1346 0.277948
16.2866 16.1346 0.277948
16.4393 16.3191 0.276611
16.0491 16.1793 0.286494
16.1482 16.1152 0.262725
16.1482 16.1152 0.262725
16.2245 16.4897 0.274395
16.3683 16.6091 0.261203
16.5772 17.0081 0.274355
16.5772 17.0081 0.274355
16.2689 16.1098 0.295134
16.2232 16.8388 0.263474
16.2232 16.8388 0.263474
6.19899 6.93194 0.323548
6.19899 6.93194 0.323548
6.19899 6.93194 0.323548
6.19899 6.93194 0.323548
6.19899 6.93194 0.323548
6.19899 6.93194 0.323548
6.19899 6.93194 0.323548
6.19899 6.93194 0.323548
6.19899 6.93194 0.323548
6.19899 6.93194 0.323548
6.17317 6.44682 0.306846
10.3173 10.1492 0.312993
13.9308 13.4049 0.297704
13.9308 13.4049 0.297704
13.9308 13.4049 0.297704
13.9308 13.4049 0.297704
13.9308 13.4049 0.297704
13.9308 13.4049 0.297704
13.9308 13.4049 0.297704
13.9308 13.4049 0.297704
13.9308 13.4049 0.297704
13.5997 13.5284 0.294419
13.5997 13.5284 0.294419
13.1717 13.1988 0.295595
13.1717 13.1988 0.295595
13.1717 13.1988 0.295595
13.6248 12.8957 0.303668
13.6248 12.8957 0.303668
13.6248 12.8957 0.303668
13.6248 12.8957 0.303668
13.6248 12.8957 0.303668
13.6248 12.8957 0.303668
13.6248 12.8957 0.303668
13.6284 13.4606 0.283722
13.6284 13.4606 0.283722
13.6284 13.4606 0.283722
13.6284 13.4606 0.283722
13.6284 13.4606 0.283722
12.8627 13.2592 0.305107
12.8627 13.2592 0.305107
12.8627 13.2592 0.305107
12.8627 13.2592 0.305107
12.8627 13.2592 0.305107
12.8627 13.2592 0.305107
13.624 13.4286 0.308974
13.8948 13.2569 0.296123
13.145 13.1698 0.293053
13.145 13.1698 0.293053
13.459 13.2522 0.286442
13.459 13.2522 0.286442
13.1586 13.2112 0.292323
13.1586 13.2112 0.292323
10.6899 10.8104 0.313147
10.6899 10.8104 0.313147
10.3033 10.7927 0.286
10.3033 10.7927 0.286
10.3033 10.7927 0.286
10.3033 10.7927 0.286
10.3033 10.7927 0.286
10.3033 10.7927 0.286
10.3033 10.7927 0.286
11.0233 10.0368 0.311689
11.0233 10.0368 0.311689
11.0233 10.0368 0.311689
11.0233 10.0368 0.311689
11.0233 10.0368 0.311689
11.0233 10.0368 0.311689
10.6233 10.5333 0.304979
10.6233 10.5333 0.304979
10.6233 10.5333 0.304979
10.6233 10.5333 0.304979
10.6233 10.5333 0.304979
10.6233 10.5333 0.304979
10.8761 10.7032 0.293563
10.8761 10.7032 0.293563
10.8201 10.5977 0.285112
10.8201 10.5977 0.285112
10.1985 10.7839 0.296256
10.1985 10.7839 0.296256
10.1985 10.7839 0.296256
10.1985 10.7839 0.296256
10.1985 10.7839 0.296256
10.1985 10.7839 0.296256
10.1985 10.7839 0.296256
10.1985 10.7839 0.296256
10.5948 10.9541 0.282111
10.6731 10.9888 0.277296
10.6731 10.9888 0.277296
10.6731 10.9888 0.277296
10.6731 10.9888 0.277296
10.6731 10.9888 0.277296
10.6731 10.9888 0.277296
10.093 10.9946 0.29913
10.093 10.9946 0.29913
10.093 10.9946 0.29913
10.093 10.9946 0.29913
10.4771 10.1234 0.289059
10.4771 10.1234 0.289059
10.4771 10.1234 0.289059
10.4771 10.1234 0.289059
10.8202 10.562 0.309041
10.8202 10.562 0.309041
10.8202 10.562 0.309041
10.8202 10.562 0.309041
10.8202 10.562 0.309041
10.8202 10.562 0.309041
10.8202 10.562 0.309041
10.8202 10.562 0.309041
9.92411 10.5183 0.299096
11.2792 10.4754 0.313963
10.9939 10.5494 0.322035
10.6352 11.1792 0.298042
10.6352 11.1792 0.298042
10.6352 11.1792 0.298042
10.6352 11.1792 0.298042
11.1459 10.1455 0.312908
11.1459 10.1455 0.312908
11.1459 10.1455 0.312908
11.1459 10.1455 0.312908
11.1459 10.1455 0.312908
11.1459 10.1455 0.312908
10.2641 10.5456 0.299057
11.0734 10.8819 0.281839
11.0734 10.8819 0.281839
10.8875 10.5538 0.297323
10.6539 10.4584 0.296425
10.6539 10.4584 0.296425
10.4051 10.0901 0.298294
10.7118 10.565 0.299359
10.7118 10.565 0.299359
10.3955 10.1961 0.299901
10.3955 10.1961 0.299901
10.3955 10.1961 0.299901
10.3105 10.2921 0.279503
10.3105 10.2921 0.279503
10.2939 10.7767 0.292796
10.6206 10.8488 0.297491
10.6206 10.8488 0.297491
10.9341 10.3308 0.302988
10.9341 10.3308 0.302988
10.9341 10.3308 0.302988
10.9341 10.3308 0.302988
10.9341 10.3308 0.302988
10.9341 10.3308 0.302988
10.9341 10.3308 0.302988
10.9341 10.3308 0.302988
10.9341 10.3308 0.302988
10.9341 10.3308 0.302988
10.5745 10.8405 0.320197
10.5745 10.8405 0.320197
11.206 10.5832 0.278946
11.206 10.5832 0.278946
11.206 10.5832 0.278946
11.206 10.5832 0.278946
10.3775 10.6614 0.292792
10.6963 10.2121 0.302024
10.6963 10.2121 0.302024
10.5711 10.9264 0.304017
10.5711 10.9264 0.304017
10.0016 10.2742 0.296753
10.3859 10.9282 0.303436
10.6585 10.9951 0.309984
10.6585 10.9951 0.309984
10.6585 10.9951 0.309984
10.6585 10.9951 0.309984
10.6585 10.9951 0.309984
10.6585 10.9951 0.309984
10.6585 10.9951 0.309984
10.3855 10.244 0.307255
10.3855 10.244 0.307255
10.3855 10.244 0.307255
10.3855 10.244 0.307255
10.3855 10.244 0.307255
10.3855 10.244 0.307255
10.3855 10.244 0.307255
10.3855 10.244 0.307255
10.3855 10.244 0.307255
10.6527 10.8433 0.295846
10.6527 10.8433 0.295846
10.6527 10.8433 0.295846
10.6527 10.8433 0.295846
10.6527 10.8433 0.295846
10.9022 10.4684 0.303246
10.9022 10.4684 0.303246
10.9022 10.4684 0.303246
10.0677 10.6978 0.286437
10.0677 10.6978 0.286437
10.0677 10.6978 0.286437
11.1038 10.5346 0.29541
11.1038 10.5346 0.29541
11.1038 10.5346 0.29541
10.9424 10.5172 0.300937
10.9424 10.5172 0.300937
10.5335 10.5177 0.318505
10.5335 10.5177 0.318505
10.5335 10.5177 0.318505
10.5335 10.5177 0.318505
10.5335 10.5177 0.318505
10.1174 10.4368 0.305432
10.1174 10.4368 0.305432
10.6569 10.6787 0.300139
10.5499 10.4903 0.296721
10.5499 10.4903 0.296721
10.5499 10.4903 0.296721
10.5499 10.4903 0.296721
10.5499 10.4903 0.296721
10.5499 10.4903 0.296721
10.5499 10.4903 0.296721
10.5499 10.4903 0.296721
10.5499 10.4903 0.296721
10.5458 10.5219 0.273742
10.5458 10.5219 0.273742
10.5458 10.5219 0.273742
10.5458 10.5219 0.273742
10.5458 10.5219 0.273742
10.5458 10.5219 0.273742
10.5458 10.5219 0.273742
10.5458 10.5219 0.273742
10.5198 10.1642 0.298993
10.5198 10.1642 0.298993
10.5316 10.969 0.318342
10.5316 10.969 0.318342
10.5316 10.969 0.318342
10.5316 10.969 0.318342
10.1922 10.4927 0.311791
10.1922 10.4927 0.311791
10.4784 10.6023 0.304998
10.4784 10.6023 0.304998
10.4784 10.6023 0.304998
10.4784 10.6023 0.304998
10.4784 10.6023 0.304998
10.4784 10.6023 0.304998
10.4784 10.6023 0.304998
10.4784 10.6023 0.304998
10.4784 10.6023 0.304998
10.4784 10.6023 0.304998
10.4784 10.6023 0.304998
10.4784 10.6023 0.304998
10.4784 10.6023 0.304998
10.4784 10.6023 0.304998
10.4914 10.5271 0.325716
10.4914 10.5271 0.325716
10.4914 10.5271 0.325716
10.4914 10.5271 0.325716
10.4914 10.5271 0.325716
10.4914 10.5271 0.325716
10.4914 10.5271 0.325716
10.4914 10.5271 0.325716
10.4914 10.5271 0.325716
10.4914 10.5271 0.325716
10.4914 10.5271 0.325716
10.4914 10.5271 0.325716
10.4914 10.5271 0.325716
10.4914 10.5271 0.325716
10.3351 10.4019 0.307862
10.3351 10.4019 0.307862
10.3351 10.4019 0.307862
10.4127 10.5355 0.314944
10.4127 10.5355 0.314944
10.4127 10.5355 0.314944
10.4127 10.5355 0.314944
10.3169 10.9779 0.299467
10.5653 10.4615 0.310621
10.5653 10.4615 0.310621
10.5653 10.4615 0.310621
10.5653 10.4615 0.310621
10.5653 10.4615 0.310621
10.5653 10.4615 0.310621
10.5653 10.4615 0.310621
10.5653 10.4615 0.310621
10.5653 10.4615 0.310621
10.5653 10.4615 0.310621
10.5653 10.4615 0.310621
10.5653 10.4615 0.310621
10.5653 10.4615 0.310621
10.5653 10.4615 0.310621
10.5653 10.4615 0.310621
10.5653 10.4615 0.310621
10.5653 10.4615 0.310621
10.5653 10.4615 0.310621
10.7286 10.4436 0.315201
10.7286 10.4436 0.315201
10.7286 10.4436 0.315201
10.7286 10.4436 0.315201
10.7286 10.4436 0.315201
10.7286 10.4436 0.315201
10.7286 10.4436 0.315201
10.7286 10.4436 0.315201
10.7286 10.4436 0.315201
10.7286 10.4436 0.315201
10.7076 10.5124 0.308664
10.7076 10.5124 0.308664
10.7076 10.5124 0.308664
10.7076 10.5124 0.308664
10.7076 10.5124 0.308664
10.7076 10.5124 0.308664
10.7076 10.5124 0.308664
10.4172 10.7597 0.280619
9.91239 11.0404 0.304717
10.77 10.671 0.29713
10.77 10.671 0.29713
10.77 10.671 0.29713
10.77 10.671 0.29713
10.77 10.671 0.29713
10.77 10.671 0.29713
10.7475 10.4826 0.317106
10.7475 10.4826 0.317106
10.7475 10.4826 0.317106
10.7475 10.4826 0.317106
10.7475 10.4826 0.317106
10.7475 10.4826 0.317106
10.5713 10.5064 0.294738
10.5713 10.5064 0.294738
10.5713 10.5064 0.294738
10.5713 10.5064 0.294738
10.5713 10.5064 0.294738
10.5713 10.5064 0.294738
10.607 10.3856 0.284033
10.607 10.3856 0.284033
10.607 10.3856 0.284033
10.607 10.3856 0.284033
10.607 10.3856 0.284033
10.607 10.3856 0.284033
10.607 10.3856 0.284033
10.2975 10.2981 0.310042
10.76 10.1361 0.308194
10.76 10.1361 0.308194
10.3338 9.997 0.311978
10.3338 9.997 0.311978
10.6504 10.4039 0.326667
10.6504 10.4039 0.326667
10.6504 10.4039 0.326667
10.6504 10.4039 0.326667
10.6504 10.4039 0.326667
10.7354 10.8862 0.28016
10.7354 10.8862 0.28016
10.7354 10.8862 0.28016
10.7354 10.8862 0.28016
10.1772 11.0675 0.287652
10.1772 11.0675 0.287652
10.4355 10.3343 0.305959
10.4355 10.3343 0.305959
10.4355 10.3343 0.305959
10.6346 10.8612 0.31063
10.6346 10.8612 0.31063
10.6346 10.8612 0.31063
10.6346 10.8612 0.31063
10.038 10.6737 0.294683
10.4305 10.4627 0.297779
10.4305 10.4627 0.297779
10.4305 10.4627 0.297779
10.4305 10.4627 0.297779
11.0002 10.8735 0.297985
11.0002 10.8735 0.297985
11.0002 10.8735 0.297985
11.0002 10.8735 0.297985
11.0002 10.8735 0.297985
11.0002 10.8735 0.297985
11.0002 10.8735 0.297985
11.0002 10.8735 0.297985
11.0002 10.8735 0.297985
11.0002 10.8735 0.297985
11.0002 10.8735 0.297985
11.0002 10.8735 0.297985
10.5655 10.7889 0.309571
10.5655 10.7889 0.309571
10.5655 10.7889 0.309571
10.5655 10.7889 0.309571
10.4133 10.2116 0.307219
10.4133 10.2116 0.307219
10.4133 10.2116 0.307219
10.4133 10.2116 0.307219
10.4133 10.2116 0.307219
9.98168 10.783 0.29796
9.98168 10.783 0.29796
9.98168 10.783 0.29796
9.98168 10.783 0.29796
10.8134 10.5792 0.309718
10.5303 10.1901 0.298543
10.2563 10.3017 0.315934
11.0641 10.5606 0.303338
11.0641 10.5606 0.303338
11.0641 10.5606 0.303338
11.0641 10.5606 0.303338
11.0641 10.5606 0.303338
11.0641 10.5606 0.303338
11.0641 10.5606 0.303338
10.4874 10.395 0.300781
10.9753 10.6221 0.293054
10.9753 10.6221 0.293054
10.217 10.1451 0.296339
10.217 10.1451 0.296339
10.217 10.1451 0.296339
10.217 10.1451 0.296339
10.217 10.1451 0.296339
10.217 10.1451 0.296339
9.98472 10.7244 0.302805
9.98472 10.7244 0.302805
9.98472 10.7244 0.302805
9.98472 10.7244 0.302805
9.98472 10.7244 0.302805
9.98472 10.7244 0.302805
9.98472 10.7244 0.302805
9.98472 10.7244 0.302805
9.98472 10.7244 0.302805
10.7305 10.4784 0.28492
10.2198 10.8302 0.31216
10.2198 10.8302 0.31216
10.2198 10.8302 0.31216
10.2198 10.8302 0.31216
10.2198 10.8302 0.31216
10.3852 10.2959 0.305065
10.3852 10.2959 0.305065
10.7493 10.9662 0.304182
10.7493 10.9662 0.304182
10.7493 10.9662 0.304182
10.3484 10.3425 0.307283
10.3484 10.3425 0.307283
10.3484 10.3425 0.307283
10.3484 10.3425 0.307283
10.3484 10.3425 0.307283
10.5705 10.3909 0.280366
10.5705 10.3909 0.280366
10.5705 10.3909 0.280366
10.5705 10.3909 0.280366
10.5705 10.3909 0.280366
10.5705 10.3909 0.280366
10.5705 10.3909 0.280366
10.5705 10.3909 0.280366
10.4932 9.95756 0.288896
10.4932 9.95756 0.288896
10.4932 9.95756 0.288896
10.4932 9.95756 0.288896
10.4932 9.95756 0.288896
10.4932 9.95756 0.288896
10.4932 9.95756 0.288896
10.477 10.9168 0.314
10.477 10.9168 0.314
10.477 10.9168 0.314
10.477 10.9168 0.314
10.477 10.9168 0.314
10.477 10.9168 0.314
10.477 10.9168 0.314
10.1342 10.385 0.307782
10.1364 10.6526 0.295208
10.1364 10.6526 0.295208
10.7528 10.6959 0.30907
10.7528 10.6959 0.30907
10.7932 10.6807 0.310699
10.7932 10.6807 0.310699
10.7932 10.6807 0.310699
10.4528 10.9169 0.3123
10.4528 10.9169 0.3123
10.4528 10.9169 0.3123
10.4528 10.9169 0.3123
10.461 10.9249 0.321922
10.2743 9.97023 0.305256
10.2743 9.97023 0.305256
10.2743 9.97023 0.305256
10.2743 9.97023 0.305256
10.2743 9.97023 0.305256
10.2743 9.97023 0.305256
10.2743 9.97023 0.305256
10.2743 9.97023 0.305256
10.2743 9.97023 0.305256
10.2743 9.97023 0.305256
10.2743 9.97023 0.305256
10.2743 9.97023 0.305256
10.2743 9.97023 0.305256
10.2743 9.97023 0.305256
10.4321 10.8835 0.30637
10.4321 10.8835 0.30637
10.4321 10.8835 0.30637
10.4321 10.8835 0.30637
10.315 10.3022 0.300606
10.2575 10.1695 0.306645
10.3195 10.4534 0.285419
10.3195 10.4534 0.285419
10.3195 10.4534 0.285419
10.9995 10.9418 0.296956
10.9333 10.829 0.303534
10.9333 10.829 0.303534
10.9333 10.829 0.303534
10.9333 10.829 0.303534
10.6683 10.1752 0.298256
10.3489 10.5248 0.319908
10.1684 10.6631 0.295857
10.1684 10.6631 0.295857
10.2796 10.3609 0.310555
10.2796 10.3609 0.310555
10.8886 10.9664 0.287277
10.8886 10.9664 0.287277
10.8886 10.9664 0.287277
10.8886 10.9664 0.287277
9.87819 10.9635 0.300563
9.87819 10.9635 0.300563
9.87819 10.9635 0.300563
9.87819 10.9635 0.300563
9.87819 10.9635 0.300563
9.87819 10.9635 0.300563
9.87819 10.9635 0.300563
9.97073 10.4849 0.315542
9.97073 10.4849 0.315542
9.97073 10.4849 0.315542
9.97073 10.4849 0.315542
9.97073 10.4849 0.315542
10.6759 10.5152 0.293561
10.6759 10.5152 0.293561
10.7077 10.5308 0.295526
10.7077 10.5308 0.295526
10.7077 10.5308 0.295526
10.7077 10.5308 0.295526
10.7077 10.5308 0.295526
10.7077 10.5308 0.295526
9.82754 10.8547 0.311752
9.82754 10.8547 0.311752
9.82754 10.8547 0.311752
9.82754 10.8547 0.311752
10.1074 10.4816 0.29931
10.1074 10.4816 0.29931
10.1074 10.4816 0.29931
10.1074 10.4816 0.29931
10.1074 10.4816 0.29931
10.1074 10.4816 0.29931
10.1074 10.4816 0.29931
10.1074 10.4816 0.29931
10.3254 10.7239 0.296914
10.3254 10.7239 0.296914
10.3254 10.7239 0.296914
10.3254 10.7239 0.296914
10.3254 10.7239 0.296914
10.0975 10.6465 0.294679
11.1137 10.7007 0.282693
11.1137 10.7007 0.282693
11.1137 10.7007 0.282693
11.1137 10.7007 0.282693
11.1137 10.7007 0.282693
11.1137 10.7007 0.282693
11.1137 10.7007 0.282693
11.1137 10.7007 0.282693
10.4599 10.8406 0.313941
10.4599 10.8406 0.313941
10.4599 10.8406 0.313941
10.4599 10.8406 0.313941
10.4599 10.8406 0.313941
10.4599 10.8406 0.313941
10.4599 10.8406 0.313941
10.4599 10.8406 0.313941
10.4599 10.8406 0.313941
10.2865 10.6206 0.287449
10.2865 10.6206 0.287449
10.2865 10.6206 0.287449
10.7225 10.5192 0.319845
10.7225 10.5192 0.319845
10.3782 10.4792 0.303526
10.3782 10.4792 0.303526
10.3782 10.4792 0.303526
10.3782 10.4792 0.303526
10.3782 10.4792 0.303526
10.3782 10.4792 0.303526
10.6035 10.3878 0.300391
10.6035 10.3878 0.300391
9.6199 10.3674 0.295716
9.6199 10.3674 0.295716
9.6199 10.3674 0.295716
9.6199 10.3674 0.295716
9.6199 10.3674 0.295716
9.6199 10.3674 0.295716
9.6199 10.3674 0.295716
9.6199 10.3674 0.295716
10.0992 10.4128 0.291584
10.0992 10.4128 0.291584
10.0992 10.4128 0.291584
10.0992 10.4128 0.291584
10.5996 10.2703 0.309988
10.5996 10.2703 0.309988
10.2427 10.125 0.305904
10.075 10.9953 0.328706
10.075 10.9953 0.328706
10.075 10.9953 0.328706
10.075 10.9953 0.328706
10.075 10.9953 0.328706
11.0773 10.3739 0.306357
11.0773 10.3739 0.306357
11.0773 10.3739 0.306357
11.0773 10.3739 0.306357
11.0773 10.3739 0.306357
10.1894 10.7311 0.290857
10.1894 10.7311 0.290857
10.6066 10.2536 0.285527
10.6066 10.2536 0.285527
10.7223 10.428 0.315344
10.7223 10.428 0.315344
10.7223 10.428 0.315344
10.7223 10.428 0.315344
10.7223 10.428 0.315344
10.7223 10.428 0.315344
10.7223 10.428 0.315344
10.7223 10.428 0.315344
10.7223 10.428 0.315344
10.7223 10.428 0.315344
10.7223 10.428 0.315344
10.7223 10.428 0.315344
10.2535 10.1378 0.31032
10.2535 10.1378 0.31032
10.2535 10.1378 0.31032
10.7146 10.4215 0.282781
10.7146 10.4215 0.282781
10.7146 10.4215 0.282781
10.7146 10.4215 0.282781
11.0257 10.6954 0.299826
11.0257 10.6954 0.299826
10.5576 10.78 0.313071
10.5576 10.78 0.313071
10.5576 10.78 0.313071
10.5576 10.78 0.313071
10.5576 10.78 0.313071
10.5576 10.78 0.313071
10.5576 10.78 0.313071
10.6831 10.8528 0.295462
10.6831 10.8528 0.295462
10.6831 10.8528 0.295462
10.452 10.5706 0.304367
10.452 10.5706 0.304367
10.452 10.5706 0.304367
10.452 10.5706 0.304367
10.452 10.5706 0.304367
9.78569 11.0498 0.293535
9.78569 11.0498 0.293535
9.78569 11.0498 0.293535
9.78569 11.0498 0.293535
9.78569 11.0498 0.293535
9.78569 11.0498 0.293535
10.9148 10.4382 0.308048
10.9148 10.4382 0.308048
10.681 10.5255 0.304531
10.681 10.5255 0.304531
10.681 10.5255 0.304531
10.681 10.5255 0.304531
10.681 10.5255 0.304531
10.681 10.5255 0.304531
10.681 10.5255 0.304531
10.9154 11.0306 0.304638
10.9154 11.0306 0.304638
10.9154 11.0306 0.304638
10.9154 11.0306 0.304638
10.5451 10.1078 0.292479
10.5451 10.1078 0.292479
10.5451 10.1078 0.292479
10.5451 10.1078 0.292479
10.5451 10.1078 0.292479
10.4562 11.1363 0.327327
10.4562 11.1363 0.327327
10.4562 11.1363 0.327327
10.8758 10.6793 0.307334
10.8758 10.6793 0.307334
10.6805 10.235 0.296534
10.5041 11.0065 0.307739
10.5041 11.0065 0.307739
10.5041 11.0065 0.307739
10.5041 11.0065 0.307739
10.5041 11.0065 0.307739
10.5041 11.0065 0.307739
10.6413 10.9083 0.303597
10.6413 10.9083 0.303597
10.6413 10.9083 0.303597
10.6413 10.9083 0.303597
10.6413 10.9083 0.303597
10.6413 10.9083 0.303597
10.6413 10.9083 0.303597
10.4083 10.6656 0.281816
10.4083 10.6656 0.281816
10.4083 10.6656 0.281816
10.4083 10.6656 0.281816
10.8729 10.672 0.289991
10.8729 10.672 0.289991
10.8729 10.672 0.289991
10.6778 10.5669 0.315654
10.6778 10.5669 0.315654
10.6778 10.5669 0.315654
10.6442 10.664 0.306987
10.6442 10.664 0.306987
10.6442 10.664 0.306987
10.6442 10.664 0.306987
10.6442 10.664 0.306987
10.6442 10.664 0.306987
10.6442 10.664 0.306987
10.6442 10.664 0.306987
10.6442 10.664 0.306987
10.6442 10.664 0.306987
10.6442 10.664 0.306987
10.6442 10.664 0.306987
10.3559 10.5409 0.295828
10.3559 10.5409 0.295828
10.5287 10.3031 0.307407
10.5287 10.3031 0.307407
10.5287 10.3031 0.307407
10.5287 10.3031 0.307407
10.5881 10.6922 0.296179
10.5881 10.6922 0.296179
10.6619 10.4557 0.306202
10.6619 10.4557 0.306202
10.6619 10.4557 0.306202
10.6619 10.4557 0.306202
10.5498 10.6201 0.308184
10.5498 10.6201 0.308184
10.5498 10.6201 0.308184
10.5953 10.3769 0.305946
10.0113 10.5089 0.309924
10.0113 10.5089 0.309924
10.0113 10.5089 0.309924
10.3577 10.9167 0.312063
10.3577 10.9167 0.312063
10.6965 10.225 0.317061
10.6965 10.225 0.317061
10.5931 10.7392 0.306192
10.5931 10.7392 0.306192
10.5931 10.7392 0.306192
10.5931 10.7392 0.306192
10.5931 10.7392 0.306192
10.5931 10.7392 0.306192
10.5931 10.7392 0.306192
10.7295 10.6674 0.298495
10.7295 10.6674 0.298495
10.7295 10.6674 0.298495
10.7295 10.6674 0.298495
10.7295 10.6674 0.298495
10.7295 10.6674 0.298495
10.7295 10.6674 0.298495
10.7295 10.6674 0.298495
10.7 10.7905 0.312974
10.7 10.7905 0.312974
10.7704 10.9791 0.288891
10.7704 10.9791 0.288891
10.7704 10.9791 0.288891
10.7704 10.9791 0.288891
10.7704 10.9791 0.288891
10.7704 10.9791 0.288891
10.7704 10.9791 0.288891
10.6772 10.2149 0.313919
10.6772 10.2149 0.313919
10.6772 10.2149 0.313919
10.6772 10.2149 0.313919
10.6772 10.2149 0.313919
10.5448 10.0727 0.311232
10.5448 10.0727 0.311232
10.5448 10.0727 0.311232
10.5448 10.0727 0.311232
10.5448 10.0727 0.311232
11.1866 10.4369 0.302811
11.1866 10.4369 0.302811
11.1866 10.4369 0.302811
11.1866 10.4369 0.302811
10.7623 10.4583 0.306436
10.7623 10.4583 0.306436
10.7623 10.4583 0.306436
10.7623 10.4583 0.306436
10.7623 10.4583 0.306436
10.7623 10.4583 0.306436
10.8436 10.5209 0.293196
11.1926 10.8004 0.285451
10.4945 10.7819 0.302206
10.4945 10.7819 0.302206
10.4945 10.7819 0.302206
10.4945 10.7819 0.302206
10.4945 10.7819 0.302206
10.4945 10.7819 0.302206
10.4945 10.7819 0.302206
10.4528 11.2165 0.298128
10.4528 11.2165 0.298128
10.4528 11.2165 0.298128
10.4528 11.2165 0.298128
10.4528 11.2165 0.298128
10.4528 11.2165 0.298128
10.4528 11.2165 0.298128
10.4528 11.2165 0.298128
10.4528 11.2165 0.298128
10.4528 11.2165 0.298128
10.4528 11.2165 0.298128
10.4528 11.2165 0.298128
10.4528 11.2165 0.298128
10.4528 11.2165 0.298128
10.9984 10.9779 0.296006
10.9984 10.9779 0.296006
10.9984 10.9779 0.296006
10.9984 10.9779 0.296006
10.5644 10.0735 0.300558
10.5644 10.0735 0.300558
10.0733 10.5928 0.283782
10.0733 10.5928 0.283782
10.9518 10.4481 0.287978
10.8353 10.5615 0.317936
10.8353 10.5615 0.317936
10.7539 10.8929 0.312313
10.7539 10.8929 0.312313
10.7539 10.8929 0.312313
10.7539 10.8929 0.312313
10.7539 10.8929 0.312313
10.7539 10.8929 0.312313
10.7539 10.8929 0.312313
10.7539 10.8929 0.312313
10.1075 10.3076 0.307818
10.1075 10.3076 0.307818
10.1075 10.3076 0.307818
10.2458 10.7722 0.305653
10.2458 10.7722 0.305653
10.2458 10.7722 0.305653
10.2458 10.7722 0.305653
10.2458 10.7722 0.305653
10.7548 10.4613 0.289887
10.7548 10.4613 0.289887
10.7548 10.4613 0.289887
10.6702 10.8181 0.311498
10.6702 10.8181 0.311498
10.8243 10.1485 0.315601
10.7388 10.337 0.3102
10.7388 10.337 0.3102
10.7388 10.337 0.3102
10.7388 10.337 0.3102
10.7388 10.337 0.3102
10.9469 10.6949 0.294205
10.9469 10.6949 0.294205
10.2566 10.6426 0.295146
10.6525 10.3116 0.303715
10.6525 10.3116 0.303715
10.6525 10.3116 0.303715
10.6525 10.3116 0.303715
10.6525 10.3116 0.303715
10.6525 10.3116 0.303715
10.6871 10.3831 0.290203
10.6871 10.3831 0.290203
10.6871 10.3831 0.290203
10.6871 10.3831 0.290203
10.7322 11.1436 0.293609
10.7322 11.1436 0.293609
10.5866 10.2488 0.29752
10.5866 10.2488 0.29752
10.5866 10.2488 0.29752
10.5866 10.2488 0.29752
10.5866 10.2488 0.29752
10.5866 10.2488 0.29752
10.5866 10.2488 0.29752
10.5866 10.2488 0.29752
9.5457 9.43257 0.318123
9.5457 9.43257 0.318123
9.5457 9.43257 0.318123
9.5457 9.43257 0.318123
8.77552 9.15021 0.306876
8.77552 9.15021 0.306876
8.77552 9.15021 0.306876
9.3627 9.46548 0.296873
9.3627 9.46548 0.296873
9.3627 9.46548 0.296873
9.5516 9.56183 0.314114
9.5516 9.56183 0.314114
9.5516 9.56183 0.314114
9.5516 9.56183 0.314114
9.5516 9.56183 0.314114
9.5516 9.56183 0.314114
10.0624 9.30024 0.300209
10.0624 9.30024 0.300209
10.0624 9.30024 0.300209
10.0624 9.30024 0.300209
9.98806 9.70503 0.313173
9.98806 9.70503 0.313173
9.98806 9.70503 0.313173
9.98806 9.70503 0.313173
9.06708 9.43753 0.29922
9.06708 9.43753 0.29922
9.06708 9.43753 0.29922
9.56806 9.2387 0.308342
9.56806 9.2387 0.308342
9.56806 9.2387 0.308342
9.56806 9.2387 0.308342
9.56806 9.2387 0.308342
9.56806 9.2387 0.308342
9.56806 9.2387 0.308342
9.56806 9.2387 0.308342
9.56273 9.97507 0.304924
8.91715 9.52034 0.2979
8.91715 9.52034 0.2979
8.91715 9.52034 0.2979
8.91715 9.52034 0.2979
8.91715 9.52034 0.2979
9.24589 9.44641 0.31095
9.24589 9.44641 0.31095
9.24589 9.44641 0.31095
9.36901 9.31836 0.287601
9.36901 9.31836 0.287601
9.36901 9.31836 0.287601
9.36901 9.31836 0.287601
9.36901 9.31836 0.287601
9.36901 9.31836 0.287601
9.36901 9.31836 0.287601
9.36901 9.31836 0.287601
9.36901 9.31836 0.287601
9.36901 9.31836 0.287601
9.36901 9.31836 0.287601
9.36901 9.31836 0.287601
8.96891 9.08306 0.304687
9.78196 9.29222 0.311853
9.78196 9.29222 0.311853
9.78196 9.29222 0.311853
9.34661 9.29015 0.296221
9.34661 9.29015 0.296221
9.34661 9.29015 0.296221
9.34661 9.29015 0.296221
9.34661 9.29015 0.296221
9.34661 9.29015 0.296221
9.34661 9.29015 0.296221
9.34661 9.29015 0.296221
9.34661 9.29015 0.296221
9.34661 9.29015 0.296221
9.34661 9.29015 0.296221
9.34661 9.29015 0.296221
9.3226 9.51337 0.309838
9.3226 9.51337 0.309838
9.3226 9.51337 0.309838
9.3226 9.51337 0.309838
9.3226 9.51337 0.309838
9.3226 9.51337 0.309838
9.3226 9.51337 0.309838
9.3226 9.51337 0.309838
9.3226 9.51337 0.309838
9.3226 9.51337 0.309838
9.3226 9.51337 0.309838
9.3226 9.51337 0.309838
9.11428 9.50111 0.30354
9.11428 9.50111 0.30354
9.11428 9.50111 0.30354
8.43196 8.70138 0.332231
8.43196 8.70138 0.332231
8.43196 8.70138 0.332231
8.43196 8.70138 0.332231
8.43196 8.70138 0.332231
8.64735 8.80978 0.31194
8.64735 8.80978 0.31194
8.64735 8.80978 0.31194
8.64735 8.80978 0.31194
8.64735 8.80978 0.31194
8.64735 8.80978 0.31194
8.64735 8.80978 0.31194
8.64735 8.80978 0.31194
8.64735 8.80978 0.31194
8.64735 8.80978 0.31194
8.64735 8.80978 0.31194
8.61822 8.56488 0.313098
8.61822 8.56488 0.313098
8.61822 8.56488 0.313098
8.61822 8.56488 0.313098
8.61822 8.56488 0.313098
8.61822 8.56488 0.313098
8.61822 8.56488 0.313098
8.61822 8.56488 0.313098
8.61822 8.56488 0.313098
8.61822 8.56488 0.313098
8.61822 8.56488 0.313098
8.61822 8.56488 0.313098
8.61822 8.56488 0.313098
8.61822 8.56488 0.313098
8.61822 8.56488 0.313098
8.81696 9.10512 0.304672
8.72058 8.95254 0.336955
8.72058 8.95254 0.336955
9.35572 8.73127 0.308434
9.35572 8.73127 0.308434
9.35572 8.73127 0.308434
9.35572 8.73127 0.308434
9.35572 8.73127 0.308434
9.35572 8.73127 0.308434
8.64492 9.14492 0.342374
8.64492 9.14492 0.342374
8.64492 9.14492 0.342374
8.64492 9.14492 0.342374
8.64492 9.14492 0.342374
8.64492 9.14492 0.342374
8.64492 9.14492 0.342374
8.48279 8.77826 0.312086
8.48279 8.77826 0.312086
8.48279 8.77826 0.312086
8.48279 8.77826 0.312086
8.48279 8.77826 0.312086
8.81099 8.73649 0.322922
8.81099 8.73649 0.322922
8.81099 8.73649 0.322922
8.81099 8.73649 0.322922
8.81099 8.73649 0.322922
8.81099 8.73649 0.322922
8.81099 8.73649 0.322922
8.81099 8.73649 0.322922
8.72156 9.06631 0.313244
8.36591 8.39318 0.327614
8.36591 8.39318 0.327614
8.36591 8.39318 0.327614
8.40283 8.76268 0.301452
8.40283 8.76268 0.301452
8.40283 8.76268 0.301452
8.40283 8.76268 0.301452
8.40283 8.76268 0.301452
8.40283 8.76268 0.301452
8.40283 8.76268 0.301452
8.40283 8.76268 0.301452
8.40283 8.76268 0.301452
8.40283 8.76268 0.301452
8.40283 8.76268 0.301452
8.23406 8.81449 0.3128
8.23406 8.81449 0.3128
8.66302 8.37025 0.315487
8.66302 8.37025 0.315487
8.66302 8.37025 0.315487
8.66302 8.37025 0.315487
8.66302 8.37025 0.315487
8.66302 8.37025 0.315487
8.66302 8.37025 0.315487
8.66302 8.37025 0.315487
8.66302 8.37025 0.315487
8.66302 8.37025 0.315487
8.57649 7.99941 0.334616
8.57649 7.99941 0.334616
8.7469 8.51162 0.32587
8.7469 8.51162 0.32587
8.6053 8.85197 0.311118
8.6053 8.85197 0.311118
8.6053 8.85197 0.311118
8.6053 8.85197 0.311118
8.6053 8.85197 0.311118
8.6053 8.85197 0.311118
8.6053 8.85197 0.311118
8.6053 8.85197 0.311118
8.6053 8.85197 0.311118
8.6053 8.85197 0.311118
8.6053 8.85197 0.311118
8.86351 8.87256 0.321769
8.86351 8.87256 0.321769
8.86351 8.87256 0.321769
8.86351 8.87256 0.321769
8.86351 8.87256 0.321769
8.86351 8.87256 0.321769
8.86351 8.87256 0.321769
8.86351 8.87256 0.321769
8.86351 8.87256 0.321769
8.86351 8.87256 0.321769
8.86351 8.87256 0.321769
8.86351 8.87256 0.321769
8.77736 8.57556 0.320423
8.35597 8.57743 0.322322
8.35597 8.57743 0.322322
8.32064 8.59676 0.313571
8.32064 8.59676 0.313571
8.70965 9.02255 0.31155
8.72515 8.14746 0.318369
8.72515 8.14746 0.318369
13.1981 12.9809 0.287231
13.1981 12.9809 0.287231
13.3408 13.3568 0.287196
12.8242 13.9058 0.296778
12.8242 13.9058 0.296778
13.392 13.0547 0.295662
13.392 13.0547 0.295662
13.392 13.0547 0.295662
13.392 13.0547 0.295662
13.392 13.0547 0.295662
13.392 13.0547 0.295662
13.392 13.0547 0.295662
13.392 13.0547 0.295662
13.1432 13.0866 0.297432
13.1432 13.0866 0.297432
13.1432 13.0866 0.297432
13.1432 13.0866 0.297432
13.1432 13.0866 0.297432
13.1432 13.0866 0.297432
13.1432 13.0866 0.297432
13.1432 13.0866 0.297432
13.4487 13.538 0.301351
13.4487 13.538 0.301351
13.4487 13.538 0.301351
13.4487 13.538 0.301351
13.4487 13.538 0.301351
13.4487 13.538 0.301351
13.18 13.1394 0.286515
13.18 13.1394 0.286515
13.5572 13.31 0.29611
13.5572 13.31 0.29611
13.5572 13.31 0.29611
13.5572 13.31 0.29611
12.431 13.1574 0.290204
12.431 13.1574 0.290204
12.8234 13.3758 0.302524
12.8234 13.3758 0.302524
12.6497 12.5832 0.313576
12.6497 12.5832 0.313576
11.7759 11.3212 0.30983
11.7759 11.3212 0.30983
11.7759 11.3212 0.30983
11.7759 11.3212 0.30983
11.7759 11.3212 0.30983
11.7759 11.3212 0.30983
11.7759 11.3212 0.30983
11.7759 11.3212 0.30983
11.7759 11.3212 0.30983
11.2316 11.7449 0.307983
11.2316 11.7449 0.307983
11.2316 11.7449 0.307983
11.2316 11.7449 0.307983
11.2316 11.7449 0.307983
11.6053 11.0517 0.306897
17.0391 16.9373 0.277972
17.4116 17.2286 0.274774
17.5445 17.0677 0.288915
16.8375 16.7135 0.282312
16.8375 16.7135 0.282312
17.4084 17.3502 0.270288
17.5935 17.0987 0.279716
17.3429 17.4511 0.296537
17.533 17.1254 0.296435
17.533 17.1254 0.296435
17.6017 17.328 0.26731
17.6017 17.328 0.26731
17.2697 17.4275 0.269411
17.2697 17.4275 0.269411
17.6 16.9377 0.264251
17.3208 18.192 0.26664
17.3191 17.201 0.268585
17.3191 17.201 0.268585
17.4298 17.4383 0.275097
17.4357 17.6286 0.280024
17.4357 17.6286 0.280024
17.6702 17.5178 0.270236
17.6702 17.5178 0.270236
17.2446 17.8219 0.259903
17.816 17.268 0.28132
17.4163 17.182 0.270648
17.5332 17.5047 0.246008
17.8711 18.0399 0.259824
17.8711 18.0399 0.259824
17.2768 17.6995 0.26154
17.2768 17.6995 0.26154
17.3138 16.9348 0.262104
17.4178 17.3185 0.292815
17.4178 17.3185 0.292815
17.3078 17.3297 0.259657
18.1015 17.2147 0.248794
18.1015 17.2147 0.248794
17.1037 16.9153 0.278014
17.0381 17.1902 0.284468
17.544 17.7084 0.282686
17.544 17.7084 0.282686
17.4234 17.5871 0.266589
17.4234 17.5871 0.266589
17.4234 17.5871 0.266589
17.7577 17.8032 0.277194
17.7577 17.8032 0.277194
12.7899 12.0418 0.296869
12.7899 12.0418 0.296869
12.7899 12.0418 0.296869
12.7899 12.0418 0.296869
12.7899 12.0418 0.296869
12.7899 12.0418 0.296869
13.0589 12.5509 0.321405
13.0589 12.5509 0.321405
12.8436 12.5224 0.314585
12.8436 12.5224 0.314585
12.6974 12.4329 0.308943
12.6974 12.4329 0.308943
12.6974 12.4329 0.308943
12.6974 12.4329 0.308943
12.6974 12.4329 0.308943
12.6974 12.4329 0.308943
12.6974 12.4329 0.308943
12.2511 12.1378 0.316679
12.8887 11.8061 0.309142
12.8887 11.8061 0.309142
12.8887 11.8061 0.309142
12.0679 12.602 0.297051
12.0679 12.602 0.297051
12.0679 12.602 0.297051
12.0679 12.602 0.297051
12.0679 12.602 0.297051
12.7001 12.7582 0.292301
12.7001 12.7582 0.292301
12.7001 12.7582 0.292301
12.7001 12.7582 0.292301
12.1643 12.6748 0.299171
12.1643 12.6748 0.299171
12.5602 12.1762 0.312567
12.5602 12.1762 0.312567
12.5602 12.1762 0.312567
12.5602 12.1762 0.312567
12.5602 12.1762 0.312567
12.5602 12.1762 0.312567
12.5602 12.1762 0.312567
12.5602 12.1762 0.312567
12.5602 12.1762 0.312567
11.9845 13.1499 0.315347
11.9845 13.1499 0.315347
11.9845 13.1499 0.315347
12.0739 11.9402 0.308631
12.0739 11.9402 0.308631
12.0739 11.9402 0.308631
12.171 12.9231 0.301101
12.6015 11.9576 0.319003
11.9433 12.7711 0.31088
12.4378 12.4976 0.303659
12.4378 12.4976 0.303659
12.4378 12.4976 0.303659
12.4378 12.4976 0.303659
12.4378 12.4976 0.303659
12.4378 12.4976 0.303659
12.4378 12.4976 0.303659
12.4378 12.4976 0.303659
12.4378 12.4976 0.303659
12.2684 12.8037 0.30866
11.9836 12.0406 0.301042
11.9836 12.0406 0.301042
11.9836 12.0406 0.301042
11.9836 12.0406 0.301042
12.5564 12.7918 0.30033
12.5564 12.7918 0.30033
12.5564 12.7918 0.30033
12.5564 12.7918 0.30033
12.5564 12.7918 0.30033
12.6728 12.1309 0.309553
12.6728 12.1309 0.309553
12.9724 12.7039 0.310201
13.1344 12.3645 0.316986
13.1344 12.3645 0.316986
13.1344 12.3645 0.316986
12.8384 12.6762 0.302164
12.8384 12.6762 0.302164
12.8384 12.6762 0.302164
12.8384 12.6762 0.302164
14.4434 14.7729 0.29386
14.4434 14.7729 0.29386
14.4434 14.7729 0.29386
14.4434 14.7729 0.29386
14.3433 15.0875 0.281081
14.3433 15.0875 0.281081
14.4823 14.6537 0.276907
14.4823 14.6537 0.276907
14.4823 14.6537 0.276907
14.4823 14.6537 0.276907
14.9345 15.1049 0.27981
14.9939 14.6354 0.285044
14.9939 14.6354 0.285044
14.9939 14.6354 0.285044
14.9939 14.6354 0.285044
14.8251 15.1601 0.282603
14.8251 15.1601 0.282603
14.8251 15.1601 0.282603
14.8251 15.1601 0.282603
15.0612 14.4638 0.277508
15.0612 14.4638 0.277508
16.1932 15.9738 0.310732
16.1932 15.9738 0.310732
15.9962 16.0169 0.304539
15.9962 16.0169 0.304539
16.0418 16.2689 0.298759
16.0418 16.2689 0.298759
16.0418 16.2689 0.298759
16.0787 16.2505 0.283037
16.3556 15.8868 0.291181
16.3606 16.5073 0.294067
15.9635 16.0626 0.293769
16.1081 15.4604 0.327176
16.1081 15.4604 0.327176
16.1081 15.4604 0.327176
15.9048 15.8124 0.290293
16.2804 15.8329 0.303785
16.0178 16.6541 0.291017
16.0178 16.6541 0.291017
16.2281 16.5086 0.312926
16.0334 16.3006 0.2915
16.0334 16.3006 0.2915
16.0334 16.3006 0.2915
15.7699 15.6718 0.305238
15.6367 15.6503 0.286805
15.6367 15.6503 0.286805
15.6367 15.6503 0.286805
15.9708 15.9838 0.299962
16.3133 15.9002 0.309445
16.3133 15.9002 0.309445
16.3133 15.9002 0.309445
16.3133 15.9002 0.309445
16.3133 15.9002 0.309445
16.3381 16.2468 0.292079
16.3381 16.2468 0.292079
16.3381 16.2468 0.292079
16.2094 16.0126 0.300184
16.1594 16.1168 0.293574
16.1168 15.5291 0.312656
16.1168 15.5291 0.312656
16.2084 16.0622 0.296337
16.3292 15.9929 0.294815
16.3292 15.9929 0.294815
16.5091 16.3374 0.306774
16.4289 15.9632 0.30249
16.4289 15.9632 0.30249
16.4289 15.9632 0.30249
15.3347 15.9167 0.289292
16.3952 16.3169 0.306371
16.3952 16.3169 0.306371
16.3952 16.3169 0.306371
16.3952 16.3169 0.306371
16.3952 16.3169 0.306371
15.7475 16.5002 0.302021
15.7475 16.5002 0.302021
15.7475 16.5002 0.302021
15.8877 16.6724 0.285107
15.8877 16.6724 0.285107
16.1618 15.8718 0.301388
16.1618 15.8718 0.301388
16.1618 15.8718 0.301388
15.6514 16.0637 0.283555
16.3873 15.9478 0.273921
15.9377 15.882 0.308633
16.2429 15.5131 0.29262
15.9012 15.8786 0.307123
15.9012 15.8786 0.307123
15.6891 16.2815 0.304572
15.6891 16.2815 0.304572
15.8207 16.1902 0.289353
16.2857 15.7913 0.309819
16.3426 16.0855 0.307003
16.3426 16.0855 0.307003
16.528 16.202 0.304153
15.9423 15.6637 0.306092
15.9423 15.6637 0.306092
15.9423 15.6637 0.306092
15.9423 15.6637 0.306092
15.7098 16.3882 0.317981
16.1146 15.4011 0.312066
16.1146 15.4011 0.312066
16.1146 15.4011 0.312066
12.6579 11.929 0.306576
12.6579 11.929 0.306576
12.5305 12.0346 0.313339
12.3828 12.3016 0.324084
12.4444 11.9977 0.313055
12.5717 12.2033 0.28553
12.5717 12.2033 0.28553
12.5717 12.2033 0.28553
12.5717 12.2033 0.28553
12.5717 12.2033 0.28553
12.5717 12.2033 0.28553
12.5717 12.2033 0.28553
12.2635 12.355 0.296473
12.2635 12.355 0.296473
12.9079 12.4941 0.304286
12.9079 12.4941 0.304286
12.9079 12.4941 0.304286
12.9079 12.4941 0.304286
12.9079 12.4941 0.304286
