14.0762 13.8435 0.277601
77.201 77.2397 0.123554
47.9736 48.4045 0.178382
62.9814 62.7863 0.123885
18.298 17.9685 0.298419
26.4694 26.3968 0.239085
74.2639 74.7539 0.1178
15.8888 15.7885 0.324489
16.5589 16.1939 0.25512
58.355 58.3798 0.149322
18.8795 19.3555 0.261025
15.8208 16.3301 0.271449
18.298 17.9685 0.298419
77.0826 77.1389 0.102726
16.111 16.1497 0.32184
68.6572 68.4617 0.136666
22.4534 22.2854 0.27058
63.599 62.8684 0.130623
24.0514 24.0696 0.253401
52.0378 52.8689 0.153841
9.22828 9.25309 0.302213
17.4042 17.8942 0.284772
71.8291 71.796 0.105311
32.584 32.4279 0.187846
24.0514 24.0696 0.253401
78.7638 78.5892 0.109904
20.5183 20.1938 0.271574
67.5796 68.0556 0.121047
29.8641 30.1664 0.220856
19.4282 19.2573 0.256317
63.3571 63.2569 0.149847
55.4707 55.6842 0.139604
14.0762 13.8435 0.277601
27.8771 27.9785 0.21889
66.1824 66.3126 0.13002
76.9214 77.5201 0.100368
7.76867 7.80736 0.344634
19.4282 19.2573 0.256317
65.5289 64.7983 0.112927
44.3698 44.7611 0.174337
10.3561 10.7326 0.298809
36.701 36.6893 0.183929
18.8795 19.3555 0.261025
49.7962 49.5064 0.166098
56.1618 55.8239 0.146047
25.9579 26.0593 0.228832
72.0123 71.5112 0.110465
63.5131 63.354 0.14887
75.83 76.1323 0.101597
50.8006 49.7109 0.183161
15.8208 16.3301 0.271449
44.3698 44.7611 0.174337
61.4567 61.2976 0.144794
37.4607 36.6797 0.201738
66.4238 66.375 0.116346
58.4028 58.7052 0.160026
30.6947 30.7218 0.218197
37.4607 36.6797 0.201738
26.4694 26.3968 0.239085
15.8208 16.3301 0.271449
6.41059 6.44927 0.336636
30.6947 30.7218 0.218197
26.704 27.0953 0.228099
43.6592 43.1333 0.166927
30.6947 30.7218 0.218197
10.1126 10.2139 0.294161
22.683 22.7532 0.264134
11.8814 11.5121 0.315714
74.6461 74.451 0.114751
22.4534 22.2854 0.27058
44.6577 44.5851 0.170055
6.26297 5.93353 0.0169025
37.4607 36.6797 0.201738
46.703 46.1539 0.173539
20.5414 20.3523 0.266493
61.4505 60.8125 0.124142
48.6163 47.8857 0.164633
44.3698 44.7611 0.174337
76.904 77.1374 0.104238
20.5183 20.1938 0.271574
17.4042 17.8942 0.284772
78.6407 78.549 0.11193
58.8384 58.6706 0.139991
63.599 62.8684 0.130623
14.6298 14.9667 0.282827
19.4282 19.2573 0.256317
26.704 27.0953 0.228099
34.8305 35.2595 0.187659
36.6415 37.1175 0.189836
10.347 10.3249 0.309636
17.4042 17.8942 0.284772
30.6947 30.7218 0.218197
18.298 17.9685 0.298419
41.5678 41.0187 0.178869
13.8834 14.3594 0.28122
23.631 23.794 0.277553
14.0762 13.8435 0.277601
16.5589 16.1939 0.25512
66.4238 66.375 0.116346
61.4505 60.8125 0.124142
20.4861 20.0728 0.245239
20.4861 20.0728 0.245239
20.4861 20.0728 0.245239
20.4861 20.0728 0.245239
19.937 19.9469 0.255462
19.937 19.9469 0.255462
19.937 19.9469 0.255462
19.937 19.9469 0.255462
19.937 19.9469 0.255462
19.937 19.9469 0.255462
19.937 19.9469 0.255462
12.5602 12.1762 0.312567
12.5602 12.1762 0.312567
12.5602 12.1762 0.312567
12.5602 12.1762 0.312567
12.5602 12.1762 0.312567
12.5602 12.1762 0.312567
12.5602 12.1762 0.312567
12.5602 12.1762 0.312567
12.5602 12.1762 0.312567
12.5602 12.1762 0.312567
12.5602 12.1762 0.312567
12.5602 12.1762 0.312567
12.5602 12.1762 0.312567
12.5602 12.1762 0.312567
12.5602 12.1762 0.312567
12.5602 12.1762 0.312567
12.5602 12.1762 0.312567
12.5602 12.1762 0.312567
12.5602 12.1762 0.312567
12.5602 12.1762 0.312567
12.5602 12.1762 0.312567
12.5602 12.1762 0.312567
12.5602 12.1762 0.312567
12.5602 12.1762 0.312567
12.5602 12.1762 0.312567
12.5602 12.1762 0.312567
12.5602 12.1762 0.312567
12.5602 12.1762 0.312567
12.5602 12.1762 0.312567
12.5602 12.1762 0.312567
12.5602 12.1762 0.312567
12.5602 12.1762 0.312567
12.5602 12.1762 0.312567
12.5602 12.1762 0.312567
12.5602 12.1762 0.312567
12.5602 12.1762 0.312567
12.5602 12.1762 0.312567
12.5602 12.1762 0.312567
12.5602 12.1762 0.312567
12.5602 12.1762 0.312567
12.5602 12.1762 0.312567
12.9724 12.7039 0.310201
12.9724 12.7039 0.310201
12.9724 12.7039 0.310201
12.9724 12.7039 0.310201
12.9724 12.7039 0.310201
12.9724 12.7039 0.310201
12.9724 12.7039 0.310201
12.9724 12.7039 0.310201
12.9724 12.7039 0.310201
12.9724 12.7039 0.310201
12.9724 12.7039 0.310201
12.9724 12.7039 0.310201
12.9724 12.7039 0.310201
12.9724 12.7039 0.310201
12.9724 12.7039 0.310201
12.9724 12.7039 0.310201
12.9724 12.7039 0.310201
12.9724 12.7039 0.310201
12.8384 12.6762 0.302164
12.8384 12.6762 0.302164
12.8384 12.6762 0.302164
12.8384 12.6762 0.302164
12.8384 12.6762 0.302164
12.8384 12.6762 0.302164
12.8384 12.6762 0.302164
12.8384 12.6762 0.302164
12.8384 12.6762 0.302164
12.8384 12.6762 0.302164
12.8384 12.6762 0.302164
12.8384 12.6762 0.302164
12.8384 12.6762 0.302164
12.8384 12.6762 0.302164
12.8384 12.6762 0.302164
12.8384 12.6762 0.302164
12.8384 12.6762 0.302164
12.8384 12.6762 0.302164
12.8384 12.6762 0.302164
12.8384 12.6762 0.302164
14.9939 14.6354 0.285044
14.9939 14.6354 0.285044
14.9939 14.6354 0.285044
14.9939 14.6354 0.285044
14.9939 14.6354 0.285044
14.9939 14.6354 0.285044
14.9939 14.6354 0.285044
14.9939 14.6354 0.285044
14.9939 14.6354 0.285044
14.9939 14.6354 0.285044
6.13258 6.52913 0.291919
6.13258 6.52913 0.291919
6.13258 6.52913 0.291919
6.13258 6.52913 0.291919
6.13258 6.52913 0.291919
6.13258 6.52913 0.291919
6.13258 6.52913 0.291919
6.13258 6.52913 0.291919
6.13258 6.52913 0.291919
6.13258 6.52913 0.291919
6.13258 6.52913 0.291919
6.13258 6.52913 0.291919
6.13258 6.52913 0.291919
6.13258 6.52913 0.291919
6.13258 6.52913 0.291919
6.13258 6.52913 0.291919
6.13258 6.52913 0.291919
5.86417 6.64234 0.29832
5.86417 6.64234 0.29832
5.86417 6.64234 0.29832
5.86417 6.64234 0.29832
5.86417 6.64234 0.29832
5.86417 6.64234 0.29832
5.86417 6.64234 0.29832
5.86417 6.64234 0.29832
5.86417 6.64234 0.29832
5.86417 6.64234 0.29832
5.86417 6.64234 0.29832
5.86417 6.64234 0.29832
5.86417 6.64234 0.29832
5.86417 6.64234 0.29832
5.86417 6.64234 0.29832
5.86417 6.64234 0.29832
5.86417 6.64234 0.29832
5.86417 6.64234 0.29832
5.86417 6.64234 0.29832
5.86417 6.64234 0.29832
5.86417 6.64234 0.29832
5.86417 6.64234 0.29832
5.86417 6.64234 0.29832
5.86417 6.64234 0.29832
5.86417 6.64234 0.29832
5.86417 6.64234 0.29832
5.86417 6.64234 0.29832
5.86417 6.64234 0.29832
5.86417 6.64234 0.29832
5.86417 6.64234 0.29832
5.86417 6.64234 0.29832
5.86417 6.64234 0.29832
5.86417 6.64234 0.29832
5.86417 6.64234 0.29832
5.86417 6.64234 0.29832
5.86417 6.64234 0.29832
5.86417 6.64234 0.29832
5.86417 6.64234 0.29832
5.86417 6.64234 0.29832
5.86417 6.64234 0.29832
5.86417 6.64234 0.29832
5.86417 6.64234 0.29832
5.86417 6.64234 0.29832
5.86417 6.64234 0.29832
6.45554 6.00909 0.3169
13.4188 13.5186 0.310817
13.4188 13.5186 0.310817
13.4188 13.5186 0.310817
13.4188 13.5186 0.310817
13.4188 13.5186 0.310817
13.4188 13.5186 0.310817
13.4188 13.5186 0.310817
13.4188 13.5186 0.310817
13.4188 13.5186 0.310817
13.4188 13.5186 0.310817
13.4188 13.5186 0.310817
13.4188 13.5186 0.310817
13.4188 13.5186 0.310817
13.4188 13.5186 0.310817
13.4188 13.5186 0.310817
13.4188 13.5186 0.310817
13.4188 13.5186 0.310817
13.4188 13.5186 0.310817
13.4188 13.5186 0.310817
13.4188 13.5186 0.310817
13.4188 13.5186 0.310817
13.4188 13.5186 0.310817
13.4188 13.5186 0.310817
13.6045 12.9097 0.304546
13.6045 12.9097 0.304546
43.1674 43.0975 0.188356
43.1674 43.0975 0.188356
43.1674 43.0975 0.188356
43.1674 43.0975 0.188356
43.1674 43.0975 0.188356
43.1674 43.0975 0.188356
43.1674 43.0975 0.188356
43.1674 43.0975 0.188356
43.1674 43.0975 0.188356
43.1674 43.0975 0.188356
43.1674 43.0975 0.188356
43.1674 43.0975 0.188356
43.1674 43.0975 0.188356
