18.298 17.9685 0.298419
46.5828 45.973 0.182654
47.9736 48.4045 0.178382
54.1089 53.0853 0.13937
18.298 17.9685 0.298419
26.1601 26.1484 0.213712
22.683 22.7532 0.264134
19.3748 19.0055 0.275815
34.8305 35.2595 0.187659
28.1848 27.847 0.247119
23.3807 23.5833 0.257712
60.9763 61.3677 0.129052
26.1693 26.5756 0.238898
25.9579 26.0593 0.228832
50.433 50.4857 0.166334
43.096 42.4862 0.174503
9.22828 9.25309 0.302213
11.9919 12.8229 0.308825
31.4178 30.7799 0.218725
43.3624 43.1878 0.186984
32.584 32.4279 0.187846
10.3561 10.7326 0.298809
16.5589 16.1939 0.25512
14.0762 13.8435 0.277601
44.6577 44.5851 0.170055
14.0762 13.8435 0.277601
48.3979 48.2087 0.159202
43.6592 43.1333 0.166927
50.0946 50.4859 0.175455
11.9919 12.8229 0.308825
6.12699 6.26278 -0.00087697
9.22828 9.25309 0.302213
18.8795 19.3555 0.261025
10.5339 11.1495 0.291346
26.1693 26.5756 0.238898
48.5975 47.9877 0.170973
15.831 16.2275 0.283055
14.6298 14.9667 0.282827
58.2732 57.8331 0.141558
37.7348 38.5266 0.1907
9.22828 9.25309 0.302213
10.6001 10.8645 0.309277
11.3271 11.9821 0.313649
31.9179 31.8959 0.191465
43.3624 43.1878 0.186984
44.6577 44.5851 0.170055
45.4445 44.8065 0.169016
12.8201 13.2115 0.301444
39.585 39.7876 0.170549
48.4769 48.8832 0.177095
28.3441 29.077 0.256271
27.0556 27.0827 0.222249
28.9251 28.5957 0.248136
26.1813 26.1325 0.242214
10.4728 10.266 0.299113
25.4012 25.2057 0.261885
44.3509 44.1828 0.178634
45.4445 44.8065 0.169016
18.298 17.9685 0.298419
32.9867 32.975 0.19424
14.9372 15.478 0.295899
26.4694 26.3968 0.239085
26.704 27.0953 0.228099
17.4042 17.8942 0.284772
58.4584 58.5147 0.150957
6.26297 5.93353 0.0169025
64.2505 64.2388 0.119309
19.3748 19.0055 0.275815
52.0378 52.8689 0.153841
63.2795 63.7501 0.132361
19.4282 19.2573 0.256317
15.2874 15.567 0.284193
14.0762 13.8435 0.277601
16.4344 16.8535 0.281515
39.2625 39.2138 0.168559
20.8324 20.6257 0.259427
27.641 28.0375 0.242506
10.9446 10.4187 0.310374
35.3951 35.8818 0.191582
64.4716 64.2648 0.119536
37.2678 37.176 0.217052
41.6085 42.0375 0.183734
22.9475 22.7795 0.264937
58.3088 58.4102 0.137761
39.2625 39.2138 0.168559
36.6415 37.1175 0.189836
22.683 22.7532 0.264134
39.585 39.7876 0.170549
57.139 57.2748 0.136187
44.9642 44.8868 0.165538
42.436 42.7096 0.172924
61.4969 61.4051 0.130488
20.9975 20.802 0.281958
22.4205 22.9105 0.275979
52.0654 51.7004 0.127937
52.0836 52.5145 0.147172
43.0996 42.8668 0.157726
18.298 17.9685 0.298419
17.4042 17.8942 0.284772
11.9624 12.0525 0.304642
62.8701 62.2708 0.112287
62.0007 62.8795 0.109913
62.0007 62.8795 0.109913
62.0007 62.8795 0.109913
62.0007 62.8795 0.109913
63.0645 62.5676 0.122411
63.0645 62.5676 0.122411
63.0645 62.5676 0.122411
63.0645 62.5676 0.122411
63.0645 62.5676 0.122411
62.9556 62.2481 0.135166
62.1666 62.6077 0.0938706
62.6205 62.2 0.11984
62.6205 62.2 0.11984
62.6205 62.2 0.11984
62.1922 62.3485 0.121731
62.7115 62.5385 0.0986847
62.495 62.7843 0.110643
62.6311 62.1571 0.129596
62.0309 62.3469 0.113708
62.0309 62.3469 0.113708
62.0309 62.3469 0.113708
62.4436 62.5952 0.101559
62.2428 62.4256 0.128042
62.2428 62.4256 0.128042
62.2428 62.4256 0.128042
62.2428 62.4256 0.128042
62.5373 62.6348 0.116833
62.6245 62.3479 0.122031
18.4705 18.3523 0.286602
18.4705 18.3523 0.286602
18.4705 18.3523 0.286602
18.4705 18.3523 0.286602
18.4705 18.3523 0.286602
18.4705 18.3523 0.286602
41.2733 41.4349 0.188707
41.2733 41.4349 0.188707
41.2733 41.4349 0.188707
41.2733 41.4349 0.188707
41.2733 41.4349 0.188707
41.2733 41.4349 0.188707
41.2733 41.4349 0.188707
41.2733 41.4349 0.188707
41.2733 41.4349 0.188707
41.2733 41.4349 0.188707
41.2733 41.4349 0.188707
41.2733 41.4349 0.188707
41.2733 41.4349 0.188707
41.2733 41.4349 0.188707
41.2733 41.4349 0.188707
41.2733 41.4349 0.188707
41.2733 41.4349 0.188707
41.2733 41.4349 0.188707
46.588 46.217 0.169554
46.588 46.217 0.169554
46.588 46.217 0.169554
46.588 46.217 0.169554
46.2231 46.8257 0.171979
46.2231 46.8257 0.171979
46.2231 46.8257 0.171979
46.2231 46.8257 0.171979
46.2231 46.8257 0.171979
46.2231 46.8257 0.171979
46.2231 46.8257 0.171979
46.3557 47.0616 0.195295
46.3557 47.0616 0.195295
45.9764 46.2054 0.159721
45.9764 46.2054 0.159721
45.9832 46.4358 0.182921
46.5397 46.351 0.168319
46.5397 46.351 0.168319
46.3829 46.893 0.169067
46.3829 46.893 0.169067
46.3829 46.893 0.169067
46.3829 46.893 0.169067
46.3829 46.893 0.169067
46.3829 46.893 0.169067
46.3829 46.893 0.169067
46.3829 46.893 0.169067
46.3829 46.893 0.169067
46.2904 46.061 0.167889
46.2904 46.061 0.167889
46.2904 46.061 0.167889
46.2904 46.061 0.167889
46.2904 46.061 0.167889
46.6869 46.5301 0.17356
46.6869 46.5301 0.17356
46.6869 46.5301 0.17356
46.6869 46.5301 0.17356
46.6869 46.5301 0.17356
46.6869 46.5301 0.17356
46.6869 46.5301 0.17356
46.6869 46.5301 0.17356
46.6869 46.5301 0.17356
46.8413 46.2763 0.174336
46.8413 46.2763 0.174336
46.8413 46.2763 0.174336
46.3989 46.5556 0.195701
46.3989 46.5556 0.195701
46.3989 46.5556 0.195701
50.6724 50.2918 0.18294
50.6724 50.2918 0.18294
50.6724 50.2918 0.18294
50.6724 50.2918 0.18294
50.6724 50.2918 0.18294
50.6724 50.2918 0.18294
50.5912 50.4318 0.171493
50.5912 50.4318 0.171493
50.5912 50.4318 0.171493
50.583 50.3 0.169861
50.583 50.3 0.169861
50.583 50.3 0.169861
50.583 50.3 0.169861
50.8676 50.3128 0.169534
50.8676 50.3128 0.169534
50.8676 50.3128 0.169534
50.8676 50.3128 0.169534
43.0529 43.3173 0.172153
43.0529 43.3173 0.172153
43.0529 43.3173 0.172153
43.0529 43.3173 0.172153
43.0529 43.3173 0.172153
43.0529 43.3173 0.172153
43.3736 43.6589 0.183397
43.3736 43.6589 0.183397
43.3736 43.6589 0.183397
43.3736 43.6589 0.183397
13.4188 13.5186 0.310817
13.4188 13.5186 0.310817
13.4188 13.5186 0.310817
13.4188 13.5186 0.310817
13.4188 13.5186 0.310817
13.4188 13.5186 0.310817
13.4188 13.5186 0.310817
13.4188 13.5186 0.310817
13.5131 13.7909 0.293063
13.5131 13.7909 0.293063
13.5131 13.7909 0.293063
13.014 13.2265 0.296083
13.014 13.2265 0.296083
13.3419 13.5294 0.290597
13.3419 13.5294 0.290597
13.3419 13.5294 0.290597
13.3419 13.5294 0.290597
13.3419 13.5294 0.290597
13.3419 13.5294 0.290597
13.3419 13.5294 0.290597
13.3419 13.5294 0.290597
13.3419 13.5294 0.290597
13.3419 13.5294 0.290597
13.3419 13.5294 0.290597
13.3419 13.5294 0.290597
13.3419 13.5294 0.290597
13.3419 13.5294 0.290597
13.3419 13.5294 0.290597
13.3419 13.5294 0.290597
13.3419 13.5294 0.290597
13.3419 13.5294 0.290597
13.3419 13.5294 0.290597
13.3419 13.5294 0.290597
13.3419 13.5294 0.290597
13.3419 13.5294 0.290597
13.3419 13.5294 0.290597
13.3419 13.5294 0.290597
13.5463 13.1839 0.293575
13.5463 13.1839 0.293575
13.5463 13.1839 0.293575
13.6045 12.9097 0.304546
13.6045 12.9097 0.304546
13.6045 12.9097 0.304546
13.6045 12.9097 0.304546
13.6045 12.9097 0.304546
13.6045 12.9097 0.304546
13.6045 12.9097 0.304546
13.6045 12.9097 0.304546
13.6045 12.9097 0.304546
13.6045 12.9097 0.304546
13.6045 12.9097 0.304546
13.6045 12.9097 0.304546
13.6045 12.9097 0.304546
13.6045 12.9097 0.304546
13.6045 12.9097 0.304546
13.6045 12.9097 0.304546
13.6045 12.9097 0.304546
13.6045 12.9097 0.304546
13.6045 12.9097 0.304546
13.6045 12.9097 0.304546
13.6045 12.9097 0.304546
13.6045 12.9097 0.304546
13.6045 12.9097 0.304546
13.4586 13.5659 0.301516
13.4586 13.5659 0.301516
13.4586 13.5659 0.301516
13.4586 13.5659 0.301516
13.1607 13.6646 0.298262
13.1607 13.6646 0.298262
13.1607 13.6646 0.298262
13.1607 13.6646 0.298262
13.1607 13.6646 0.298262
13.1607 13.6646 0.298262
