10.8235 10.8798 0.310114
22.8236 22.4544 0.277171
10.3423 9.90214 0.291107
52.0378 52.8689 0.153841
30.0882 29.5871 0.21811
27.4563 27.4745 0.214933
34.6982 34.6865 0.183086
28.9438 28.9218 0.232835
29.5055 28.8675 0.231992
51.7454 52.2353 0.156486
48.444 48.1463 0.170325
12.8201 13.2115 0.301444
13.3332 13.3111 0.296966
15.5643 15.9557 0.307769
12.8201 13.2115 0.301444
27.0556 27.0827 0.222249
11.2885 11.4187 0.317347
44.8058 45.071 0.16934
10.347 10.3249 0.309636
16.0587 15.7292 0.318592
58.0002 58.3157 0.153411
15.831 16.2275 0.283055
11.9624 12.0525 0.304642
46.6097 46.4029 0.158061
54.0428 53.8477 0.147964
54.7136 54.6648 0.148754
6.41059 6.44927 0.336636
23.631 23.794 0.277553
54.761 54.6049 0.124631
24.5945 24.2252 0.258789
57.4316 57.3113 0.140363
43.1555 42.866 0.188671
27.8416 27.4015 0.222687
13.1717 13.1988 0.295595
27.8771 27.9785 0.21889
39.7704 40.3691 0.170289
26.1582 26.495 0.24146
29.5055 28.8675 0.231992
16.0671 16.1685 0.259438
34.8305 35.2595 0.187659
15.5643 15.9557 0.307769
18.8795 19.3555 0.261025
53.7569 53.7956 0.160807
8.73661 9.07348 0.303305
11.3528 11.3776 0.301853
18.7999 18.9012 0.250393
41.3832 41.0587 0.191535
37.1199 37.4222 0.217929
11.9919 12.8229 0.308825
58.5135 58.3454 0.156592
54.7136 54.6648 0.148754
10.3423 9.90214 0.291107
6.41059 6.44927 0.336636
14.7453 14.6678 0.281354
26.1582 26.495 0.24146
59.0148 59.4062 0.115057
25.9349 25.4139 0.215467
26.4694 26.3968 0.239085
11.3528 11.3776 0.301853
53.6613 53.9409 0.134195
49.9579 49.8804 0.155585
26.704 27.0953 0.228099
10.347 10.3249 0.309636
29.131 29.149 0.230373
32.7507 33.5131 0.205309
57.1056 57.1304 0.134753
36.8631 37.1039 0.180969
38.4472 38.2726 0.195964
9.38676 9.21869 0.309483
14.9372 15.478 0.295899
9.22828 9.25309 0.302213
22.4205 22.9105 0.275979
50.8006 49.7109 0.183161
22.8236 22.4544 0.277171
18.8795 19.3555 0.261025
24.8543 25.2307 0.245901
48.4769 48.8832 0.177095
13.1717 13.1988 0.295595
13.6923 13.3428 0.288881
10.1126 10.2139 0.294161
18.298 17.9685 0.298419
24.292 24.0593 0.240379
9.38676 9.21869 0.309483
14.0762 13.8435 0.277601
58.131 58.6718 0.156878
8.73661 9.07348 0.303305
25.4012 25.2057 0.261885
52.0472 52.0655 0.139043
31.9179 31.8959 0.191465
14.0762 13.8435 0.277601
10.3423 9.90214 0.291107
30.6947 30.7218 0.218197
46.703 46.1539 0.173539
37.4607 36.6797 0.201738
15.8208 16.3301 0.271449
35.3951 35.8818 0.191582
14.0762 13.8435 0.277601
9.38676 9.21869 0.309483
53.2279 53.7149 0.12647
48.3979 48.2087 0.159202
58.2915 58.84 0.145362
58.2915 58.84 0.145362
58.6279 58.8987 0.152581
58.4113 58.5371 0.131133
58.4113 58.5371 0.131133
58.446 58.6277 0.138553
58.5303 59.4025 0.146766
58.402 58.5466 0.163667
58.402 58.5466 0.163667
58.402 58.5466 0.163667
58.402 58.5466 0.163667
58.402 58.5466 0.163667
58.4378 57.8386 0.143491
10.6274 11.1141 0.303172
10.6274 11.1141 0.303172
10.6274 11.1141 0.303172
10.6274 11.1141 0.303172
10.6274 11.1141 0.303172
10.6274 11.1141 0.303172
10.6274 11.1141 0.303172
10.6274 11.1141 0.303172
10.6274 11.1141 0.303172
10.9726 10.8927 0.30369
10.9726 10.8927 0.30369
10.9726 10.8927 0.30369
10.9726 10.8927 0.30369
10.9726 10.8927 0.30369
10.9726 10.8927 0.30369
10.9726 10.8927 0.30369
10.9726 10.8927 0.30369
10.9726 10.8927 0.30369
10.9726 10.8927 0.30369
10.9726 10.8927 0.30369
10.9726 10.8927 0.30369
10.9726 10.8927 0.30369
10.9726 10.8927 0.30369
10.9726 10.8927 0.30369
10.9726 10.8927 0.30369
10.9726 10.8927 0.30369
10.9726 10.8927 0.30369
10.3458 11.02 0.294362
10.3458 11.02 0.294362
10.3458 11.02 0.294362
10.3458 11.02 0.294362
10.3458 11.02 0.294362
10.3458 11.02 0.294362
10.3458 11.02 0.294362
10.3458 11.02 0.294362
11.2227 10.9836 0.327515
11.2227 10.9836 0.327515
11.2227 10.9836 0.327515
11.2227 10.9836 0.327515
11.2227 10.9836 0.327515
10.8247 10.7877 0.312927
10.8247 10.7877 0.312927
10.8247 10.7877 0.312927
10.8247 10.7877 0.312927
10.8247 10.7877 0.312927
10.8247 10.7877 0.312927
10.8247 10.7877 0.312927
10.8247 10.7877 0.312927
10.8247 10.7877 0.312927
10.8247 10.7877 0.312927
10.8247 10.7877 0.312927
10.8247 10.7877 0.312927
10.8247 10.7877 0.312927
10.8247 10.7877 0.312927
10.8247 10.7877 0.312927
10.8247 10.7877 0.312927
10.8247 10.7877 0.312927
10.8247 10.7877 0.312927
10.8247 10.7877 0.312927
10.8247 10.7877 0.312927
10.8247 10.7877 0.312927
10.8247 10.7877 0.312927
10.8247 10.7877 0.312927
10.8247 10.7877 0.312927
10.8247 10.7877 0.312927
10.8247 10.7877 0.312927
10.8247 10.7877 0.312927
10.8247 10.7877 0.312927
10.8247 10.7877 0.312927
10.8247 10.7877 0.312927
10.6139 10.7123 0.316137
10.6139 10.7123 0.316137
10.6139 10.7123 0.316137
10.6139 10.7123 0.316137
10.6139 10.7123 0.316137
10.6139 10.7123 0.316137
10.6139 10.7123 0.316137
10.6139 10.7123 0.316137
10.6139 10.7123 0.316137
10.6139 10.7123 0.316137
10.6139 10.7123 0.316137
10.6139 10.7123 0.316137
10.6139 10.7123 0.316137
10.6139 10.7123 0.316137
9.23065 9.52956 0.311696
9.23065 9.52956 0.311696
9.23065 9.52956 0.311696
29.7728 29.8815 0.218211
29.7728 29.8815 0.218211
30.0183 30.2171 0.216841
30.132 29.973 0.218013
30.132 29.973 0.218013
30.132 29.973 0.218013
30.132 29.973 0.218013
30.132 29.973 0.218013
30.132 29.973 0.218013
30.132 29.973 0.218013
30.132 29.973 0.218013
30.132 29.973 0.218013
30.132 29.973 0.218013
30.132 29.973 0.218013
30.132 29.973 0.218013
30.132 29.973 0.218013
30.132 29.973 0.218013
30.132 29.973 0.218013
30.132 29.973 0.218013
30.132 29.973 0.218013
30.132 29.973 0.218013
30.132 29.973 0.218013
30.132 29.973 0.218013
30.132 29.973 0.218013
30.132 29.973 0.218013
30.132 29.973 0.218013
30.132 29.973 0.218013
30.132 29.973 0.218013
30.132 29.973 0.218013
30.132 29.973 0.218013
29.8993 29.8996 0.214671
29.8993 29.8996 0.214671
29.8993 29.8996 0.214671
29.8993 29.8996 0.214671
29.8993 29.8996 0.214671
29.8993 29.8996 0.214671
29.3224 29.8337 0.22307
29.3224 29.8337 0.22307
29.3224 29.8337 0.22307
29.3224 29.8337 0.22307
29.3224 29.8337 0.22307
29.3224 29.8337 0.22307
29.3224 29.8337 0.22307
29.3224 29.8337 0.22307
22.4566 21.9525 0.271901
22.1674 22.5316 0.264822
22.1674 22.5316 0.264822
22.1674 22.5316 0.264822
22.1674 22.5316 0.264822
22.1674 22.5316 0.264822
22.9024 22.4331 0.266896
22.9024 22.4331 0.266896
22.9024 22.4331 0.266896
22.9024 22.4331 0.266896
22.9024 22.4331 0.266896
22.9024 22.4331 0.266896
22.9024 22.4331 0.266896
22.9024 22.4331 0.266896
22.9024 22.4331 0.266896
22.9024 22.4331 0.266896
22.9024 22.4331 0.266896
22.1287 22.6161 0.270245
22.1287 22.6161 0.270245
22.1287 22.6161 0.270245
22.1287 22.6161 0.270245
22.1287 22.6161 0.270245
22.1287 22.6161 0.270245
22.1287 22.6161 0.270245
22.1287 22.6161 0.270245
22.1287 22.6161 0.270245
22.7274 22.8505 0.283244
22.955 22.0932 0.262657
22.955 22.0932 0.262657
22.955 22.0932 0.262657
22.955 22.0932 0.262657
22.955 22.0932 0.262657
22.955 22.0932 0.262657
22.955 22.0932 0.262657
22.702 22.5323 0.265399
22.702 22.5323 0.265399
22.5434 22.7643 0.267187
22.5434 22.7643 0.267187
22.5434 22.7643 0.267187
22.5434 22.7643 0.267187
22.5434 22.7643 0.267187
22.5434 22.7643 0.267187
22.5434 22.7643 0.267187
22.3473 22.5951 0.258967
22.3473 22.5951 0.258967
22.3473 22.5951 0.258967
22.3473 22.5951 0.258967
22.3473 22.5951 0.258967
22.3473 22.5951 0.258967
22.3473 22.5951 0.258967
22.3473 22.5951 0.258967
22.3473 22.5951 0.258967
22.1397 22.3457 0.270249
22.1397 22.3457 0.270249
22.1397 22.3457 0.270249
22.1397 22.3457 0.270249
