19.6351 19.1141 0.275215
6.62413 6.67677 0.295468
14.9372 15.478 0.295899
14.9555 14.2265 0.292377
12.5589 12.9879 0.298442
17.3716 17.3599 0.265266
18.8795 19.3555 0.261025
6.93656 6.81633 0.301809
19.6591 19.5044 0.259351
8.08239 7.78463 0.323966
6.29217 6.34845 0.315809
10.1126 10.2139 0.294161
18.0388 17.2771 0.264018
13.8849 13.8519 0.273875
11.6142 11.2764 0.318521
16.0316 15.5915 0.263236
16.3396 16.1068 0.266451
15.0932 15.4697 0.288281
20.0814 19.8747 0.273688
10.7409 10.57 0.300085
15.0932 15.4697 0.288281
6.29217 6.34845 0.315809
19.5707 19.5486 0.280696
9.75382 8.97282 0.30782
11.8814 11.5121 0.315714
13.8835 14.0193 0.283585
19.8906 19.8473 0.273963
10.5339 11.1495 0.291346
12.8991 13.2541 0.307206
16.5408 16.559 0.266225
9.16539 9.652 0.294968
13.6923 13.3428 0.288881
16.3348 15.9698 0.283498
19.9215 20.2583 0.281364
18.5938 18.5212 0.277896
14.0457 13.954 0.291977
9.54755 8.63614 0.334419
6.17317 6.44682 0.306846
6.20232 6.25496 0.313444
7.61602 7.31827 0.33375
15.981 15.46 0.265917
12.8415 12.6464 0.310326
7.94892 8.07917 0.327881
14.9508 14.654 0.284919
15.7343 15.0963 0.295227
14.5729 15.3058 0.319506
17.2158 17.7024 0.264858
16.0671 16.1685 0.259438
12.921 13.4618 0.300609
11.9919 12.8229 0.308825
18.8461 18.8709 0.261954
19.3073 19.5407 0.279929
9.75382 8.97282 0.30782
17.4969 16.9958 0.268982
11.6142 11.2764 0.318521
14.0085 13.8404 0.28942
8.04784 7.85237 0.332648
10.6001 10.8645 0.309277
14.0762 13.8435 0.277601
14.0084 14.2219 0.274043
15.8888 15.7885 0.324489
12.8201 13.2115 0.301444
13.1717 13.1988 0.295595
15.7432 15.5724 0.282706
6.26297 5.93353 0.0169025
16.5589 16.1939 0.25512
13.6923 13.3428 0.288881
18.941 18.5253 0.25051
19.5215 19.8765 0.294451
8.04784 7.85237 0.332648
13.1717 13.1988 0.295595
15.8963 16.0593 0.318755
15.4822 15.9013 0.298858
7.76867 7.80736 0.344634
6.93656 6.81633 0.301809
10.4769 10.6795 0.308016
19.2272 18.1375 0.278052
12.8201 13.2115 0.301444
11.9624 12.0525 0.304642
17.8608 17.6899 0.266466
6.4195 6.29928 0.00329886
9.38817 9.19904 0.313763
9.50206 9.59218 0.289929
8.47849 8.40586 0.311079
19.8773 20.4929 0.272772
13.3332 13.3111 0.296966
13.8849 13.8519 0.273875
19.605 19.652 0.279509
13.0605 13.3249 0.289885
13.2072 13.2343 0.29163
10.0759 10.8416 0.314738
10.5016 9.95256 0.308835
16.885 17.6768 0.27464
10.7993 10.8174 0.300323
15.8963 16.0593 0.318755
10.6226 11.0535 0.309078
14.0084 14.2219 0.274043
9.38817 9.19904 0.313763
18.298 17.9685 0.298419
13.2142 12.9164 0.304632
11.6293 11.4747 0.284422
11.6293 11.4747 0.284422
11.6293 11.4747 0.284422
11.6293 11.4747 0.284422
11.6293 11.4747 0.284422
11.6293 11.4747 0.284422
11.6293 11.4747 0.284422
11.6293 11.4747 0.284422
11.6293 11.4747 0.284422
11.3862 11.522 0.303288
11.6738 12.0929 0.312368
11.6738 12.0929 0.312368
11.6738 12.0929 0.312368
11.6738 12.0929 0.312368
11.6738 12.0929 0.312368
11.6738 12.0929 0.312368
11.5352 10.6238 0.322965
11.5352 10.6238 0.322965
11.4783 11.9683 0.314522
11.4783 11.9683 0.314522
8.63084 8.89602 0.320533
8.63084 8.89602 0.320533
8.63084 8.89602 0.320533
8.63084 8.89602 0.320533
8.63084 8.89602 0.320533
8.77468 9.01547 0.307342
8.77468 9.01547 0.307342
8.77468 9.01547 0.307342
8.70211 7.7907 0.338249
8.70211 7.7907 0.338249
8.70211 7.7907 0.338249
8.70211 7.7907 0.338249
7.88281 7.67606 0.310117
7.88281 7.67606 0.310117
7.88281 7.67606 0.310117
7.88281 7.67606 0.310117
7.88281 7.67606 0.310117
7.88281 7.67606 0.310117
7.88281 7.67606 0.310117
7.88281 7.67606 0.310117
7.50591 7.99252 0.309482
7.50591 7.99252 0.309482
7.50591 7.99252 0.309482
7.50591 7.99252 0.309482
7.50591 7.99252 0.309482
7.50591 7.99252 0.309482
7.50591 7.99252 0.309482
7.50591 7.99252 0.309482
7.50591 7.99252 0.309482
7.50591 7.99252 0.309482
7.50591 7.99252 0.309482
7.50591 7.99252 0.309482
7.58236 7.63501 0.315997
7.58236 7.63501 0.315997
7.58236 7.63501 0.315997
7.58236 7.63501 0.315997
7.58236 7.63501 0.315997
7.58236 7.63501 0.315997
7.7645 7.67277 0.326554
8.12502 7.83556 0.321875
8.12502 7.83556 0.321875
8.12502 7.83556 0.321875
8.12502 7.83556 0.321875
8.12502 7.83556 0.321875
8.4679 8.39663 0.313753
8.4679 8.39663 0.313753
8.4679 8.39663 0.313753
8.4679 8.39663 0.313753
8.4679 8.39663 0.313753
8.13949 8.41908 0.308237
8.13949 8.41908 0.308237
8.13949 8.41908 0.308237
8.13949 8.41908 0.308237
8.13949 8.41908 0.308237
8.13949 8.41908 0.308237
8.13949 8.41908 0.308237
8.13949 8.41908 0.308237
7.76733 8.12228 0.32654
7.76733 8.12228 0.32654
7.76733 8.12228 0.32654
7.73089 8.1274 0.324442
7.73089 8.1274 0.324442
7.73089 8.1274 0.324442
7.73089 8.1274 0.324442
7.73089 8.1274 0.324442
7.73089 8.1274 0.324442
7.73089 8.1274 0.324442
7.73089 8.1274 0.324442
7.73089 8.1274 0.324442
8.19036 8.14158 0.314207
8.19036 8.14158 0.314207
8.19036 8.14158 0.314207
8.19036 8.14158 0.314207
8.19036 8.14158 0.314207
8.19036 8.14158 0.314207
8.19036 8.14158 0.314207
8.19036 8.14158 0.314207
8.19036 8.14158 0.314207
8.76304 8.12508 0.315458
8.76304 8.12508 0.315458
15.3638 15.2593 0.288655
15.3638 15.2593 0.288655
15.3638 15.2593 0.288655
15.3638 15.2593 0.288655
15.3638 15.2593 0.288655
15.3638 15.2593 0.288655
15.3638 15.2593 0.288655
14.9165 15.1728 0.2958
14.9165 15.1728 0.2958
14.9165 15.1728 0.2958
14.9165 15.1728 0.2958
14.9165 15.1728 0.2958
14.9165 15.1728 0.2958
14.9165 15.1728 0.2958
14.9165 15.1728 0.2958
15.7676 15.4805 0.298896
15.7676 15.4805 0.298896
15.7676 15.4805 0.298896
15.7676 15.4805 0.298896
15.7676 15.4805 0.298896
15.2838 15.8524 0.270974
15.2838 15.8524 0.270974
15.2838 15.8524 0.270974
15.0544 15.2075 0.305441
15.5884 15.3532 0.272099
14.9845 15.699 0.289251
14.9845 15.699 0.289251
15.6105 15.6679 0.287743
15.0597 15.5327 0.277427
15.0597 15.5327 0.277427
15.0597 15.5327 0.277427
15.1645 15.8328 0.306338
15.1645 15.8328 0.306338
15.1645 15.8328 0.306338
15.2347 15.1538 0.310754
15.2347 15.1538 0.310754
15.2347 15.1538 0.310754
15.2347 15.1538 0.310754
15.2347 15.1538 0.310754
15.2347 15.1538 0.310754
15.2347 15.1538 0.310754
15.2347 15.1538 0.310754
15.2347 15.1538 0.310754
15.5925 15.1477 0.282731
15.5925 15.1477 0.282731
15.3249 15.8141 0.290468
15.3249 15.8141 0.290468
15.3249 15.8141 0.290468
15.3249 15.8141 0.290468
15.3249 15.8141 0.290468
15.3249 15.8141 0.290468
15.4387 15.2063 0.31112
15.3474 15.7357 0.281614
15.3474 15.7357 0.281614
15.4798 15.6719 0.286695
15.4798 15.6719 0.286695
15.4798 15.6719 0.286695
15.4798 15.6719 0.286695
15.4798 15.6719 0.286695
15.4798 15.6719 0.286695
15.1677 14.8593 0.297419
15.1677 14.8593 0.297419
14.9822 15.3514 0.283921
14.9822 15.3514 0.283921
14.9822 15.3514 0.283921
14.9822 15.3514 0.283921
14.9822 15.3514 0.283921
14.9822 15.3514 0.283921
15.3726 15.2141 0.27513
15.3726 15.2141 0.27513
15.3726 15.2141 0.27513
15.3726 15.2141 0.27513
15.3726 15.2141 0.27513
15.3715 15.499 0.284974
15.3715 15.499 0.284974
15.3759 15.0001 0.286651
15.3759 15.0001 0.286651
15.3719 15.4682 0.274748
15.3719 15.4682 0.274748
14.9941 14.9022 0.303687
14.9941 14.9022 0.303687
14.9941 14.9022 0.303687
14.9941 14.9022 0.303687
14.9941 14.9022 0.303687
14.9941 14.9022 0.303687
15.2966 16.0075 0.289054
15.2966 16.0075 0.289054
15.2966 16.0075 0.289054
14.8572 15.471 0.304885
14.8572 15.471 0.304885
15.4281 15.5889 0.283366
15.5946 15.5863 0.277791
15.5946 15.5863 0.277791
14.6506 15.8949 0.293847
15.8657 15.544 0.281523
15.8657 15.544 0.281523
15.2881 15.2299 0.301291
15.2881 15.2299 0.301291
15.3114 15.0097 0.29789
15.3114 15.0097 0.29789
15.2415 15.5401 0.28732
15.2415 15.5401 0.28732
15.2415 15.5401 0.28732
15.2415 15.5401 0.28732
15.2415 15.5401 0.28732
14.8545 15.5674 0.30054
14.8545 15.5674 0.30054
14.8545 15.5674 0.30054
14.8545 15.5674 0.30054
14.8545 15.5674 0.30054
15.1321 15.6359 0.274359
15.1321 15.6359 0.274359
15.1321 15.6359 0.274359
15.0466 15.0072 0.273872
15.0466 15.0072 0.273872
15.1458 14.8026 0.292581
15.1273 15.7678 0.299855
15.1273 15.7678 0.299855
15.1273 15.7678 0.299855
15.3995 15.6437 0.290379
15.3995 15.6437 0.290379
15.3995 15.6437 0.290379
15.3923 15.1527 0.293915
15.3923 15.1527 0.293915
15.3923 15.1527 0.293915
15.3923 15.1527 0.293915
15.3923 15.1527 0.293915
15.2745 15.1805 0.287711
14.9274 15.113 0.28995
15.3109 15.4283 0.287818
15.3109 15.4283 0.287818
15.3109 15.4283 0.287818
15.3109 15.4283 0.287818
15.3109 15.4283 0.287818
15.3689 14.9108 0.282475
15.3689 14.9108 0.282475
15.0313 15.5025 0.290622
15.0313 15.5025 0.290622
15.0899 15.4607 0.277887
15.0899 15.4607 0.277887
15.0899 15.4607 0.277887
15.0899 15.4607 0.277887
15.0899 15.4607 0.277887
15.0899 15.4607 0.277887
15.0899 15.4607 0.277887
15.8042 15.0691 0.295746
15.8042 15.0691 0.295746
15.8042 15.0691 0.295746
15.8042 15.0691 0.295746
15.2949 15.3828 0.277094
15.2949 15.3828 0.277094
15.2949 15.3828 0.277094
16.0616 15.7663 0.276178
16.0616 15.7663 0.276178
16.0616 15.7663 0.276178
16.0616 15.7663 0.276178
15.5879 15.093 0.296039
15.4856 15.169 0.290226
15.7484 15.2116 0.298988
15.7484 15.2116 0.298988
14.9971 15.4955 0.285128
14.9971 15.4955 0.285128
14.9971 15.4955 0.285128
14.9971 15.4955 0.285128
14.9971 15.4955 0.285128
15.7959 15.1183 0.283789
15.4503 15.6954 0.277296
15.4503 15.6954 0.277296
15.5489 15.3449 0.29115
15.5489 15.3449 0.29115
15.5489 15.3449 0.29115
15.5489 15.3449 0.29115
15.3991 15.235 0.276066
15.3196 15.5287 0.299235
15.3196 15.5287 0.299235
15.3196 15.5287 0.299235
15.3196 15.5287 0.299235
15.4536 15.2207 0.305892
15.4536 15.2207 0.305892
15.4536 15.2207 0.305892
15.4536 15.2207 0.305892
15.2311 15.1746 0.301526
15.2311 15.1746 0.301526
15.6564 15.0966 0.302716
15.6564 15.0966 0.302716
15.6564 15.0966 0.302716
15.6564 15.0966 0.302716
15.6564 15.0966 0.302716
15.4019 14.9235 0.283025
15.4019 14.9235 0.283025
15.4019 14.9235 0.283025
15.4019 14.9235 0.283025
15.2421 15.1327 0.293994
15.2421 15.1327 0.293994
15.2421 15.1327 0.293994
15.2421 15.1327 0.293994
15.258 15.6508 0.301872
15.258 15.6508 0.301872
15.258 15.6508 0.301872
15.258 15.6508 0.301872
15.258 15.6508 0.301872
15.258 15.6508 0.301872
15.258 15.6508 0.301872
15.258 15.6508 0.301872
15.258 15.6508 0.301872
15.6921 15.6823 0.289951
15.2731 15.0782 0.278156
15.2731 15.0782 0.278156
15.2731 15.0782 0.278156
15.2731 15.0782 0.278156
15.2731 15.0782 0.278156
15.5261 14.8922 0.281845
15.9292 15.2592 0.286753
15.9292 15.2592 0.286753
15.9292 15.2592 0.286753
15.9292 15.2592 0.286753
15.9292 15.2592 0.286753
15.9292 15.2592 0.286753
15.9292 15.2592 0.286753
15.3424 15.1622 0.281205
15.3424 15.1622 0.281205
15.3424 15.1622 0.281205
15.3424 15.1622 0.281205
14.8675 15.1303 0.289488
14.8675 15.1303 0.289488
14.8675 15.1303 0.289488
14.8675 15.1303 0.289488
14.8675 15.1303 0.289488
15.3064 15.3819 0.274206
15.3064 15.3819 0.274206
15.3064 15.3819 0.274206
15.3064 15.3819 0.274206
15.3064 15.3819 0.274206
15.3064 15.3819 0.274206
15.3064 15.3819 0.274206
15.3064 15.3819 0.274206
15.3064 15.3819 0.274206
15.3064 15.3819 0.274206
15.3064 15.3819 0.274206
14.739 15.391 0.299558
14.739 15.391 0.299558
14.739 15.391 0.299558
14.739 15.391 0.299558
14.739 15.391 0.299558
14.739 15.391 0.299558
14.739 15.391 0.299558
14.739 15.391 0.299558
14.739 15.391 0.299558
14.739 15.391 0.299558
14.739 15.391 0.299558
14.739 15.391 0.299558
14.739 15.391 0.299558
15.9011 15.8524 0.282534
15.0863 15.0722 0.284557
15.0863 15.0722 0.284557
15.0863 15.0722 0.284557
15.0863 15.0722 0.284557
15.0863 15.0722 0.284557
14.8933 15.305 0.26695
14.8933 15.305 0.26695
15.4257 14.5756 0.277165
15.4257 14.5756 0.277165
15.4257 14.5756 0.277165
15.4257 14.5756 0.277165
15.4257 14.5756 0.277165
15.4257 14.5756 0.277165
15.4536 15.0833 0.283226
15.4536 15.0833 0.283226
15.4536 15.0833 0.283226
15.4536 15.0833 0.283226
15.4536 15.0833 0.283226
15.4536 15.0833 0.283226
15.0741 15.2807 0.294089
15.0741 15.2807 0.294089
14.9208 15.4303 0.297563
14.9208 15.4303 0.297563
14.9208 15.4303 0.297563
14.9208 15.4303 0.297563
15.7164 15.6229 0.298266
15.7164 15.6229 0.298266
15.7164 15.6229 0.298266
15.7164 15.6229 0.298266
15.7164 15.6229 0.298266
15.7164 15.6229 0.298266
15.7164 15.6229 0.298266
15.6229 15.2929 0.290461
15.6229 15.2929 0.290461
15.6229 15.2929 0.290461
15.6229 15.2929 0.290461
15.6229 15.2929 0.290461
15.6229 15.2929 0.290461
15.5684 15.3385 0.293448
15.5684 15.3385 0.293448
15.5048 15.562 0.292359
15.5048 15.562 0.292359
14.7126 15.1722 0.28957
14.7126 15.1722 0.28957
14.7126 15.1722 0.28957
15.525 15.4363 0.300291
15.525 15.4363 0.300291
15.525 15.4363 0.300291
15.525 15.4363 0.300291
15.6513 15.0506 0.313724
15.6513 15.0506 0.313724
14.9936 14.6394 0.280755
15.767 15.0658 0.2974
15.767 15.0658 0.2974
15.767 15.0658 0.2974
15.2819 15.1194 0.294395
15.0497 15.214 0.274178
15.0497 15.214 0.274178
15.2847 14.8718 0.321483
15.2847 14.8718 0.321483
15.3558 15.5498 0.30228
15.2065 15.3406 0.290186
15.2065 15.3406 0.290186
15.2065 15.3406 0.290186
15.2065 15.3406 0.290186
15.4243 15.1528 0.297024
15.4243 15.1528 0.297024
15.4243 15.1528 0.297024
15.4243 15.1528 0.297024
15.4243 15.1528 0.297024
15.4243 15.1528 0.297024
15.4243 15.1528 0.297024
15.4531 15.118 0.294811
15.4531 15.118 0.294811
15.3266 15.2868 0.291458
15.3266 15.2868 0.291458
15.3266 15.2868 0.291458
15.3266 15.2868 0.291458
15.3266 15.2868 0.291458
15.3266 15.2868 0.291458
15.6492 15.4632 0.29857
15.1124 15.0386 0.271816
15.3418 14.9935 0.286941
15.3418 14.9935 0.286941
15.3418 14.9935 0.286941
15.657 15.0701 0.303242
15.657 15.0701 0.303242
15.5001 15.1991 0.293829
15.5001 15.1991 0.293829
15.4069 14.8269 0.275096
15.4069 14.8269 0.275096
15.145 15.2513 0.288742
15.145 15.2513 0.288742
15.4942 15.536 0.282239
15.4894 15.4554 0.299084
15.4894 15.4554 0.299084
15.4894 15.4554 0.299084
15.4894 15.4554 0.299084
15.4894 15.4554 0.299084
15.0834 15.6257 0.276883
15.3118 15.055 0.307411
15.2076 15.3373 0.292984
15.5299 15.1779 0.292926
15.5299 15.1779 0.292926
15.5299 15.1779 0.292926
15.5299 15.1779 0.292926
15.6233 15.5668 0.28976
15.6233 15.5668 0.28976
15.6233 15.5668 0.28976
15.6233 15.5668 0.28976
15.6233 15.5668 0.28976
15.6233 15.5668 0.28976
15.6233 15.5668 0.28976
15.02 15.5315 0.285128
15.02 15.5315 0.285128
15.02 15.5315 0.285128
15.02 15.5315 0.285128
15.02 15.5315 0.285128
15.0273 15.5564 0.290783
15.0273 15.5564 0.290783
15.0273 15.5564 0.290783
15.0273 15.5564 0.290783
15.488 15.6345 0.290625
15.488 15.6345 0.290625
15.488 15.6345 0.290625
15.488 15.6345 0.290625
15.488 15.6345 0.290625
14.7341 15.4616 0.296854
14.7341 15.4616 0.296854
14.7341 15.4616 0.296854
15.5757 15.3505 0.291526
15.5757 15.3505 0.291526
15.3942 15.3475 0.293865
15.1115 15.3463 0.273954
15.1115 15.3463 0.273954
15.1115 15.3463 0.273954
15.1115 15.3463 0.273954
15.1115 15.3463 0.273954
15.0989 15.0809 0.310272
15.0989 15.0809 0.310272
15.0989 15.0809 0.310272
15.0989 15.0809 0.310272
15.7117 15.1104 0.296074
15.7117 15.1104 0.296074
15.7117 15.1104 0.296074
15.7117 15.1104 0.296074
15.7117 15.1104 0.296074
15.7117 15.1104 0.296074
15.7117 15.1104 0.296074
15.7117 15.1104 0.296074
15.7117 15.1104 0.296074
14.9966 15.3033 0.273828
14.9966 15.3033 0.273828
14.9966 15.3033 0.273828
14.9966 15.3033 0.273828
15.4121 15.6483 0.306659
15.2583 15.3499 0.269583
15.2583 15.3499 0.269583
15.2583 15.3499 0.269583
15.2583 15.3499 0.269583
15.2583 15.3499 0.269583
15.2583 15.3499 0.269583
15.2583 15.3499 0.269583
15.2583 15.3499 0.269583
15.5616 14.6235 0.278368
15.5616 14.6235 0.278368
15.5616 14.6235 0.278368
15.5616 14.6235 0.278368
15.388 15.3173 0.307849
15.388 15.3173 0.307849
15.388 15.3173 0.307849
15.388 15.3173 0.307849
15.388 15.3173 0.307849
15.388 15.3173 0.307849
15.5441 15.7583 0.28439
15.5441 15.7583 0.28439
15.5441 15.7583 0.28439
15.5441 15.7583 0.28439
15.2335 15.1883 0.297469
15.2335 15.1883 0.297469
15.2335 15.1883 0.297469
15.2335 15.1883 0.297469
15.2644 15.4752 0.284922
15.2644 15.4752 0.284922
14.9889 15.1114 0.291817
14.9889 15.1114 0.291817
14.9889 15.1114 0.291817
15.3426 15.4578 0.281954
15.3426 15.4578 0.281954
15.3426 15.4578 0.281954
15.3426 15.4578 0.281954
14.8739 15.7121 0.267351
14.8739 15.7121 0.267351
15.0974 15.6359 0.282959
15.0974 15.6359 0.282959
15.0974 15.6359 0.282959
15.0974 15.6359 0.282959
15.6285 15.8384 0.291294
15.6285 15.8384 0.291294
15.6285 15.8384 0.291294
16.137 15.9497 0.298711
16.137 15.9497 0.298711
16.137 15.9497 0.298711
16.137 15.9497 0.298711
16.137 15.9497 0.298711
16.1075 16.3599 0.30931
16.1075 16.3599 0.30931
16.1075 16.3599 0.30931
15.5438 15.6627 0.306174
15.5438 15.6627 0.306174
15.5438 15.6627 0.306174
15.8519 16.2991 0.300708
15.8519 16.2991 0.300708
15.8519 16.2991 0.300708
15.8519 16.2991 0.300708
15.7359 16.1485 0.316658
15.7359 16.1485 0.316658
15.7359 16.1485 0.316658
15.7193 15.7261 0.30554
16.1732 15.6024 0.298568
16.1732 15.6024 0.298568
15.8494 16.4277 0.31709
15.8494 16.4277 0.31709
15.8494 16.4277 0.31709
16.0415 15.654 0.291772
15.7149 16.1654 0.291472
15.7024 15.6954 0.299458
15.7641 15.8845 0.30109
15.7641 15.8845 0.30109
15.7641 15.8845 0.30109
15.7641 15.8845 0.30109
16.221 16.3712 0.302038
16.221 16.3712 0.302038
15.811 15.526 0.291023
15.811 15.526 0.291023
15.811 15.526 0.291023
15.811 15.526 0.291023
15.9383 15.9667 0.31731
15.9383 15.9667 0.31731
15.9383 15.9667 0.31731
15.9383 15.9667 0.31731
15.9383 15.9667 0.31731
16.4984 16.466 0.287632
16.4984 16.466 0.287632
15.9623 16.2506 0.304554
15.9623 16.2506 0.304554
15.9623 16.2506 0.304554
15.9623 16.2506 0.304554
15.9623 16.2506 0.304554
15.8446 15.5931 0.307153
15.8446 15.5931 0.307153
15.8446 15.5931 0.307153
15.6778 16.0032 0.306159
15.6778 16.0032 0.306159
15.8067 15.7872 0.32979
15.8067 15.7872 0.32979
16.22 16.5721 0.319112
16.22 16.5721 0.319112
16.4074 16.2528 0.290878
16.2201 16.0208 0.291089
16.2201 16.0208 0.291089
16.2201 16.0208 0.291089
16.2201 16.0208 0.291089
16.2201 16.0208 0.291089
16.2201 16.0208 0.291089
16.2201 16.0208 0.291089
16.0662 16.4804 0.315463
16.0662 16.4804 0.315463
15.7421 16.0543 0.286027
15.8527 16.1032 0.285714
15.8527 16.1032 0.285714
15.8527 16.1032 0.285714
15.8527 16.1032 0.285714
15.8527 16.1032 0.285714
15.8527 16.1032 0.285714
15.8527 16.1032 0.285714
15.8527 16.1032 0.285714
15.8527 16.1032 0.285714
16.1215 15.9611 0.297731
15.6426 16.0704 0.308945
16.1576 16.6192 0.301708
16.1576 16.6192 0.301708
16.1576 16.6192 0.301708
16.1576 16.6192 0.301708
16.1122 16.2251 0.316928
16.3975 16.2672 0.289566
16.3975 16.2672 0.289566
16.3975 16.2672 0.289566
16.3975 16.2672 0.289566
16.0143 16.4617 0.313346
16.0531 15.5875 0.305335
16.0531 15.5875 0.305335
16.1053 16.5438 0.303209
16.1053 16.5438 0.303209
16.1053 16.5438 0.303209
16.1053 16.5438 0.303209
16.1053 16.5438 0.303209
16.7072 15.3229 0.313278
16.2554 16.3789 0.307958
16.2554 16.3789 0.307958
16.2554 16.3789 0.307958
16.2554 16.3789 0.307958
16.2554 16.3789 0.307958
16.0077 16.4984 0.303054
16.0077 16.4984 0.303054
16.0077 16.4984 0.303054
16.0077 16.4984 0.303054
15.9809 16.2356 0.312072
16.5941 15.9826 0.296998
15.8275 15.4198 0.295781
15.8275 15.4198 0.295781
15.8275 15.4198 0.295781
15.8275 15.4198 0.295781
15.8275 15.4198 0.295781
15.8275 15.4198 0.295781
15.8275 15.4198 0.295781
15.8275 15.4198 0.295781
16.5046 15.8982 0.297167
16.5046 15.8982 0.297167
16.5046 15.8982 0.297167
16.5046 15.8982 0.297167
16.3239 16.5373 0.301729
16.3924 15.7296 0.293725
16.3924 15.7296 0.293725
16.3924 15.7296 0.293725
16.3924 15.7296 0.293725
16.3924 15.7296 0.293725
16.3924 15.7296 0.293725
16.3924 15.7296 0.293725
16.4386 16.1037 0.291321
15.6485 16.2642 0.30064
16.1388 16.2405 0.289717
16.1388 16.2405 0.289717
16.1388 16.2405 0.289717
16.1388 16.2405 0.289717
16.1388 16.2405 0.289717
16.1388 16.2405 0.289717
16.5908 15.8096 0.283972
16.5908 15.8096 0.283972
15.8365 16.1029 0.307143
15.8365 16.1029 0.307143
16.076 16.18 0.302428
16.076 16.18 0.302428
16.076 16.18 0.302428
15.9525 16.6013 0.292505
15.9525 16.6013 0.292505
15.9525 16.6013 0.292505
15.9525 16.6013 0.292505
16.0113 16.0848 0.300277
16.0113 16.0848 0.300277
16.0113 16.0848 0.300277
16.0113 16.0848 0.300277
16.0113 16.0848 0.300277
16.0043 16.1448 0.312223
16.0043 16.1448 0.312223
16.0043 16.1448 0.312223
16.0043 16.1448 0.312223
16.0043 16.1448 0.312223
16.0043 16.1448 0.312223
16.2507 15.7219 0.303817
15.8962 16.2648 0.301765
15.8962 16.2648 0.301765
16.4697 16.4546 0.31203
16.064 15.9503 0.297861
16.064 15.9503 0.297861
16.064 15.9503 0.297861
16.064 15.9503 0.297861
16.064 15.9503 0.297861
15.9894 16.2407 0.292878
15.9894 16.2407 0.292878
15.6967 16.0522 0.305915
16.0867 15.8771 0.318589
16.0867 15.8771 0.318589
16.0867 15.8771 0.318589
16.0867 15.8771 0.318589
15.9231 16.1125 0.29259
15.9231 16.1125 0.29259
15.9231 16.1125 0.29259
15.7108 16.8486 0.283252
15.6866 16.6195 0.300165
16.2933 16.1369 0.327471
16.2933 16.1369 0.327471
16.2933 16.1369 0.327471
16.2933 16.1369 0.327471
16.2933 16.1369 0.327471
15.9391 16.0732 0.313855
15.9391 16.0732 0.313855
16.0672 15.6052 0.312277
16.0672 15.6052 0.312277
16.0672 15.6052 0.312277
16.0993 16.0345 0.276257
16.0993 16.0345 0.276257
16.0993 16.0345 0.276257
15.8187 15.2984 0.313165
15.8187 15.2984 0.313165
16.0377 16.122 0.295155
16.0377 16.122 0.295155
15.8013 16.1595 0.296693
15.8013 16.1595 0.296693
15.8013 16.1595 0.296693
15.8013 16.1595 0.296693
15.8013 16.1595 0.296693
15.8013 16.1595 0.296693
15.72 15.6913 0.286899
15.6631 16.06 0.301007
16.713 16.1626 0.29014
15.5592 15.9293 0.294983
15.5592 15.9293 0.294983
15.5592 15.9293 0.294983
15.5592 15.9293 0.294983
15.5592 15.9293 0.294983
15.0115 16.001 0.290131
16.1736 15.696 0.311281
16.1736 15.696 0.311281
15.6159 16.1415 0.304929
16.7724 15.7436 0.303329
16.172 16.3692 0.317376
16.172 16.3692 0.317376
16.1324 16.2894 0.317852
16.1324 16.2894 0.317852
16.1324 16.2894 0.317852
16.156 15.7486 0.306803
16.156 15.7486 0.306803
16.156 15.7486 0.306803
16.4978 15.7791 0.313017
16.0107 16.1738 0.296604
16.0107 16.1738 0.296604
16.0107 16.1738 0.296604
16.3492 15.5061 0.284734
16.1014 15.886 0.295009
16.1014 15.886 0.295009
16.1014 15.886 0.295009
16.1014 15.886 0.295009
16.0547 16.0668 0.308998
16.0547 16.0668 0.308998
16.0547 16.0668 0.308998
15.6209 15.7418 0.301702
15.6209 15.7418 0.301702
16.0425 16.0234 0.302834
16.0311 16.1646 0.306284
16.0311 16.1646 0.306284
16.087 16.5378 0.291693
16.087 16.5378 0.291693
16.087 16.5378 0.291693
16.087 16.5378 0.291693
16.087 16.5378 0.291693
16.2715 16.5494 0.307562
16.2715 16.5494 0.307562
16.2715 16.5494 0.307562
16.1968 16.4796 0.297397
16.0983 16.3117 0.305
16.0983 16.3117 0.305
16.0983 16.3117 0.305
16.0983 16.3117 0.305
16.0983 16.3117 0.305
16.0436 16.0353 0.319151
16.0436 16.0353 0.319151
16.362 16.0739 0.319066
15.9125 15.9045 0.280907
15.9125 15.9045 0.280907
16.0739 16.0906 0.289275
16.0739 16.0906 0.289275
16.0739 16.0906 0.289275
16.0739 16.0906 0.289275
15.9573 15.555 0.29545
15.9573 15.555 0.29545
15.823 15.654 0.305878
15.823 15.654 0.305878
15.823 15.654 0.305878
16.4121 16.0863 0.296115
16.4121 16.0863 0.296115
16.4121 16.0863 0.296115
16.4121 16.0863 0.296115
16.2047 15.8496 0.2996
16.2047 15.8496 0.2996
16.2047 15.8496 0.2996
16.2047 15.8496 0.2996
16.2047 15.8496 0.2996
16.2047 15.8496 0.2996
16.2047 15.8496 0.2996
16.2047 15.8496 0.2996
16.2047 15.8496 0.2996
16.2047 15.8496 0.2996
16.2047 15.8496 0.2996
16.2047 15.8496 0.2996
16.2047 15.8496 0.2996
16.29 16.2846 0.298686
16.29 16.2846 0.298686
16.29 16.2846 0.298686
16.9598 16.1773 0.310946
16.9598 16.1773 0.310946
15.9161 15.9101 0.305446
15.8007 15.7175 0.282549
15.8007 15.7175 0.282549
15.8007 15.7175 0.282549
15.9015 15.9697 0.29714
15.9015 15.9697 0.29714
15.9015 15.9697 0.29714
15.9015 15.9697 0.29714
15.9015 15.9697 0.29714
15.9015 15.9697 0.29714
15.6964 15.6926 0.295619
15.6964 15.6926 0.295619
16.8281 15.6813 0.287885
15.505 15.9073 0.313383
15.505 15.9073 0.313383
16.4608 16.2917 0.292416
16.4608 16.2917 0.292416
16.4608 16.2917 0.292416
16.4608 16.2917 0.292416
15.8063 15.9631 0.326263
15.8063 15.9631 0.326263
15.8163 16.0055 0.29268
15.7973 16.3051 0.305839
16.6022 15.8835 0.304607
16.3324 15.9823 0.299654
16.3324 15.9823 0.299654
16.3324 15.9823 0.299654
15.8562 15.979 0.311378
16.2331 16.2063 0.298567
15.8386 16.2544 0.304085
15.8386 16.2544 0.304085
15.8386 16.2544 0.304085
15.8386 16.2544 0.304085
16.2363 16.331 0.302941
15.9592 16.4403 0.312107
15.9592 16.4403 0.312107
16.2185 16.4484 0.316733
16.2185 16.4484 0.316733
15.977 16.3984 0.293983
15.977 16.3984 0.293983
15.977 16.3984 0.293983
16.2629 16.0441 0.283503
16.3659 16.0408 0.309421
15.7689 15.8741 0.302341
16.4966 16.484 0.32162
16.4966 16.484 0.32162
16.4966 16.484 0.32162
16.4966 16.484 0.32162
16.1461 16.1107 0.294868
16.1461 16.1107 0.294868
16.1461 16.1107 0.294868
16.1199 15.9418 0.309081
16.1199 15.9418 0.309081
16.1199 15.9418 0.309081
16.5889 16.1859 0.303597
16.5889 16.1859 0.303597
16.5889 16.1859 0.303597
15.8545 15.6619 0.314147
15.6504 15.9398 0.323243
15.6504 15.9398 0.323243
15.6504 15.9398 0.323243
15.6504 15.9398 0.323243
16.7363 15.9293 0.310567
16.7363 15.9293 0.310567
15.8432 16.021 0.311622
15.8432 16.021 0.311622
15.8432 16.021 0.311622
15.7547 15.9416 0.280904
15.7547 15.9416 0.280904
16.053 16.3275 0.311794
16.053 16.3275 0.311794
16.053 16.3275 0.311794
15.8245 16.1872 0.303672
15.8245 16.1872 0.303672
15.4326 16.1153 0.304466
15.4326 16.1153 0.304466
15.4326 16.1153 0.304466
15.8302 16.037 0.31765
15.8302 16.037 0.31765
15.8302 16.037 0.31765
15.8302 16.037 0.31765
15.891 16.28 0.305788
15.891 16.28 0.305788
15.891 16.28 0.305788
16.1946 15.6983 0.295675
15.738 16.0836 0.310967
15.9322 15.9559 0.311613
15.9322 15.9559 0.311613
15.9322 15.9559 0.311613
15.9322 15.9559 0.311613
15.9322 15.9559 0.311613
15.9322 15.9559 0.311613
15.9322 15.9559 0.311613
15.9322 15.9559 0.311613
16.4395 15.418 0.293072
16.4395 15.418 0.293072
16.4395 15.418 0.293072
16.4395 15.418 0.293072
16.4395 15.418 0.293072
16.4395 15.418 0.293072
16.4395 15.418 0.293072
16.4395 15.418 0.293072
16.4395 15.418 0.293072
16.4395 15.418 0.293072
16.4395 15.418 0.293072
16.4395 15.418 0.293072
16.4395 15.418 0.293072
16.4395 15.418 0.293072
16.4395 15.418 0.293072
16.4395 15.418 0.293072
16.4395 15.418 0.293072
16.4395 15.418 0.293072
16.4395 15.418 0.293072
15.9523 16.0966 0.303354
16.1919 16.1432 0.305514
16.0903 15.719 0.30888
16.833 16.6244 0.307232
15.9379 16.1999 0.311548
15.9631 16.1806 0.31519
15.9631 16.1806 0.31519
15.8954 16.5867 0.282243
15.8954 16.5867 0.282243
15.8954 16.5867 0.282243
15.8954 16.5867 0.282243
15.8954 16.5867 0.282243
15.8954 16.5867 0.282243
15.8954 16.5867 0.282243
16.3767 16.1806 0.302114
16.3767 16.1806 0.302114
16.3767 16.1806 0.302114
16.3767 16.1806 0.302114
16.3767 16.1806 0.302114
16.3767 16.1806 0.302114
16.7267 15.6766 0.290207
16.7267 15.6766 0.290207
15.9577 16.0946 0.311085
15.9577 16.0946 0.311085
15.9577 16.0946 0.311085
16.732 16.3161 0.308695
16.732 16.3161 0.308695
16.3609 16.3984 0.285953
16.3609 16.3984 0.285953
16.3609 16.3984 0.285953
16.3609 16.3984 0.285953
16.3609 16.3984 0.285953
16.3609 16.3984 0.285953
16.3609 16.3984 0.285953
16.2941 16.347 0.296038
16.2941 16.347 0.296038
16.1302 16.1332 0.313198
15.8999 15.5096 0.308208
15.8999 15.5096 0.308208
15.8999 15.5096 0.308208
15.8999 15.5096 0.308208
15.8999 15.5096 0.308208
15.8999 15.5096 0.308208
15.8999 15.5096 0.308208
15.8999 15.5096 0.308208
16.5514 15.8688 0.302388
16.5514 15.8688 0.302388
16.5514 15.8688 0.302388
15.8359 15.8791 0.297848
15.8359 15.8791 0.297848
15.8359 15.8791 0.297848
16.3469 17.0063 0.290508
16.3469 17.0063 0.290508
16.3469 17.0063 0.290508
16.3469 17.0063 0.290508
15.5508 15.5813 0.32791
15.5508 15.5813 0.32791
15.5508 15.5813 0.32791
16.1503 15.7659 0.301385
16.1503 15.7659 0.301385
16.1503 15.7659 0.301385
16.1503 15.7659 0.301385
16.1614 16.0946 0.299788
16.4902 15.3962 0.301692
16.4902 15.3962 0.301692
16.4902 15.3962 0.301692
16.4902 15.3962 0.301692
16.4902 15.3962 0.301692
16.4902 15.3962 0.301692
16.4902 15.3962 0.301692
16.4902 15.3962 0.301692
16.103 15.6614 0.28577
16.103 15.6614 0.28577
16.0145 15.9398 0.300168
16.0145 15.9398 0.300168
16.0145 15.9398 0.300168
15.682 16.1245 0.277678
15.682 16.1245 0.277678
15.8665 16.2175 0.317926
16.3366 15.4107 0.306537
16.3366 15.4107 0.306537
16.3366 15.4107 0.306537
16.3366 15.4107 0.306537
16.2642 15.7798 0.277861
16.2642 15.7798 0.277861
15.8436 16.2033 0.299797
15.8436 16.2033 0.299797
15.8436 16.2033 0.299797
16.3489 15.5306 0.304054
15.9321 15.7424 0.303927
15.9321 15.7424 0.303927
15.9321 15.7424 0.303927
15.9321 15.7424 0.303927
15.9321 15.7424 0.303927
15.6896 15.8459 0.296103
15.6896 15.8459 0.296103
15.6896 15.8459 0.296103
15.6896 15.8459 0.296103
15.6896 15.8459 0.296103
15.6896 15.8459 0.296103
15.6896 15.8459 0.296103
16.1522 16.6285 0.326929
16.1522 16.6285 0.326929
16.1522 16.6285 0.326929
16.5149 16.2152 0.283911
16.2689 15.9878 0.305317
16.5284 16.0229 0.299964
16.5738 15.9589 0.298599
16.5738 15.9589 0.298599
15.689 16.0595 0.307521
15.689 16.0595 0.307521
15.689 16.0595 0.307521
15.689 16.0595 0.307521
15.6236 16.0999 0.305207
16.2316 16.0343 0.312733
16.2316 16.0343 0.312733
16.2024 16.6535 0.299453
15.8433 15.6997 0.302244
15.8433 15.6997 0.302244
15.8433 15.6997 0.302244
15.8056 16.0766 0.297512
15.8056 16.0766 0.297512
15.8056 16.0766 0.297512
16.2431 16.1339 0.319455
16.2431 16.1339 0.319455
16.2431 16.1339 0.319455
16.2431 16.1339 0.319455
16.2431 16.1339 0.319455
16.0801 15.6271 0.310545
16.0801 15.6271 0.310545
16.0801 15.6271 0.310545
16.0801 15.6271 0.310545
16.0801 15.6271 0.310545
16.0801 15.6271 0.310545
16.0801 15.6271 0.310545
16.0801 15.6271 0.310545
16.2925 16.015 0.294436
15.9939 16.4048 0.292919
15.9939 16.4048 0.292919
15.9939 16.4048 0.292919
15.9939 16.4048 0.292919
15.9939 16.4048 0.292919
15.9939 16.4048 0.292919
12.5602 12.1762 0.312567
12.5602 12.1762 0.312567
12.5602 12.1762 0.312567
12.5602 12.1762 0.312567
12.5602 12.1762 0.312567
12.5602 12.1762 0.312567
12.5602 12.1762 0.312567
12.5602 12.1762 0.312567
12.5602 12.1762 0.312567
12.5602 12.1762 0.312567
12.5602 12.1762 0.312567
12.5602 12.1762 0.312567
12.5602 12.1762 0.312567
12.0739 11.9402 0.308631
12.0739 11.9402 0.308631
12.0739 11.9402 0.308631
12.0739 11.9402 0.308631
12.0739 11.9402 0.308631
12.0739 11.9402 0.308631
12.0739 11.9402 0.308631
11.9433 12.7711 0.31088
12.4378 12.4976 0.303659
12.4378 12.4976 0.303659
12.4378 12.4976 0.303659
12.4378 12.4976 0.303659
12.4378 12.4976 0.303659
12.4378 12.4976 0.303659
12.4378 12.4976 0.303659
12.4378 12.4976 0.303659
12.2684 12.8037 0.30866
12.2684 12.8037 0.30866
12.2684 12.8037 0.30866
12.2684 12.8037 0.30866
12.2684 12.8037 0.30866
11.9836 12.0406 0.301042
11.9836 12.0406 0.301042
11.9836 12.0406 0.301042
12.5564 12.7918 0.30033
12.5564 12.7918 0.30033
12.6728 12.1309 0.309553
12.6728 12.1309 0.309553
12.6728 12.1309 0.309553
12.6728 12.1309 0.309553
12.6728 12.1309 0.309553
12.6728 12.1309 0.309553
12.9724 12.7039 0.310201
12.9724 12.7039 0.310201
12.9724 12.7039 0.310201
13.1344 12.3645 0.316986
13.1344 12.3645 0.316986
12.8384 12.6762 0.302164
12.8384 12.6762 0.302164
12.8384 12.6762 0.302164
12.8384 12.6762 0.302164
12.8384 12.6762 0.302164
14.4434 14.7729 0.29386
14.4434 14.7729 0.29386
14.4434 14.7729 0.29386
14.4434 14.7729 0.29386
14.4434 14.7729 0.29386
14.3433 15.0875 0.281081
14.4823 14.6537 0.276907
14.4823 14.6537 0.276907
14.9939 14.6354 0.285044
14.9939 14.6354 0.285044
14.9939 14.6354 0.285044
14.9939 14.6354 0.285044
14.9939 14.6354 0.285044
14.8251 15.1601 0.282603
14.5079 14.6705 0.277043
14.6553 14.7707 0.280583
14.6553 14.7707 0.280583
14.6684 14.8453 0.283582
14.6684 14.8453 0.283582
15.0889 14.0603 0.293994
15.0889 14.0603 0.293994
15.0889 14.0603 0.293994
15.0889 14.0603 0.293994
15.0889 14.0603 0.293994
15.0889 14.0603 0.293994
15.0889 14.0603 0.293994
15.0889 14.0603 0.293994
15.0889 14.0603 0.293994
14.2972 14.6163 0.282196
14.2972 14.6163 0.282196
14.2972 14.6163 0.282196
14.2972 14.6163 0.282196
14.5453 14.1633 0.284257
14.5453 14.1633 0.284257
14.7769 14.4717 0.271893
14.7769 14.4717 0.271893
14.7769 14.4717 0.271893
14.7769 14.4717 0.271893
14.4042 14.6592 0.278698
14.4042 14.6592 0.278698
14.6832 14.4232 0.270046
14.6832 14.4232 0.270046
14.4973 14.8108 0.300634
15.062 14.4837 0.304337
15.062 14.4837 0.304337
6.90721 6.69042 0.291918
6.90721 6.69042 0.291918
6.90721 6.69042 0.291918
6.90721 6.69042 0.291918
6.54835 6.48714 0.297062
6.54835 6.48714 0.297062
6.54835 6.48714 0.297062
6.54835 6.48714 0.297062
6.54835 6.48714 0.297062
6.54835 6.48714 0.297062
6.54835 6.48714 0.297062
6.54835 6.48714 0.297062
6.54835 6.48714 0.297062
6.73545 6.91504 0.302479
6.73545 6.91504 0.302479
6.73545 6.91504 0.302479
6.73545 6.91504 0.302479
6.73545 6.91504 0.302479
6.73545 6.91504 0.302479
6.49001 7.08482 0.296082
6.49001 7.08482 0.296082
6.49001 7.08482 0.296082
6.49001 7.08482 0.296082
6.49001 7.08482 0.296082
6.49001 7.08482 0.296082
6.49001 7.08482 0.296082
6.7606 6.42001 0.305989
6.7606 6.42001 0.305989
6.7606 6.42001 0.305989
6.7606 6.42001 0.305989
6.57013 6.8455 0.306743
6.57013 6.8455 0.306743
6.57013 6.8455 0.306743
6.57013 6.8455 0.306743
6.57013 6.8455 0.306743
6.57013 6.8455 0.306743
6.57013 6.8455 0.306743
6.57013 6.8455 0.306743
6.81789 6.69674 0.299045
6.81789 6.69674 0.299045
6.63277 6.69209 0.284075
6.63277 6.69209 0.284075
6.63277 6.69209 0.284075
6.92008 6.63898 0.304395
6.92008 6.63898 0.304395
6.92008 6.63898 0.304395
6.92008 6.63898 0.304395
6.92008 6.63898 0.304395
6.92008 6.63898 0.304395
6.92008 6.63898 0.304395
6.92008 6.63898 0.304395
6.92008 6.63898 0.304395
6.92008 6.63898 0.304395
6.92008 6.63898 0.304395
6.92008 6.63898 0.304395
6.92008 6.63898 0.304395
6.92008 6.63898 0.304395
6.92008 6.63898 0.304395
6.92008 6.63898 0.304395
6.92008 6.63898 0.304395
6.92008 6.63898 0.304395
6.92008 6.63898 0.304395
6.92008 6.63898 0.304395
6.92008 6.63898 0.304395
6.92008 6.63898 0.304395
6.92008 6.63898 0.304395
6.92008 6.63898 0.304395
6.92008 6.63898 0.304395
6.92008 6.63898 0.304395
6.92008 6.63898 0.304395
6.92008 6.63898 0.304395
6.92008 6.63898 0.304395
6.92008 6.63898 0.304395
6.92008 6.63898 0.304395
6.65549 6.53111 0.302183
6.65549 6.53111 0.302183
6.65549 6.53111 0.302183
7.20014 7.13727 0.287603
7.20014 7.13727 0.287603
7.20014 7.13727 0.287603
7.20014 7.13727 0.287603
7.20014 7.13727 0.287603
7.20014 7.13727 0.287603
7.20014 7.13727 0.287603
7.20014 7.13727 0.287603
7.20014 7.13727 0.287603
7.20014 7.13727 0.287603
7.20014 7.13727 0.287603
7.20014 7.13727 0.287603
7.20014 7.13727 0.287603
7.20014 7.13727 0.287603
7.20014 7.13727 0.287603
7.20014 7.13727 0.287603
7.20014 7.13727 0.287603
7.20014 7.13727 0.287603
7.20014 7.13727 0.287603
7.20014 7.13727 0.287603
7.20014 7.13727 0.287603
6.69283 6.74861 0.308956
6.7337 6.21424 0.308087
