6.41141 5.80163 0.326401
6.60168 6.55829 -0.00513132
7.94892 8.07917 0.327881
8.47849 8.40586 0.311079
7.86086 7.6541 0.315561
7.70532 7.53725 0.329441
10.0264 9.50547 0.30064
9.54755 8.63614 0.334419
7.65865 7.3692 0.331659
11.3022 11.1313 0.302842
6.26677 6.11479 0.00463575
8.78117 8.44332 0.333806
8.47702 8.90792 0.315742
10.8893 10.8167 0.297563
6.41059 6.44927 0.336636
7.76934 7.81639 0.324898
10.6623 11.261 0.307756
10.4932 10.1955 0.310451
9.75382 8.97282 0.30782
7.84539 7.69072 0.299296
6.3866 6.9274 0.303754
10.385 10.1523 0.301174
9.40154 9.24956 0.30916
9.75321 9.82333 0.314131
7.83837 7.7609 0.316319
8.23837 8.66738 0.310123
7.7512 6.83979 0.337838
6.63728 6.66439 0.29874
6.12699 6.26278 -0.00087697
8.94596 9.34247 0.314267
8.98506 9.18767 0.301749
6.25576 6.57126 0.300287
9.22787 9.12761 0.327324
6.4195 6.29928 0.00329886
10.1509 9.62505 0.317959
11.0954 11.1135 0.309931
10.5824 10.7959 0.290764
7.70532 7.53725 0.329441
7.64894 8.05518 0.34052
8.63151 8.34205 0.326626
8.99875 8.80327 0.33306
6.0564 5.53544 0.309091
8.78117 8.44332 0.333806
6.1631 6.81809 0.32597
8.32888 7.56721 0.308641
8.14265 7.1191 0.317752
9.62661 9.28876 0.329975
6.57256 6.37708 0.0136096
8.23784 8.08172 0.290084
9.24185 9.29449 0.301483
9.47628 9.74146 0.316703
9.59136 9.35862 0.308758
8.29573 8.83653 0.324694
9.28712 9.75771 0.320932
9.46724 9.87348 0.331656
8.16877 8.00963 0.336521
7.76934 7.81639 0.324898
6.0564 5.53544 0.309091
7.67132 8.50239 0.320505
8.07652 7.88142 0.326346
9.30085 9.4311 0.328802
9.45291 9.29679 0.27991
6.93656 6.81633 0.301809
10.4728 10.266 0.299113
6.29217 6.34845 0.315809
7.76934 7.81639 0.324898
8.04784 7.85237 0.332648
7.86086 7.6541 0.315561
6.71851 6.42868 0.306304
6.31797 6.82728 0.296647
11.2488 10.8795 0.32234
10.1169 10.6039 0.286997
9.39774 9.0683 0.321427
9.84419 9.64871 0.329229
6.4195 6.29928 0.00329886
8.70788 8.6858 0.321052
10.0945 10.2247 0.321217
6.0564 5.53544 0.309091
8.99875 8.80327 0.33306
6.63728 6.66439 0.29874
11.2283 11.1849 0.30566
11.2283 11.1849 0.30566
10.5261 10.9324 0.31722
7.2269 8.05797 0.324845
8.67818 8.51011 0.324408
6.29217 6.34845 0.315809
9.63892 9.72904 0.301024
9.16539 9.652 0.294968
6.3866 6.9274 0.303754
6.4195 6.29928 0.00329886
8.58888 8.29112 0.328717
7.69507 7.97467 0.312577
6.26297 5.93353 0.0169025
9.47628 9.74146 0.316703
7.64894 8.05518 0.34052
6.29217 6.34845 0.315809
10.6386 9.90951 0.316339
10.1417 10.5382 0.310926
8.23837 8.66738 0.310123
7.67994 7.94511 0.320122
8.17781 9.00888 0.325256
8.17781 9.00888 0.325256
8.21252 8.69956 0.305264
8.21252 8.69956 0.305264
8.79629 8.64163 0.299707
8.84569 8.72547 0.322749
8.55318 8.68897 0.318573
8.63084 8.89602 0.320533
8.63084 8.89602 0.320533
8.63084 8.89602 0.320533
8.63084 8.89602 0.320533
8.77468 9.01547 0.307342
8.77468 9.01547 0.307342
8.70211 7.7907 0.338249
7.88281 7.67606 0.310117
7.88281 7.67606 0.310117
7.88281 7.67606 0.310117
7.88281 7.67606 0.310117
7.88281 7.67606 0.310117
7.88281 7.67606 0.310117
7.88281 7.67606 0.310117
7.88281 7.67606 0.310117
7.50591 7.99252 0.309482
7.50591 7.99252 0.309482
7.50591 7.99252 0.309482
7.50591 7.99252 0.309482
7.58236 7.63501 0.315997
8.07652 7.88142 0.326346
7.7645 7.67277 0.326554
7.13141 7.40505 0.327375
7.13141 7.40505 0.327375
7.07713 7.414 0.317819
7.07713 7.414 0.317819
8.12502 7.83556 0.321875
8.12502 7.83556 0.321875
8.12502 7.83556 0.321875
8.12502 7.83556 0.321875
8.4679 8.39663 0.313753
8.4679 8.39663 0.313753
8.4679 8.39663 0.313753
7.88086 7.3599 0.307304
7.88086 7.3599 0.307304
7.89322 8.15766 0.313185
7.89322 8.15766 0.313185
7.89322 8.15766 0.313185
8.13949 8.41908 0.308237
8.13949 8.41908 0.308237
8.06104 8.36338 0.323091
8.06104 8.36338 0.323091
7.76733 8.12228 0.32654
7.76733 8.12228 0.32654
7.76733 8.12228 0.32654
7.76733 8.12228 0.32654
7.76733 8.12228 0.32654
7.97952 7.68271 0.30515
7.73089 8.1274 0.324442
7.73089 8.1274 0.324442
7.73089 8.1274 0.324442
7.73089 8.1274 0.324442
7.73089 8.1274 0.324442
8.19036 8.14158 0.314207
8.19036 8.14158 0.314207
8.19036 8.14158 0.314207
8.49226 8.29678 0.328309
8.20139 8.17931 0.316301
8.20139 8.17931 0.316301
8.76304 8.12508 0.315458
8.76304 8.12508 0.315458
8.76304 8.12508 0.315458
8.76304 8.12508 0.315458
8.39435 7.30464 0.328485
8.32722 8.12047 0.305777
8.04659 8.52264 0.311458
8.04659 8.52264 0.311458
8.04659 8.52264 0.311458
7.66504 8.43073 0.328254
7.66504 8.43073 0.328254
7.66504 8.43073 0.328254
7.66504 8.43073 0.328254
8.18267 7.85323 0.331601
8.18267 7.85323 0.331601
8.18267 7.85323 0.331601
8.20892 8.11718 0.322214
8.20892 8.11718 0.322214
8.20892 8.11718 0.322214
8.20892 8.11718 0.322214
8.47849 8.40586 0.311079
8.47849 8.40586 0.311079
7.72062 8.22992 0.312836
7.72062 8.22992 0.312836
7.72062 8.22992 0.312836
7.72062 8.22992 0.312836
8.01279 7.91254 0.337498
8.01279 7.91254 0.337498
8.01279 7.91254 0.337498
8.01279 7.91254 0.337498
8.23784 8.08172 0.290084
8.23784 8.08172 0.290084
8.23784 8.08172 0.290084
8.23784 8.08172 0.290084
7.53795 7.98026 0.325994
8.01458 8.10227 0.333403
8.53183 7.43415 0.314045
8.53183 7.43415 0.314045
8.53183 7.43415 0.314045
7.80676 8.61229 0.301827
8.4515 8.42825 0.302071
8.4515 8.42825 0.302071
8.4515 8.42825 0.302071
7.71035 8.33696 0.30723
7.71035 8.33696 0.30723
7.71035 8.33696 0.30723
7.71035 8.33696 0.30723
7.71035 8.33696 0.30723
8.16108 8.36933 0.316615
8.54759 8.67595 0.306096
8.51401 7.92093 0.325566
8.30817 7.96026 0.328404
8.30817 7.96026 0.328404
8.30817 7.96026 0.328404
7.81789 8.20667 0.313278
7.81789 8.20667 0.313278
7.81789 8.20667 0.313278
7.81789 8.20667 0.313278
7.81048 8.14747 0.311832
7.82936 7.61116 0.306647
8.52069 7.95818 0.313803
8.52069 7.95818 0.313803
8.52069 7.95818 0.313803
8.52069 7.95818 0.313803
8.52069 7.95818 0.313803
8.52069 7.95818 0.313803
8.52069 7.95818 0.313803
8.52069 7.95818 0.313803
8.52069 7.95818 0.313803
8.52069 7.95818 0.313803
8.52069 7.95818 0.313803
8.52069 7.95818 0.313803
7.9992 8.25197 0.30494
7.99704 7.99371 0.332994
7.99704 7.99371 0.332994
8.42893 8.43874 0.303297
8.42893 8.43874 0.303297
8.42893 8.43874 0.303297
8.42893 8.43874 0.303297
8.42893 8.43874 0.303297
7.56483 8.04221 0.323641
7.56483 8.04221 0.323641
7.56483 8.04221 0.323641
7.56483 8.04221 0.323641
8.26198 7.8189 0.327327
8.26198 7.8189 0.327327
8.26198 7.8189 0.327327
7.68919 8.03339 0.328425
7.68919 8.03339 0.328425
7.68919 8.03339 0.328425
8.30651 8.90236 0.297146
8.30651 8.90236 0.297146
8.19873 7.99228 0.321811
8.19873 7.99228 0.321811
8.34983 8.62921 0.333203
8.34983 8.62921 0.333203
8.34983 8.62921 0.333203
8.23556 8.54508 0.33275
7.70456 8.34636 0.322071
7.70456 8.34636 0.322071
7.70456 8.34636 0.322071
7.70456 8.34636 0.322071
7.70456 8.34636 0.322071
7.70456 8.34636 0.322071
7.70456 8.34636 0.322071
7.90315 8.19101 0.285765
7.90315 8.19101 0.285765
7.7156 8.30427 0.309214
7.7156 8.30427 0.309214
7.7156 8.30427 0.309214
7.7156 8.30427 0.309214
7.7156 8.30427 0.309214
8.32367 8.1684 0.316364
8.59578 8.22413 0.313392
8.66473 8.30587 0.328082
8.66473 8.30587 0.328082
8.66473 8.30587 0.328082
7.72628 8.12173 0.30786
8.42481 7.94899 0.329209
8.42481 7.94899 0.329209
8.42481 7.94899 0.329209
8.42481 7.94899 0.329209
8.63074 8.76882 0.312448
8.63074 8.76882 0.312448
8.63074 8.76882 0.312448
8.63074 8.76882 0.312448
8.63074 8.76882 0.312448
7.78307 8.09392 0.32504
8.20984 8.22644 0.32596
8.20984 8.22644 0.32596
8.20984 8.22644 0.32596
8.20984 8.22644 0.32596
8.20984 8.22644 0.32596
8.33741 8.06434 0.310904
7.87424 8.38202 0.302207
7.87424 8.38202 0.302207
8.18118 8.05825 0.326451
8.18118 8.05825 0.326451
7.89444 7.95622 0.319333
8.18942 8.38121 0.320082
8.18942 8.38121 0.320082
8.18942 8.38121 0.320082
8.18942 8.38121 0.320082
8.18942 8.38121 0.320082
8.24238 8.39511 0.301652
8.24238 8.39511 0.301652
7.99488 8.04792 0.335474
7.89668 7.59493 0.306974
7.89668 7.59493 0.306974
7.80489 7.81642 0.317918
7.80489 7.81642 0.317918
7.80489 7.81642 0.317918
7.90293 8.31506 0.299503
8.39982 8.06968 0.307229
8.39982 8.06968 0.307229
8.25986 8.19345 0.319012
8.25986 8.19345 0.319012
8.0028 8.53927 0.32669
8.71688 8.5244 0.309968
8.71688 8.5244 0.309968
8.71688 8.5244 0.309968
8.71688 8.5244 0.309968
7.78668 8.30077 0.309872
7.78668 8.30077 0.309872
7.69617 7.675 0.31378
7.69617 7.675 0.31378
7.69617 7.675 0.31378
8.13911 8.21396 0.311656
8.13911 8.21396 0.311656
8.13911 8.21396 0.311656
8.13911 8.21396 0.311656
8.43477 7.90079 0.314551
8.43477 7.90079 0.314551
8.16418 8.46131 0.308728
8.21599 8.09792 0.317708
8.21599 8.09792 0.317708
8.21599 8.09792 0.317708
8.21599 8.09792 0.317708
8.21599 8.09792 0.317708
7.66903 7.67996 0.312939
8.04595 7.8266 0.32251
8.04595 7.8266 0.32251
8.04595 7.8266 0.32251
8.04595 7.8266 0.32251
8.04595 7.8266 0.32251
8.0673 7.76368 0.301802
8.19021 8.59118 0.318258
8.19021 8.59118 0.318258
8.19021 8.59118 0.318258
8.44368 8.30039 0.304546
8.44368 8.30039 0.304546
8.39691 7.46896 0.311831
8.39691 7.46896 0.311831
8.39691 7.46896 0.311831
8.3831 8.24212 0.287649
8.3831 8.24212 0.287649
8.0181 7.82601 0.306649
8.0181 7.82601 0.306649
8.0181 7.82601 0.306649
8.0181 7.82601 0.306649
7.85861 8.00166 0.307021
7.85861 8.00166 0.307021
7.85861 8.00166 0.307021
7.89604 8.20452 0.318147
8.09568 8.05412 0.316248
8.09568 8.05412 0.316248
8.47058 8.9505 0.302417
8.47058 8.9505 0.302417
8.47058 8.9505 0.302417
8.20945 8.05292 0.318854
8.20945 8.05292 0.318854
8.20945 8.05292 0.318854
8.20945 8.05292 0.318854
8.20945 8.05292 0.318854
8.29651 8.35062 0.321905
8.29651 8.35062 0.321905
8.29651 8.35062 0.321905
8.21973 8.14029 0.317438
8.21973 8.14029 0.317438
8.21973 8.14029 0.317438
8.21973 8.14029 0.317438
8.21973 8.14029 0.317438
8.21973 8.14029 0.317438
8.21973 8.14029 0.317438
8.21973 8.14029 0.317438
8.21973 8.14029 0.317438
8.21973 8.14029 0.317438
7.81411 8.18458 0.308339
7.81411 8.18458 0.308339
8.15519 8.24861 0.315537
8.15519 8.24861 0.315537
8.26016 8.09668 0.325594
8.19293 8.37568 0.324239
8.19293 8.37568 0.324239
8.16099 8.67603 0.312835
8.22216 8.2403 0.315013
8.22216 8.2403 0.315013
8.22216 8.2403 0.315013
8.02975 8.63465 0.331244
8.02975 8.63465 0.331244
8.00575 7.61678 0.308273
8.00575 7.61678 0.308273
8.00575 7.61678 0.308273
8.00575 7.61678 0.308273
8.7682 7.97176 0.328911
8.7682 7.97176 0.328911
7.69168 8.17171 0.332384
7.69168 8.17171 0.332384
7.69168 8.17171 0.332384
8.14714 8.63444 0.323664
8.14714 8.63444 0.323664
8.14714 8.63444 0.323664
8.14714 8.63444 0.323664
8.14714 8.63444 0.323664
8.27751 8.55224 0.316021
8.27751 8.55224 0.316021
8.27751 8.55224 0.316021
8.27751 8.55224 0.316021
8.27751 8.55224 0.316021
8.27751 8.55224 0.316021
7.89616 7.99082 0.324239
7.9699 8.15694 0.314356
7.9699 8.15694 0.314356
7.9699 8.15694 0.314356
8.13384 8.09259 0.313796
8.13384 8.09259 0.313796
8.13384 8.09259 0.313796
8.27071 8.42317 0.30947
8.27071 8.42317 0.30947
8.27071 8.42317 0.30947
8.19332 8.53449 0.311349
8.19332 8.53449 0.311349
8.19332 8.53449 0.311349
8.19332 8.53449 0.311349
8.19332 8.53449 0.311349
8.19332 8.53449 0.311349
8.14066 8.54179 0.316959
8.54036 8.15977 0.318919
8.5263 8.54504 0.315245
8.40492 7.81722 0.319935
8.40492 7.81722 0.319935
8.46106 8.25203 0.29852
8.46106 8.25203 0.29852
8.46106 8.25203 0.29852
8.01541 7.66121 0.316636
8.01541 7.66121 0.316636
8.01541 7.66121 0.316636
7.94189 8.14366 0.309699
7.92266 7.41625 0.294749
7.92266 7.41625 0.294749
7.92266 7.41625 0.294749
8.32724 8.37351 0.306259
8.58973 7.80298 0.305781
8.58973 7.80298 0.305781
8.58973 7.80298 0.305781
7.71807 8.23158 0.317705
8.38332 7.80781 0.304756
8.38332 7.80781 0.304756
7.92411 7.59592 0.304397
7.92411 7.59592 0.304397
7.92411 7.59592 0.304397
7.92411 7.59592 0.304397
7.92411 7.59592 0.304397
7.92411 7.59592 0.304397
8.22592 8.08162 0.305514
8.63394 8.31407 0.324131
8.19342 8.27546 0.330679
7.91198 8.47447 0.30937
7.91198 8.47447 0.30937
7.91198 8.47447 0.30937
8.00769 8.27847 0.320453
8.00769 8.27847 0.320453
8.00769 8.27847 0.320453
8.00769 8.27847 0.320453
8.18246 8.44068 0.3168
8.18246 8.44068 0.3168
8.18246 8.44068 0.3168
8.18246 8.44068 0.3168
8.88908 8.14593 0.315721
8.88908 8.14593 0.315721
8.88908 8.14593 0.315721
8.88908 8.14593 0.315721
8.07669 7.71107 0.332471
8.07669 7.71107 0.332471
8.07669 7.71107 0.332471
7.9003 8.72962 0.339538
8.68528 8.04542 0.319078
7.9732 8.27736 0.285102
7.9732 8.27736 0.285102
7.9732 8.27736 0.285102
7.9732 8.27736 0.285102
7.9732 8.27736 0.285102
7.77186 7.81612 0.31064
7.8988 8.20397 0.316176
8.0154 7.80823 0.307942
8.0154 7.80823 0.307942
8.0154 7.80823 0.307942
7.94216 7.74558 0.321072
7.94216 7.74558 0.321072
7.94216 7.74558 0.321072
7.7585 8.01936 0.307365
8.2467 8.00805 0.33129
8.2467 8.00805 0.33129
8.1839 7.82069 0.301564
8.1839 7.82069 0.301564
8.1839 7.82069 0.301564
8.36612 8.18755 0.323465
8.36612 8.18755 0.323465
8.43195 8.49614 0.310013
8.43195 8.49614 0.310013
8.37385 8.10218 0.316015
8.37385 8.10218 0.316015
8.58722 8.52479 0.322363
8.58722 8.52479 0.322363
8.12562 8.14654 0.305803
8.12562 8.14654 0.305803
8.12562 8.14654 0.305803
8.36373 8.28503 0.313331
8.36373 8.28503 0.313331
8.36373 8.28503 0.313331
8.69488 8.57838 0.2995
8.69488 8.57838 0.2995
8.09692 8.54115 0.32327
8.09692 8.54115 0.32327
8.09692 8.54115 0.32327
7.97092 8.22665 0.313271
7.7511 8.26566 0.31992
8.26768 8.48295 0.328747
7.92537 7.79566 0.308251
8.55177 7.76248 0.307426
8.55177 7.76248 0.307426
8.55177 7.76248 0.307426
8.55177 7.76248 0.307426
8.55177 7.76248 0.307426
8.55177 7.76248 0.307426
7.92687 7.8033 0.301605
7.92687 7.8033 0.301605
7.92687 7.8033 0.301605
8.12134 8.28429 0.313487
8.12134 8.28429 0.313487
8.12134 8.28429 0.313487
8.08504 7.87206 0.286135
8.49461 8.51161 0.307285
8.49461 8.51161 0.307285
8.49461 8.51161 0.307285
8.49461 8.51161 0.307285
8.49461 8.51161 0.307285
8.49461 8.51161 0.307285
8.49461 8.51161 0.307285
8.49461 8.51161 0.307285
7.9755 7.67156 0.308638
7.6729 8.11357 0.316716
7.6729 8.11357 0.316716
8.4177 8.20237 0.296923
8.16384 8.24006 0.308979
8.16384 8.24006 0.308979
7.4707 7.53098 0.320886
8.15716 7.34966 0.324775
8.15716 7.34966 0.324775
8.15716 7.34966 0.324775
8.15716 7.34966 0.324775
8.15716 7.34966 0.324775
8.15716 7.34966 0.324775
8.15716 7.34966 0.324775
7.74636 8.67242 0.311208
8.37877 8.1974 0.312986
8.37877 8.1974 0.312986
8.37877 8.1974 0.312986
8.37877 8.1974 0.312986
8.37877 8.1974 0.312986
8.37877 8.1974 0.312986
8.37877 8.1974 0.312986
8.37877 8.1974 0.312986
8.37877 8.1974 0.312986
8.37877 8.1974 0.312986
8.37877 8.1974 0.312986
8.65908 8.45468 0.309889
8.65908 8.45468 0.309889
8.65908 8.45468 0.309889
8.65908 8.45468 0.309889
8.65908 8.45468 0.309889
8.43278 7.5957 0.316
7.91833 7.8305 0.318105
8.81674 8.53155 0.310569
8.81674 8.53155 0.310569
8.29654 8.43966 0.298342
7.61869 9.16057 0.320802
7.61869 9.16057 0.320802
7.75494 7.99174 0.316141
7.75494 7.99174 0.316141
7.75494 7.99174 0.316141
7.75494 7.99174 0.316141
7.75494 7.99174 0.316141
8.93045 8.24366 0.315661
8.93045 8.24366 0.315661
8.93045 8.24366 0.315661
8.93045 8.24366 0.315661
8.93045 8.24366 0.315661
8.93045 8.24366 0.315661
7.87146 8.66957 0.318771
8.22117 8.31556 0.313584
8.22117 8.31556 0.313584
8.22117 8.31556 0.313584
7.89035 7.93656 0.294028
7.89035 7.93656 0.294028
7.89035 7.93656 0.294028
7.89035 7.93656 0.294028
7.89035 7.93656 0.294028
7.89035 7.93656 0.294028
7.58771 8.35809 0.309864
8.22995 8.14589 0.329625
8.22995 8.14589 0.329625
7.92823 8.09516 0.331729
7.92823 8.09516 0.331729
8.75971 8.40595 0.324063
8.75971 8.40595 0.324063
8.75971 8.40595 0.324063
8.75971 8.40595 0.324063
8.75971 8.40595 0.324063
8.75971 8.40595 0.324063
8.75971 8.40595 0.324063
7.88433 8.65603 0.314433
7.88433 8.65603 0.314433
7.59837 8.09716 0.326981
7.59837 8.09716 0.326981
7.96629 8.26924 0.324995
7.96629 8.26924 0.324995
7.55703 8.55561 0.309729
7.55703 8.55561 0.309729
7.55703 8.55561 0.309729
7.61779 7.45652 0.299921
7.61779 7.45652 0.299921
8.57139 7.89607 0.325411
8.57139 7.89607 0.325411
8.57139 7.89607 0.325411
8.57139 7.89607 0.325411
8.57139 7.89607 0.325411
8.57139 7.89607 0.325411
8.57139 7.89607 0.325411
8.57139 7.89607 0.325411
8.57139 7.89607 0.325411
8.57139 7.89607 0.325411
8.57139 7.89607 0.325411
8.57139 7.89607 0.325411
8.57139 7.89607 0.325411
8.35807 8.05506 0.324647
8.35807 8.05506 0.324647
8.35807 8.05506 0.324647
8.35807 8.05506 0.324647
8.57984 8.08897 0.321399
8.57984 8.08897 0.321399
7.81993 8.25646 0.31902
8.05433 8.01157 0.324608
8.05433 8.01157 0.324608
8.05433 8.01157 0.324608
8.05433 8.01157 0.324608
8.46769 7.84348 0.329442
8.46769 7.84348 0.329442
8.46769 7.84348 0.329442
8.10604 8.4226 0.322531
8.10604 8.4226 0.322531
8.10604 8.4226 0.322531
8.06628 7.92052 0.315546
8.06628 7.92052 0.315546
8.06628 7.92052 0.315546
8.06628 7.92052 0.315546
7.88734 7.75129 0.307737
7.88734 7.75129 0.307737
7.88734 7.75129 0.307737
7.88734 7.75129 0.307737
8.13932 8.4478 0.307228
8.13932 8.4478 0.307228
8.13932 8.4478 0.307228
8.13071 8.01694 0.313035
8.13071 8.01694 0.313035
8.16796 7.92096 0.313035
8.16796 7.92096 0.313035
8.16796 7.92096 0.313035
8.16796 7.92096 0.313035
8.16796 7.92096 0.313035
8.13476 8.54048 0.310221
8.13476 8.54048 0.310221
8.84894 8.12802 0.293841
8.21888 8.22977 0.321068
8.54812 7.53789 0.319966
8.54812 7.53789 0.319966
8.54812 7.53789 0.319966
8.54812 7.53789 0.319966
8.12232 8.02114 0.322673
8.12232 8.02114 0.322673
8.12232 8.02114 0.322673
8.12232 8.02114 0.322673
8.12232 8.02114 0.322673
8.1371 7.96887 0.328708
8.1371 7.96887 0.328708
8.1371 7.96887 0.328708
8.1371 7.96887 0.328708
7.88239 8.14177 0.325026
7.88239 8.14177 0.325026
7.88239 8.14177 0.325026
7.88239 8.14177 0.325026
8.86621 8.47039 0.316105
8.86621 8.47039 0.316105
8.86621 8.47039 0.316105
8.86621 8.47039 0.316105
8.86621 8.47039 0.316105
8.86621 8.47039 0.316105
8.86621 8.47039 0.316105
8.86621 8.47039 0.316105
8.48626 7.97115 0.317666
8.48626 7.97115 0.317666
8.48626 7.97115 0.317666
8.31442 8.38803 0.295586
8.31442 8.38803 0.295586
8.31442 8.38803 0.295586
8.31442 8.38803 0.295586
8.31442 8.38803 0.295586
8.31442 8.38803 0.295586
8.22837 7.89795 0.329341
8.27525 7.8682 0.305823
8.27525 7.8682 0.305823
7.99932 7.623 0.312452
7.99932 7.623 0.312452
7.99932 7.623 0.312452
7.74228 8.08732 0.309287
7.74228 8.08732 0.309287
7.74228 8.08732 0.309287
8.01086 8.28949 0.313303
7.63126 7.72196 0.320964
7.63126 7.72196 0.320964
8.10591 8.47306 0.316631
8.10591 8.47306 0.316631
8.25277 8.32118 0.327754
8.25277 8.32118 0.327754
8.25277 8.32118 0.327754
8.25277 8.32118 0.327754
8.35996 8.20423 0.284158
8.04942 8.32506 0.315753
8.04942 8.32506 0.315753
8.04942 8.32506 0.315753
8.20809 7.95872 0.317786
8.20809 7.95872 0.317786
8.20809 7.95872 0.317786
7.88094 8.20722 0.298953
7.88094 8.20722 0.298953
7.74164 8.05505 0.312434
7.69252 7.92117 0.321067
8.95344 8.42229 0.305799
7.76553 8.21774 0.303359
7.76553 8.21774 0.303359
7.76553 8.21774 0.303359
7.76553 8.21774 0.303359
7.76553 8.21774 0.303359
8.41468 8.24123 0.31272
8.41468 8.24123 0.31272
8.31286 8.16091 0.322003
8.45322 8.34904 0.328746
7.8719 7.57999 0.32198
7.8719 7.57999 0.32198
7.8719 7.57999 0.32198
7.8719 7.57999 0.32198
7.98611 8.17876 0.317896
7.98611 8.17876 0.317896
7.98611 8.17876 0.317896
7.98611 8.17876 0.317896
7.98611 8.17876 0.317896
6.04783 6.09178 0.0205589
6.04783 6.09178 0.0205589
6.04783 6.09178 0.0205589
6.04783 6.09178 0.0205589
6.04783 6.09178 0.0205589
6.04783 6.09178 0.0205589
6.47058 6.19881 -0.0183841
6.47058 6.19881 -0.0183841
6.00667 5.97816 0.00289481
6.0679 5.82756 -0.00250895
6.0679 5.82756 -0.00250895
6.01208 6.04234 -0.000752924
6.01208 6.04234 -0.000752924
6.01208 6.04234 -0.000752924
6.01208 6.04234 -0.000752924
6.36556 6.87274 -0.00146155
6.36556 6.87274 -0.00146155
6.36556 6.87274 -0.00146155
6.36556 6.87274 -0.00146155
6.36556 6.87274 -0.00146155
6.36556 6.87274 -0.00146155
6.36556 6.87274 -0.00146155
6.36556 6.87274 -0.00146155
6.36556 6.87274 -0.00146155
6.36556 6.87274 -0.00146155
6.36556 6.87274 -0.00146155
6.58391 5.82938 0.00352092
6.58391 5.82938 0.00352092
6.58391 5.82938 0.00352092
6.58391 5.82938 0.00352092
6.58391 5.82938 0.00352092
5.70706 6.07175 0.0260659
5.70706 6.07175 0.0260659
5.70706 6.07175 0.0260659
5.70706 6.07175 0.0260659
5.91241 6.04484 0.000465257
6.17673 5.96018 -0.00356271
6.17673 5.96018 -0.00356271
6.17673 5.96018 -0.00356271
6.59607 5.89542 0.0060963
6.59607 5.89542 0.0060963
6.74331 6.39611 0.00730086
6.74331 6.39611 0.00730086
6.74331 6.39611 0.00730086
6.74331 6.39611 0.00730086
6.74331 6.39611 0.00730086
6.74331 6.39611 0.00730086
6.74331 6.39611 0.00730086
5.68589 6.42463 -0.000516435
5.68589 6.42463 -0.000516435
5.68589 6.42463 -0.000516435
6.47709 6.10878 0.01017
6.47709 6.10878 0.01017
6.47709 6.10878 0.01017
6.47709 6.10878 0.01017
6.47709 6.10878 0.01017
6.47709 6.10878 0.01017
6.47709 6.10878 0.01017
6.57431 6.71006 -0.00332545
6.57431 6.71006 -0.00332545
6.57431 6.71006 -0.00332545
6.19817 6.48035 -0.00329855
6.19817 6.48035 -0.00329855
6.19817 6.48035 -0.00329855
6.19817 6.48035 -0.00329855
5.94049 6.50248 0.009852
5.94049 6.50248 0.009852
5.94049 6.50248 0.009852
5.94049 6.50248 0.009852
5.94049 6.50248 0.009852
5.94049 6.50248 0.009852
5.94049 6.50248 0.009852
5.94049 6.50248 0.009852
5.94049 6.50248 0.009852
6.36684 6.63806 -0.0241859
6.33956 6.00027 0.00559225
6.33956 6.00027 0.00559225
6.33956 6.00027 0.00559225
5.73993 5.77686 -0.00498431
5.73993 5.77686 -0.00498431
5.73993 5.77686 -0.00498431
6.00299 6.42784 -0.00712312
6.00299 6.42784 -0.00712312
6.00299 6.42784 -0.00712312
6.00299 6.42784 -0.00712312
6.00299 6.42784 -0.00712312
6.5472 6.21999 0.00469693
6.5472 6.21999 0.00469693
6.5472 6.21999 0.00469693
6.5472 6.21999 0.00469693
6.29698 5.92767 0.00260254
6.29698 5.92767 0.00260254
6.29698 5.92767 0.00260254
6.24543 6.34507 0.00345536
5.8125 6.71327 -0.00326448
5.8125 6.71327 -0.00326448
5.8125 6.71327 -0.00326448
5.8125 6.71327 -0.00326448
5.8125 6.71327 -0.00326448
6.04035 6.44712 0.0152168
6.04035 6.44712 0.0152168
6.04035 6.44712 0.0152168
6.04035 6.44712 0.0152168
6.04035 6.44712 0.0152168
6.04035 6.44712 0.0152168
6.04035 6.44712 0.0152168
6.04035 6.44712 0.0152168
6.32836 6.15672 -0.00632841
5.87295 5.80043 0.00865663
5.87295 5.80043 0.00865663
5.87295 5.80043 0.00865663
6.23755 6.91737 -0.0035252
6.23755 6.91737 -0.0035252
6.23755 6.91737 -0.0035252
6.23755 6.91737 -0.0035252
6.48301 6.31336 0.00958211
6.48301 6.31336 0.00958211
6.48301 6.31336 0.00958211
6.48301 6.31336 0.00958211
6.48301 6.31336 0.00958211
6.48301 6.31336 0.00958211
6.48301 6.31336 0.00958211
6.48301 6.31336 0.00958211
6.48301 6.31336 0.00958211
6.48301 6.31336 0.00958211
6.48301 6.31336 0.00958211
6.48301 6.31336 0.00958211
6.14222 6.39929 -0.00522199
6.14222 6.39929 -0.00522199
6.14222 6.39929 -0.00522199
6.14222 6.39929 -0.00522199
6.14222 6.39929 -0.00522199
6.28687 6.73979 -0.00597567
6.28687 6.73979 -0.00597567
6.28687 6.73979 -0.00597567
6.28687 6.73979 -0.00597567
6.77094 6.28492 0.0111073
6.77094 6.28492 0.0111073
6.77094 6.28492 0.0111073
6.77094 6.28492 0.0111073
6.77094 6.28492 0.0111073
6.77094 6.28492 0.0111073
6.77094 6.28492 0.0111073
6.77094 6.28492 0.0111073
6.77094 6.28492 0.0111073
6.77094 6.28492 0.0111073
6.77094 6.28492 0.0111073
6.77094 6.28492 0.0111073
6.77094 6.28492 0.0111073
5.7035 6.69035 0.016265
6.73144 6.57395 0.0153207
6.73144 6.57395 0.0153207
5.96178 6.18368 -0.0180866
5.96178 6.18368 -0.0180866
6.48575 6.29434 0.0030314
6.48575 6.29434 0.0030314
6.48575 6.29434 0.0030314
6.48575 6.29434 0.0030314
6.48575 6.29434 0.0030314
6.48575 6.29434 0.0030314
6.10382 6.11323 -0.00799342
6.10382 6.11323 -0.00799342
6.10382 6.11323 -0.00799342
6.10382 6.11323 -0.00799342
6.13789 6.21648 -0.0126281
6.13789 6.21648 -0.0126281
6.13789 6.21648 -0.0126281
6.13789 6.21648 -0.0126281
6.27471 6.59936 -0.00799855
6.27471 6.59936 -0.00799855
6.27471 6.59936 -0.00799855
6.27471 6.59936 -0.00799855
6.27471 6.59936 -0.00799855
6.27471 6.59936 -0.00799855
6.63138 6.21764 -0.0159746
6.5937 6.20199 0.00201557
6.5937 6.20199 0.00201557
6.5937 6.20199 0.00201557
6.5937 6.20199 0.00201557
6.5937 6.20199 0.00201557
6.5937 6.20199 0.00201557
8.26175 7.99647 0.320064
8.26175 7.99647 0.320064
8.3159 7.48083 0.32996
8.3159 7.48083 0.32996
8.3159 7.48083 0.32996
8.3159 7.48083 0.32996
7.42511 8.39892 0.312969
7.42511 8.39892 0.312969
7.42511 8.39892 0.312969
7.42511 8.39892 0.312969
7.42511 8.39892 0.312969
7.42511 8.39892 0.312969
7.73867 8.08482 0.320468
7.55767 7.61498 0.323017
7.55767 7.61498 0.323017
7.55767 7.61498 0.323017
7.55767 7.61498 0.323017
7.9581 7.93618 0.329293
7.9581 7.93618 0.329293
7.9581 7.93618 0.329293
7.9581 7.93618 0.329293
7.9581 7.93618 0.329293
7.9581 7.93618 0.329293
7.9581 7.93618 0.329293
7.65465 7.67415 0.314102
7.65465 7.67415 0.314102
7.65465 7.67415 0.314102
7.65465 7.67415 0.314102
7.2346 7.94937 0.334981
7.2346 7.94937 0.334981
7.2346 7.94937 0.334981
7.2346 7.94937 0.334981
7.87507 7.58476 0.32028
7.87507 7.58476 0.32028
7.87507 7.58476 0.32028
7.61401 7.54096 0.320274
7.94185 7.87397 0.342777
7.94185 7.87397 0.342777
7.86638 7.54547 0.324176
7.53925 7.6216 0.331086
7.53925 7.6216 0.331086
7.56987 7.36688 0.323504
7.56987 7.36688 0.323504
7.56987 7.36688 0.323504
7.56987 7.36688 0.323504
7.56987 7.36688 0.323504
7.56987 7.36688 0.323504
7.56987 7.36688 0.323504
7.56987 7.36688 0.323504
7.56987 7.36688 0.323504
7.76065 7.77074 0.329108
8.11121 8.22753 0.314885
8.11121 8.22753 0.314885
7.48773 7.44614 0.318896
7.48773 7.44614 0.318896
8.30623 7.55707 0.325364
8.30623 7.55707 0.325364
8.11728 7.63699 0.327997
8.11728 7.63699 0.327997
8.11728 7.63699 0.327997
8.11728 7.63699 0.327997
8.11728 7.63699 0.327997
7.49205 7.76084 0.317134
7.49205 7.76084 0.317134
7.49205 7.76084 0.317134
7.64386 7.89692 0.341532
7.64386 7.89692 0.341532
7.45824 8.12442 0.321935
7.45824 8.12442 0.321935
7.45824 8.12442 0.321935
7.90465 7.81367 0.326274
7.92974 7.88033 0.326269
7.92974 7.88033 0.326269
7.71789 7.18123 0.333319
7.11045 7.98029 0.316387
7.11045 7.98029 0.316387
7.11045 7.98029 0.316387
7.11045 7.98029 0.316387
8.02536 7.9405 0.345808
8.02536 7.9405 0.345808
8.02536 7.9405 0.345808
7.87644 8.13229 0.328541
7.87644 8.13229 0.328541
7.87644 8.13229 0.328541
7.32224 7.99772 0.332009
7.32224 7.99772 0.332009
7.95489 8.1947 0.332886
8.14433 7.47854 0.325959
8.14433 7.47854 0.325959
7.71341 7.80211 0.326626
8.17224 7.76124 0.321647
8.17224 7.76124 0.321647
8.17224 7.76124 0.321647
8.28754 7.23624 0.313902
8.28754 7.23624 0.313902
8.28754 7.23624 0.313902
8.28754 7.23624 0.313902
8.28754 7.23624 0.313902
8.28754 7.23624 0.313902
7.25842 7.17476 0.315447
7.6627 7.7909 0.339863
7.6627 7.7909 0.339863
7.6627 7.7909 0.339863
7.86715 7.57157 0.324785
7.59739 7.9104 0.334844
7.59877 7.74094 0.317611
7.59877 7.74094 0.317611
7.59877 7.74094 0.317611
8.27173 8.09306 0.317779
8.27173 8.09306 0.317779
8.27173 8.09306 0.317779
8.27173 8.09306 0.317779
8.27173 8.09306 0.317779
8.27173 8.09306 0.317779
7.79759 8.0738 0.343912
7.79759 8.0738 0.343912
7.79759 8.0738 0.343912
7.44992 7.51319 0.32357
7.44992 7.51319 0.32357
7.44992 7.51319 0.32357
7.44992 7.51319 0.32357
7.39541 7.48192 0.328589
7.39541 7.48192 0.328589
7.39541 7.48192 0.328589
7.39804 7.7424 0.334387
7.39804 7.7424 0.334387
7.39804 7.7424 0.334387
7.39804 7.7424 0.334387
7.88621 6.9914 0.328226
7.88621 6.9914 0.328226
7.88621 6.9914 0.328226
7.88621 6.9914 0.328226
7.88621 6.9914 0.328226
7.88621 6.9914 0.328226
7.88621 6.9914 0.328226
7.88621 6.9914 0.328226
7.88621 6.9914 0.328226
7.81381 8.03559 0.320761
7.25525 7.55084 0.315681
7.25525 7.55084 0.315681
7.25525 7.55084 0.315681
7.25525 7.55084 0.315681
7.25525 7.55084 0.315681
7.86255 8.63479 0.311321
7.86255 8.63479 0.311321
7.86255 8.63479 0.311321
7.86255 8.63479 0.311321
7.86255 8.63479 0.311321
7.86255 8.63479 0.311321
7.86255 8.63479 0.311321
7.86255 8.63479 0.311321
7.86255 8.63479 0.311321
7.86255 8.63479 0.311321
7.81917 7.60482 0.32329
7.81917 7.60482 0.32329
7.81917 7.60482 0.32329
7.81917 7.60482 0.32329
8.27556 7.82633 0.325624
7.55609 7.77759 0.33376
7.55609 7.77759 0.33376
7.55609 7.77759 0.33376
7.55609 7.77759 0.33376
7.67973 7.6789 0.342639
7.67973 7.6789 0.342639
7.83489 6.55377 0.320072
7.83489 6.55377 0.320072
7.2037 7.28261 0.327489
7.2037 7.28261 0.327489
7.2037 7.28261 0.327489
7.75672 7.97408 0.31295
7.75672 7.97408 0.31295
7.75672 7.97408 0.31295
7.75672 7.97408 0.31295
7.75672 7.97408 0.31295
7.75672 7.97408 0.31295
7.92918 8.00931 0.320048
7.92918 8.00931 0.320048
9.5095 9.29155 0.293507
9.5095 9.29155 0.293507
9.5095 9.29155 0.293507
9.5095 9.29155 0.293507
9.5095 9.29155 0.293507
9.37142 9.60457 0.323135
10.0517 9.25034 0.325479
10.0517 9.25034 0.325479
9.46491 9.25164 0.306353
9.46491 9.25164 0.306353
9.46491 9.25164 0.306353
9.46491 9.25164 0.306353
9.46491 9.25164 0.306353
9.46491 9.25164 0.306353
9.46491 9.25164 0.306353
9.46491 9.25164 0.306353
9.46491 9.25164 0.306353
9.46491 9.25164 0.306353
9.60021 9.04906 0.316828
9.60021 9.04906 0.316828
9.60915 9.18366 0.312593
9.05453 10.0486 0.318323
9.62922 9.19277 0.310124
9.08989 9.54493 0.316284
9.08989 9.54493 0.316284
9.40639 9.82427 0.324326
9.76696 9.03488 0.293269
9.76696 9.03488 0.293269
9.71596 9.98433 0.307507
9.09882 8.99299 0.31165
9.09882 8.99299 0.31165
9.77009 9.7251 0.315017
9.7845 9.66128 0.309121
9.7845 9.66128 0.309121
9.7845 9.66128 0.309121
9.7845 9.66128 0.309121
9.7845 9.66128 0.309121
9.7845 9.66128 0.309121
9.73745 9.95944 0.303952
9.73745 9.95944 0.303952
9.73745 9.95944 0.303952
9.69104 9.49199 0.3331
9.69104 9.49199 0.3331
9.91049 9.307 0.296661
9.91049 9.307 0.296661
9.61155 9.32024 0.329048
9.56758 9.74695 0.297293
9.56758 9.74695 0.297293
9.38141 9.66909 0.314119
9.38141 9.66909 0.314119
9.38141 9.66909 0.314119
9.38141 9.66909 0.314119
9.38141 9.66909 0.314119
9.38141 9.66909 0.314119
9.88727 9.21444 0.311017
9.88727 9.21444 0.311017
9.88727 9.21444 0.311017
9.88727 9.21444 0.311017
9.70807 9.82826 0.331393
9.79457 10.3697 0.319948
9.33721 9.41968 0.317157
9.33721 9.41968 0.317157
9.33721 9.41968 0.317157
9.10113 9.66837 0.313094
9.10113 9.66837 0.313094
9.10113 9.66837 0.313094
9.10113 9.66837 0.313094
9.10113 9.66837 0.313094
9.35427 9.54967 0.331678
9.28477 9.73353 0.32942
10.6933 11.0072 0.320349
10.8477 10.8799 0.311329
10.8477 10.8799 0.311329
11.2641 10.6406 0.30735
11.2641 10.6406 0.30735
11.2641 10.6406 0.30735
11.2641 10.6406 0.30735
11.2641 10.6406 0.30735
11.2641 10.6406 0.30735
11.2641 10.6406 0.30735
11.5686 11.1055 0.325729
11.096 11.3264 0.319035
11.096 11.3264 0.319035
10.2577 10.8541 0.295421
11.1101 10.8746 0.311326
11.1101 10.8746 0.311326
11.1101 10.8746 0.311326
11.1101 10.8746 0.311326
11.4326 10.9885 0.310158
10.733 10.8855 0.289799
11.2231 10.5755 0.321381
10.6046 10.936 0.293803
10.6046 10.936 0.293803
10.6046 10.936 0.293803
10.9028 10.3757 0.30978
10.6824 10.8665 0.286257
10.6824 10.8665 0.286257
10.6824 10.8665 0.286257
10.8993 11.2323 0.309891
10.505 11.5812 0.330531
11.0069 10.243 0.311773
11.0069 10.243 0.311773
10.796 10.9961 0.319609
10.796 10.9961 0.319609
10.9083 10.6489 0.327405
10.9474 11.1552 0.297943
10.9474 11.1552 0.297943
11.4876 10.5537 0.310078
11.4876 10.5537 0.310078
10.6884 10.693 0.312679
10.5471 10.5978 0.332535
10.9551 11.0012 0.302212
10.5704 10.9149 0.298496
10.6821 10.6202 0.305734
11.1706 10.6501 0.306999
11.1706 10.6501 0.306999
11.1706 10.6501 0.306999
10.7789 10.4769 0.304182
10.4412 10.3549 0.295758
10.4412 10.3549 0.295758
11.1567 10.2962 0.301974
10.2989 10.4559 0.292041
10.8779 10.299 0.300403
10.7577 10.1244 0.311449
10.3858 10.2675 0.307651
10.5366 10.1301 0.292117
10.9991 10.2375 0.307729
10.8175 10.9332 0.309129
10.3834 10.3926 0.293446
10.2955 10.5462 0.308976
10.3715 10.043 0.289146
10.3715 10.043 0.289146
10.3715 10.043 0.289146
10.6665 10.6245 0.299531
10.4743 11.1075 0.291153
10.4743 11.1075 0.291153
10.5412 10.9758 0.302197
10.5412 10.9758 0.302197
10.7062 10.4633 0.29118
10.7794 10.0703 0.28365
10.7794 10.0703 0.28365
10.7794 10.0703 0.28365
10.4204 10.3997 0.303737
10.6084 10.4598 0.306716
10.4281 10.8467 0.315057
10.5956 10.6175 0.295801
10.4392 10.0034 0.30986
10.9743 11.1761 0.287093
10.7096 10.6946 0.283372
10.4482 10.2404 0.303874
10.7732 10.8595 0.301415
10.7732 10.8595 0.301415
11.0243 10.2924 0.306946
11.0243 10.2924 0.306946
10.5344 10.5413 0.302854
10.5344 10.5413 0.302854
10.6677 9.8693 0.319597
10.6677 9.8693 0.319597
9.99806 10.4187 0.309585
10.3853 10.3716 0.308833
10.3883 10.6559 0.312343
10.3883 10.6559 0.312343
10.6182 10.4027 0.287685
10.4922 10.3642 0.313566
10.7436 10.3386 0.312612
10.442 10.8638 0.304727
11.0152 10.8329 0.301687
10.9618 10.3922 0.302274
10.9618 10.3922 0.302274
10.4833 10.9804 0.298237
10.3841 10.9497 0.302574
10.2974 10.5082 0.331099
10.5895 10.7196 0.302843
10.5895 10.7196 0.302843
10.3579 10.5164 0.298546
10.7624 10.7091 0.306311
10.7624 10.7091 0.306311
10.7624 10.7091 0.306311
10.2292 10.1595 0.295711
10.0793 10.4122 0.300426
10.0793 10.4122 0.300426
10.4862 9.97906 0.293382
10.6277 10.17 0.307913
10.3141 10.4518 0.309923
10.3141 10.4518 0.309923
10.0882 10.7519 0.28492
10.8935 10.9323 0.300482
10.8969 10.3337 0.302671
10.8969 10.3337 0.302671
10.8969 10.3337 0.302671
10.9681 10.6433 0.3088
11.2579 10.946 0.315993
10.8459 10.001 0.304215
10.417 9.76964 0.294138
10.3031 10.3366 0.298509
10.8793 10.0065 0.296088
10.8793 10.0065 0.296088
10.7893 10.2691 0.294985
10.5625 10.5973 0.299945
10.8223 10.8591 0.287425
10.1477 10.6875 0.312847
10.2611 10.3913 0.303175
10.2157 10.227 0.293375
10.5463 10.5875 0.303878
10.8801 10.3368 0.318425
10.5718 10.6652 0.296189
10.6022 10.0984 0.303127
10.871 10.3178 0.290126
10.871 10.3178 0.290126
10.9614 10.38 0.30734
10.5682 9.98731 0.285115
10.7686 11.0858 0.294695
10.7686 11.0858 0.294695
10.4872 10.8146 0.295292
10.7174 10.5191 0.308926
10.3505 11.0329 0.308047
10.5992 10.9526 0.301167
10.176 10.3519 0.297634
10.0385 10.7784 0.289789
10.2453 10.478 0.305239
10.3076 10.1487 0.291529
10.3076 10.1487 0.291529
10.3076 10.1487 0.291529
10.2097 10.3834 0.298519
10.8058 10.7571 0.305444
10.6269 10.6272 0.278464
11.1305 9.95768 0.301678
10.4183 10.2979 0.30697
10.3001 10.6527 0.304889
10.5721 11.0801 0.299838
10.1967 10.9625 0.304793
10.6987 9.99426 0.305305
10.2668 10.3906 0.309813
10.2668 10.3906 0.309813
10.4983 10.5172 0.272941
10.4983 10.5172 0.272941
10.4983 10.5172 0.272941
10.3903 10.2526 0.309834
10.3903 10.2526 0.309834
10.3798 10.4213 0.290533
10.3798 10.4213 0.290533
10.4428 10.7818 0.300385
9.90019 10.4854 0.294512
10.3284 10.1391 0.303994
10.1758 10.6762 0.304324
10.384 10.7428 0.305875
10.384 10.7428 0.305875
10.1342 10.9358 0.304716
10.3967 10.6923 0.299672
10.1405 10.6022 0.291315
10.7059 10.3908 0.283629
10.9624 10.7995 0.29611
10.0072 10.5098 0.306884
11.1251 10.7216 0.288725
10.6798 11.1267 0.309527
10.8682 10.4816 0.303616
10.8682 10.4816 0.303616
10.8682 10.4816 0.303616
10.4108 10.5342 0.301839
10.6374 10.79 0.29468
10.6374 10.79 0.29468
10.6374 10.79 0.29468
10.5488 10.8554 0.302987
10.4015 10.3595 0.277735
10.4015 10.3595 0.277735
10.8556 10.7567 0.306933
10.395 10.6733 0.310772
10.3143 9.94987 0.28733
10.4609 10.5758 0.29213
11.0928 10.3035 0.310717
10.8326 10.696 0.293256
10.3726 10.9231 0.316781
10.5571 10.8906 0.311602
10.4795 10.1294 0.299363
10.4502 10.4397 0.291213
10.0408 10.7394 0.310646
10.1942 10.4051 0.291364
10.4653 10.3247 0.308171
10.8496 10.2302 0.296101
10.3268 10.4812 0.281457
11.0995 10.4753 0.299932
11.0995 10.4753 0.299932
10.7992 10.1182 0.297441
10.5184 10.4283 0.309324
10.6894 10.5877 0.28302
10.7785 10.8495 0.303724
10.7116 11.3266 0.288814
10.5713 10.7586 0.307536
10.5713 10.7586 0.307536
10.9393 10.4026 0.31401
10.5071 10.7331 0.289685
10.7781 10.5651 0.305176
10.9523 10.3249 0.294601
10.9217 10.4236 0.293032
10.6254 10.7675 0.301607
10.3195 10.6332 0.293975
10.5273 9.65444 0.309649
10.4038 10.4933 0.309883
10.4992 10.9872 0.305327
10.4166 10.9143 0.297614
10.9098 10.2745 0.30143
10.1285 10.8075 0.301736
10.4979 10.256 0.269565
10.4979 10.256 0.269565
10.5943 10.801 0.285703
10.5943 10.801 0.285703
10.5943 10.801 0.285703
10.3382 10.6635 0.303953
10.8546 10.6716 0.303213
10.4246 10.4816 0.300592
10.4246 10.4816 0.300592
10.4128 10.5129 0.285663
10.4632 9.82517 0.301532
10.552 10.5252 0.285184
10.572 11.0086 0.291561
10.9017 10.7015 0.302888
10.1275 10.5333 0.296081
10.7576 11.2418 0.299217
10.3079 10.3453 0.303254
10.5754 10.3026 0.328647
10.8445 10.9359 0.320584
11.0518 10.2064 0.316019
11.0436 10.8928 0.30498
11.0436 10.8928 0.30498
10.9191 10.4398 0.318103
10.4515 10.9847 0.296292
10.4515 10.9847 0.296292
11.0922 10.9114 0.304865
11.282 10.4003 0.303505
10.4427 9.82517 0.314035
11.3566 10.4021 0.313244
11.3566 10.4021 0.313244
11.0297 10.7222 0.311723
10.3739 10.4452 0.305031
10.6112 11.1141 0.311577
10.5639 10.5194 0.292234
10.5639 10.5194 0.292234
10.1404 10.743 0.299933
10.5863 10.3891 0.319798
10.6857 10.3442 0.299501
10.403 11.0372 0.307697
11.0061 11.3289 0.292801
10.3649 10.4933 0.288469
10.0824 10.7762 0.304605
10.0824 10.7762 0.304605
10.7496 10.3485 0.272698
10.4479 10.8208 0.296155
10.8847 10.5283 0.313074
10.5834 10.5897 0.302015
10.4141 10.3607 0.297657
10.4724 10.0845 0.302629
10.4331 10.625 0.312524
10.5118 10.3323 0.290082
10.5141 10.6984 0.301973
10.5998 10.989 0.284064
11.0863 10.9218 0.294363
10.513 10.6268 0.30203
10.8264 9.86572 0.314636
10.6629 10.8597 0.304185
10.559 10.5318 0.304263
10.559 10.5318 0.304263
10.5521 10.3183 0.303793
10.5798 11.1816 0.307332
10.2178 10.3748 0.319236
10.743 10.4977 0.294046
10.743 10.4977 0.294046
10.5741 10.489 0.297414
10.1191 10.1533 0.302384
10.6739 10.5582 0.299878
10.9112 10.213 0.305725
10.5469 10.6825 0.304435
10.5469 10.6825 0.304435
10.7011 10.627 0.294753
10.7011 10.627 0.294753
10.6306 11.0573 0.294293
10.5594 10.6212 0.28573
10.2001 10.5571 0.3024
10.0507 10.8512 0.294472
10.5713 10.4665 0.29074
10.9781 11.1927 0.298597
11.057 10.0545 0.303744
10.5411 10.2879 0.305559
10.4814 11.0746 0.290525
10.7997 10.7115 0.330929
10.7997 10.7115 0.330929
10.7997 10.7115 0.330929
10.6976 10.3463 0.294744
11.1442 10.5116 0.326794
10.7079 10.5723 0.294016
10.7402 10.8005 0.302474
10.7402 10.8005 0.302474
10.8271 10.3121 0.309219
10.8709 10.3447 0.30038
10.8709 10.3447 0.30038
10.8709 10.3447 0.30038
11.0709 10.7039 0.302304
10.3807 10.1629 0.280976
10.3807 10.1629 0.280976
10.8656 10.1717 0.317861
10.8656 10.1717 0.317861
10.4799 10.6845 0.306275
10.9528 10.3947 0.29664
10.7114 10.0667 0.306213
10.7114 10.0667 0.306213
10.7641 10.5894 0.289598
10.8891 10.7444 0.297338
10.8891 10.7444 0.297338
10.8891 10.7444 0.297338
11.0915 10.5775 0.31528
10.4919 10.7054 0.292345
10.4919 10.7054 0.292345
10.5011 10.4373 0.305721
10.5011 10.4373 0.305721
10.6118 10.7828 0.300929
11.1199 10.3668 0.29319
10.633 10.3346 0.294522
10.3754 10.4499 0.296442
10.3991 10.5938 0.300729
10.0444 10.5195 0.295033
10.0444 10.5195 0.295033
10.2561 10.4234 0.293895
10.3058 11.3304 0.289073
10.7873 10.1964 0.317705
10.3919 11.0493 0.315276
10.5509 10.622 0.290742
10.5509 10.622 0.290742
10.5509 10.622 0.290742
10.6017 10.461 0.303176
10.4501 9.89639 0.327984
10.3418 10.1982 0.298576
10.9103 10.0495 0.306505
10.601 10.6711 0.305461
11.5441 11.0263 0.289374
11.5441 11.0263 0.289374
11.5441 11.0263 0.289374
10.3628 10.9945 0.297341
10.3994 10.2898 0.308639
10.5024 10.4205 0.29993
10.9008 10.3961 0.296672
10.9435 10.9411 0.302967
10.3923 11.2891 0.299979
10.457 10.6046 0.296994
10.5791 10.5091 0.31531
10.5791 10.5091 0.31531
10.5791 10.5091 0.31531
10.5879 10.9918 0.296381
10.8966 10.3766 0.308985
10.8966 10.3766 0.308985
10.4462 10.6442 0.306499
10.6936 10.7697 0.311662
11.032 10.4751 0.295395
11.032 10.4751 0.295395
10.0777 9.85472 0.298968
10.164 10.3337 0.301909
10.0749 10.5538 0.300081
10.0749 10.5538 0.300081
10.5747 10.3727 0.303221
10.5747 10.3727 0.303221
10.5747 10.3727 0.303221
10.2518 10.6091 0.313925
10.4654 10.5763 0.316601
10.4654 10.5763 0.316601
10.5193 10.3504 0.284821
10.775 10.2286 0.294395
10.7445 10.2851 0.312319
10.4328 10.9202 0.283938
10.4368 10.4873 0.308182
10.5731 11.2384 0.295892
10.5458 10.4372 0.32914
10.801 10.879 0.283129
10.6312 10.1921 0.311747
10.8597 10.9361 0.282741
10.4477 10.2096 0.303928
10.2693 10.635 0.307577
10.6236 10.9229 0.304539
10.4411 10.4848 0.286858
10.5701 10.6769 0.284836
10.5701 10.6769 0.284836
10.5701 10.6769 0.284836
10.8724 10.7369 0.309585
10.6249 10.7286 0.291934
10.6249 10.7286 0.291934
10.8616 10.5399 0.3065
10.5379 10.8922 0.310596
11.3094 10.0148 0.297354
11.4144 10.5139 0.290722
10.3731 10.17 0.291347
10.4427 10.0202 0.309276
10.2222 10.5699 0.322248
11.058 10.5802 0.293401
11.1158 10.7638 0.302552
11.1158 10.7638 0.302552
10.5183 10.9345 0.312557
10.5183 10.9345 0.312557
10.1309 10.4758 0.292412
10.9695 11.066 0.300989
10.9695 11.066 0.300989
10.3763 10.6799 0.280239
10.3763 10.6799 0.280239
10.7697 10.5114 0.315677
10.7697 10.5114 0.315677
10.189 10.7287 0.299917
10.5602 10.8356 0.300481
10.5996 10.1768 0.288556
10.0545 10.4136 0.291459
10.6466 10.461 0.297121
10.6466 10.461 0.297121
10.9214 10.7731 0.29055
10.9214 10.7731 0.29055
10.1229 10.3134 0.305213
10.9292 10.7047 0.299506
10.707 10.7118 0.29666
11.017 10.5538 0.301356
10.3533 10.8173 0.321706
10.4064 10.4346 0.308373
10.4064 10.4346 0.308373
11.0006 10.1704 0.303065
10.3665 10.2992 0.311522
11.3031 10.484 0.298856
10.816 10.5874 0.297589
10.816 10.5874 0.297589
11.153 10.5155 0.277913
10.4935 10.0828 0.287468
10.876 10.7684 0.315725
10.7515 10.3691 0.298932
11.2062 10.9979 0.313361
11.2919 10.9313 0.309529
10.2885 10.4518 0.286403
10.8721 10.1919 0.294831
10.4744 10.7338 0.303834
10.6019 10.4494 0.293771
10.688 10.2984 0.312153
10.2533 10.5122 0.314781
10.7869 10.6577 0.306062
9.85274 10.7017 0.299572
11.3398 10.4164 0.303047
10.8216 10.1876 0.312493
10.8216 10.1876 0.312493
10.8216 10.1876 0.312493
10.7314 10.9709 0.314701
10.7314 10.9709 0.314701
10.3795 10.903 0.284431
11.811 10.585 0.304759
10.725 10.7818 0.289578
10.4098 10.5565 0.298616
9.93647 11.3467 0.296695
10.6927 10.6677 0.299299
10.9446 10.5873 0.286995
10.9446 10.5873 0.286995
10.9446 10.5873 0.286995
10.7246 10.6518 0.304335
10.8184 11.3777 0.296032
10.1253 11.3155 0.292337
10.7849 10.2496 0.285943
10.7849 10.2496 0.285943
10.3776 10.2406 0.304787
10.2815 10.597 0.306298
9.88091 10.8503 0.335309
10.2249 10.5744 0.289595
10.8729 10.5633 0.305022
10.8729 10.5633 0.305022
10.8729 10.5633 0.305022
10.481 10.6863 0.279899
10.5319 11.2029 0.309772
9.93047 10.1512 0.293762
9.93047 10.1512 0.293762
9.93047 10.1512 0.293762
10.6773 11.09 0.310237
10.5631 10.3887 0.300173
10.1405 10.2676 0.295112
10.4551 11.1526 0.30921
10.4463 10.3222 0.305958
10.4463 10.3222 0.305958
10.5361 10.5722 0.29697
10.5361 10.5722 0.29697
10.5361 10.5722 0.29697
10.6972 10.959 0.286247
10.4046 10.852 0.300634
10.6654 11.1309 0.31764
10.4502 10.633 0.288814
10.8496 10.1941 0.30686
10.8496 10.1941 0.30686
10.5802 11.0711 0.305523
10.3447 10.8599 0.295013
10.3884 10.1907 0.310808
10.3884 10.1907 0.310808
10.3884 10.1907 0.310808
10.5889 10.0778 0.292464
10.5681 10.5658 0.308614
10.5681 10.5658 0.308614
10.6204 10.6019 0.279376
11.0255 10.4154 0.301056
10.9058 10.4991 0.312464
10.4887 10.3169 0.280365
10.5603 10.5457 0.301872
10.2166 10.9168 0.28286
10.4048 10.6832 0.294109
9.97308 9.71204 0.310857
10.7336 10.541 0.30675
10.8155 10.4231 0.318582
10.9334 10.7727 0.30553
10.5253 10.5411 0.307458
10.4045 9.7151 0.299379
10.4045 9.7151 0.299379
10.6513 10.2674 0.288004
10.8558 10.5948 0.293901
10.8558 10.5948 0.293901
10.4585 10.4168 0.301554
10.4585 10.4168 0.301554
10.1451 10.3649 0.282971
10.5775 10.2457 0.3034
10.9081 10.6907 0.294487
10.8465 10.6078 0.31931
10.8002 10.6881 0.289344
10.8002 10.6881 0.289344
11.0088 10.4246 0.287435
10.6395 11.0029 0.298307
10.6395 11.0029 0.298307
9.92027 10.1556 0.29951
10.0914 10.8071 0.310317
10.0914 10.8071 0.310317
9.9305 10.4723 0.286102
9.9305 10.4723 0.286102
10.2988 10.8105 0.303956
10.2988 10.8105 0.303956
10.0654 10.2756 0.286621
10.3804 10.5147 0.290025
10.3804 10.5147 0.290025
10.3804 10.5147 0.290025
10.5409 10.5404 0.302991
10.1826 10.8187 0.282107
10.6348 10.6631 0.293389
10.257 10.6975 0.301775
10.6811 10.708 0.297666
10.9038 10.7303 0.285725
10.6152 10.4742 0.310119
10.6152 10.4742 0.310119
10.7491 9.94163 0.304025
10.7491 9.94163 0.304025
10.7541 11.1514 0.293502
11.0501 9.78437 0.313605
10.4027 10.6729 0.317786
11.0795 10.405 0.296016
11.0795 10.405 0.296016
10.6152 11.1412 0.324653
10.6152 11.1412 0.324653
10.535 10.8142 0.322981
10.535 10.8142 0.322981
10.9856 10.2291 0.29043
10.9856 10.2291 0.29043
10.4176 10.7703 0.334565
10.7738 10.9433 0.300419
10.7738 10.9433 0.300419
10.6919 10.8875 0.299594
9.84052 10.5418 0.317899
10.9497 10.6283 0.302292
10.9735 10.5632 0.291138
11.0025 10.7871 0.307203
10.1932 10.5061 0.30511
10.5381 10.3882 0.303517
10.5381 10.3882 0.303517
11.1588 10.5178 0.31592
10.2412 10.3706 0.299252
10.4613 10.6681 0.283703
10.5883 10.7836 0.311459
10.4233 10.1148 0.302887
10.4462 10.9528 0.300453
10.9458 10.3315 0.300897
11.0069 10.6781 0.295991
10.5406 10.3973 0.313448
10.5406 10.3973 0.313448
10.9978 10.5532 0.298779
10.0528 10.25 0.289385
10.4369 10.6112 0.305883
10.509 10.876 0.306236
10.6692 10.3341 0.306278
10.938 10.5669 0.30119
10.8803 10.5032 0.296591
10.4084 10.4664 0.28604
10.7908 10.6862 0.306973
10.5208 10.4777 0.306621
10.4332 10.1378 0.308057
10.4648 10.301 0.319084
10.3569 10.2106 0.307138
10.5543 10.0836 0.305213
10.6582 10.731 0.289193
10.6582 10.731 0.289193
10.1716 11.1581 0.295505
10.8598 10.0248 0.305675
10.8598 10.0248 0.305675
10.8598 10.0248 0.305675
10.3858 10.7304 0.301932
10.4829 10.7104 0.288631
10.1088 10.6222 0.298272
10.9021 10.6919 0.306841
10.3021 10.4602 0.317817
10.3021 10.4602 0.317817
10.3021 10.4602 0.317817
10.3021 10.4602 0.317817
10.2772 10.9405 0.284639
10.9761 10.8938 0.301607
10.7513 10.8127 0.296418
10.6654 10.3675 0.288964
10.3532 10.2845 0.326714
11.1899 10.7954 0.313418
11.1899 10.7954 0.313418
10.4342 10.1667 0.299495
10.8503 10.723 0.286186
10.8044 10.9467 0.305913
10.8044 10.9467 0.305913
10.4793 10.2736 0.298909
10.4793 10.2736 0.298909
10.7321 9.98286 0.305445
10.1609 10.8458 0.309784
9.86404 11.2407 0.301099
10.5468 10.6539 0.320265
10.547 10.3909 0.284536
10.9825 10.5656 0.304161
10.9825 10.5656 0.304161
10.9237 10.1765 0.332753
10.9237 10.1765 0.332753
10.8526 11.2425 0.305545
11.1436 10.8382 0.297442
10.2418 10.2244 0.29429
10.2418 10.2244 0.29429
10.683 10.4269 0.302634
10.181 10.5126 0.30187
10.181 10.5126 0.30187
10.449 10.1161 0.286125
10.838 10.7404 0.311826
10.838 10.7404 0.311826
10.6513 10.6727 0.29018
10.9485 10.7824 0.300129
10.4906 10.565 0.310347
10.3723 10.6762 0.310094
10.3744 10.124 0.308203
10.3744 10.124 0.308203
10.1825 10.8893 0.297037
10.5985 10.7998 0.286841
10.3239 10.5346 0.288058
10.5302 10.2896 0.290791
10.5167 10.6055 0.294529
11.0702 10.506 0.315311
11.0702 10.506 0.315311
10.8811 10.5944 0.28597
10.6543 10.3966 0.299523
10.6543 10.3966 0.299523
10.2113 10.748 0.301794
10.2113 10.748 0.301794
10.2113 10.748 0.301794
10.6162 10.2132 0.296884
10.6231 10.2549 0.308018
11.2406 10.2656 0.303559
10.4084 10.606 0.320895
10.771 10.6624 0.301043
10.9656 10.9683 0.293036
10.9656 10.9683 0.293036
10.2962 10.8317 0.290213
10.5971 10.0436 0.291174
10.5366 10.1551 0.314215
10.6161 10.2206 0.30081
10.6161 10.2206 0.30081
10.7792 10.4533 0.303763
10.6796 10.1764 0.308434
10.6967 10.8176 0.305076
10.6826 10.7157 0.295149
10.5218 10.9454 0.30753
10.7322 10.6872 0.307209
10.4585 9.92154 0.29901
10.4585 9.92154 0.29901
10.9507 10.0987 0.299098
10.9507 10.0987 0.299098
10.6241 10.9725 0.309428
10.6241 10.9725 0.309428
10.6381 9.90057 0.308681
10.3314 10.6131 0.301285
10.3314 10.6131 0.301285
10.4852 9.94202 0.287465
10.571 10.5682 0.309946
10.571 10.5682 0.309946
11.033 10.7311 0.293452
10.2472 10.7072 0.285328
9.98266 9.95286 0.30255
10.3309 10.5708 0.2951
10.7049 10.5787 0.304071
10.024 10.8228 0.298818
10.024 10.8228 0.298818
10.6242 10.4282 0.311758
10.6595 10.5648 0.334043
10.7364 10.7101 0.299955
10.7575 10.2466 0.289347
10.3762 10.8819 0.31272
11.0846 10.596 0.306917
10.4689 10.3469 0.291033
10.4689 10.3469 0.291033
10.4689 10.3469 0.291033
10.4689 10.3469 0.291033
11.1229 10.7772 0.298833
10.8926 10.5406 0.309563
10.7811 11.0976 0.31031
10.9075 10.4858 0.303339
10.8668 10.6225 0.290426
10.5457 9.97874 0.319754
10.6318 10.8368 0.292184
10.7386 10.2667 0.296887
10.9656 10.0764 0.326826
10.8055 10.2889 0.297867
10.8055 10.2889 0.297867
10.7716 10.5871 0.316449
10.7716 10.5871 0.316449
10.1235 10.5108 0.305452
10.4426 10.3775 0.306223
10.7182 11.0347 0.300086
10.4728 10.3481 0.283859
10.6981 10.3062 0.312845
10.5918 10.5761 0.301409
10.5976 10.6214 0.330995
10.2607 10.8099 0.28853
10.7136 10.8841 0.292647
10.7136 10.8841 0.292647
10.7336 10.3755 0.299264
10.7336 10.3755 0.299264
10.7336 10.3755 0.299264
10.7336 10.3755 0.299264
10.3293 10.4388 0.303674
10.3293 10.4388 0.303674
10.5171 10.8985 0.299056
10.7042 10.3993 0.287792
10.7042 10.3993 0.287792
10.6115 10.6707 0.294393
10.4493 10.6758 0.305668
10.6194 10.7606 0.292175
10.7952 10.7958 0.301507
10.5957 10.6703 0.303298
10.5957 10.6703 0.303298
10.5388 10.7889 0.313583
10.5388 10.7889 0.313583
9.74963 9.92304 0.307588
10.4723 10.4089 0.287129
10.4067 10.2293 0.313915
10.4067 10.2293 0.313915
10.3795 10.2492 0.301475
10.5823 10.4798 0.311457
11.1738 10.3385 0.284854
10.3977 10.9038 0.300688
10.5783 9.78953 0.312053
10.3711 10.7456 0.326873
10.3711 10.7456 0.326873
10.2489 10.6104 0.306023
11.0395 10.6165 0.300082
11.2411 10.6861 0.300759
10.6655 10.3169 0.305057
10.3958 10.3316 0.298426
10.8661 10.812 0.31315
10.5258 10.5222 0.298755
10.4345 10.4179 0.317353
10.4345 10.4179 0.317353
10.3669 9.98128 0.28619
10.8229 10.8855 0.307412
10.6754 10.6559 0.305347
10.1362 10.3426 0.304061
10.6092 9.85248 0.308401
10.6092 9.85248 0.308401
10.6019 10.3315 0.315016
10.6019 10.3315 0.315016
10.9977 10.4916 0.295141
11.0588 10.5923 0.300245
11.0588 10.5923 0.300245
10.1768 10.2837 0.31314
10.1768 10.2837 0.31314
10.9116 10.3476 0.315881
10.3356 10.2048 0.309926
10.4125 10.5027 0.315586
10.7034 11.204 0.311946
10.7034 11.204 0.311946
10.314 10.9272 0.299617
10.349 10.6574 0.302134
10.7898 10.8363 0.30279
10.2637 10.0793 0.294552
10.6722 10.6128 0.29485
9.94217 10.4347 0.292951
9.94217 10.4347 0.292951
10.7858 10.4335 0.301131
10.4651 10.8258 0.282803
11.0309 10.2242 0.294341
11.0309 10.2242 0.294341
10.677 10.3831 0.306259
9.90806 10.3752 0.301749
10.4368 10.8622 0.290311
10.9896 10.85 0.298838
10.5215 9.80931 0.300173
10.5215 9.80931 0.300173
10.5215 9.80931 0.300173
10.0456 10.5634 0.302073
10.7857 10.171 0.317083
9.9361 10.6765 0.291474
9.9361 10.6765 0.291474
10.7943 10.4673 0.300905
10.948 10.4832 0.30521
10.6104 10.8832 0.303885
10.9426 11.1281 0.271137
10.9426 11.1281 0.271137
10.494 10.605 0.289523
11.1417 10.7809 0.292707
10.2646 10.0378 0.300035
11.3074 10.4428 0.302224
11.1651 10.4935 0.310148
11.1651 10.4935 0.310148
10.7555 10.3153 0.297704
11.1325 10.5891 0.283021
10.0149 10.2075 0.318221
10.2733 10.2743 0.30746
10.2733 10.2743 0.30746
10.2733 10.2743 0.30746
10.4687 10.2787 0.311038
10.094 10.4236 0.302405
10.7631 10.2723 0.320546
10.677 11.3363 0.306264
10.5701 10.3349 0.298625
10.4705 10.5446 0.310685
10.3347 10.548 0.316397
10.9666 10.7073 0.302494
10.9382 10.3726 0.317844
10.229 10.8599 0.291322
10.6182 10.6679 0.297434
10.4745 10.8179 0.319102
10.6974 10.5553 0.306189
10.6965 10.5041 0.290583
10.0564 10.4848 0.297268
10.0564 10.4848 0.297268
10.5381 10.0685 0.300229
10.5821 10.7956 0.328362
9.92837 10.904 0.323404
10.8161 11.1192 0.286588
10.7783 10.399 0.304509
10.3428 10.4468 0.312249
10.6238 10.6595 0.292265
10.6238 10.6595 0.292265
10.6726 10.4565 0.307818
10.6726 10.4565 0.307818
10.6726 10.4565 0.307818
10.5204 10.524 0.292878
10.5204 10.524 0.292878
9.85708 10.4865 0.29461
10.2178 10.0153 0.305972
10.2178 10.0153 0.305972
10.7871 10.9487 0.296212
10.5643 9.86648 0.295983
10.7052 10.9797 0.28947
10.5157 10.0315 0.302692
10.4945 10.4412 0.304366
11.3064 9.96331 0.290341
10.5565 10.5602 0.297138
10.6072 10.5482 0.316038
10.8687 10.3863 0.30307
10.8687 10.3863 0.30307
10.865 10.5424 0.281756
11.1687 10.3681 0.286215
10.6608 10.1114 0.305842
10.6608 10.1114 0.305842
9.91532 10.1539 0.291302
9.91532 10.1539 0.291302
10.9203 10.6678 0.325867
10.9203 10.6678 0.325867
10.4021 10.4219 0.301543
10.8425 10.111 0.300185
10.5763 10.4475 0.30413
10.7681 11.1292 0.304762
10.7681 11.1292 0.304762
10.4779 10.0719 0.310838
10.7378 10.4851 0.300609
10.3148 10.5989 0.315705
10.3148 10.5989 0.315705
10.367 10.663 0.3039
10.682 10.3601 0.307017
10.4791 10.6044 0.324922
10.4697 10.2796 0.282693
9.96765 10.1515 0.295377
10.7271 11.0667 0.304958
10.7271 11.0667 0.304958
9.74221 10.4611 0.300555
10.7561 10.7438 0.307355
10.959 10.6585 0.320265
10.959 10.6585 0.320265
10.959 10.6585 0.320265
10.6845 10.6999 0.294019
10.6845 10.6999 0.294019
11.0708 10.0972 0.282677
11.0708 10.0972 0.282677
10.7276 10.4561 0.302599
10.9578 10.3415 0.31053
10.9578 10.3415 0.31053
10.6298 10.8911 0.292189
10.1316 10.7887 0.292278
10.2498 10.7382 0.297174
11.1201 10.7542 0.306167
11.1201 10.7542 0.306167
10.5346 11.1206 0.310725
10.3679 10.2432 0.306544
10.3679 10.2432 0.306544
10.6493 10.2836 0.309251
10.5508 10.417 0.311127
10.5508 10.417 0.311127
10.6551 10.7029 0.288366
10.6551 10.7029 0.288366
11.2024 10.8577 0.301536
10.431 10.7599 0.300345
10.431 10.7599 0.300345
10.5774 10.7229 0.316741
10.9728 10.4891 0.282283
10.8184 10.3764 0.302538
10.8184 10.3764 0.302538
10.8184 10.3764 0.302538
10.9178 10.6042 0.298048
10.8205 10.9087 0.303412
10.2778 9.7719 0.312912
11.1315 10.1318 0.306981
11.1315 10.1318 0.306981
10.9558 10.2159 0.299902
10.648 10.6553 0.305016
10.7544 10.4088 0.30792
10.6074 10.4258 0.316852
10.8569 10.6061 0.301505
10.8569 10.6061 0.301505
10.6711 10.9764 0.298778
10.3858 10.2469 0.298175
10.3858 10.2469 0.298175
10.4868 11.3334 0.297472
10.4868 11.3334 0.297472
10.3787 10.535 0.298442
10.4095 9.99659 0.303742
10.4095 9.99659 0.303742
10.4095 9.99659 0.303742
11.1791 10.2144 0.294411
10.4477 10.6723 0.293835
10.4477 10.6723 0.293835
10.6078 10.2767 0.281536
11.0427 10.2855 0.302555
10.6869 10.5194 0.287575
10.5173 11.1278 0.303347
10.8527 10.1277 0.292163
11.0493 10.1845 0.313818
10.1802 10.8246 0.289708
10.1802 10.8246 0.289708
10.2979 10.6072 0.302594
10.5031 10.4557 0.289802
10.3682 10.9438 0.29408
10.3682 10.9438 0.29408
10.3666 10.4867 0.290937
11.4496 10.6847 0.301379
10.2873 10.5989 0.297844
10.7401 10.4433 0.306411
10.7366 9.92968 0.310666
10.8872 10.4729 0.312166
10.8872 10.4729 0.312166
10.8872 10.4729 0.312166
10.0819 10.8707 0.295635
10.0819 10.8707 0.295635
10.0819 10.8707 0.295635
10.0403 10.8725 0.300145
10.519 10.0223 0.288757
10.3048 10.4551 0.299332
10.3048 10.4551 0.299332
10.731 10.5193 0.295607
10.6782 10.5331 0.303438
10.5933 10.6112 0.282296
10.4053 10.357 0.316681
10.4579 10.3374 0.29443
10.8526 10.6736 0.297883
10.9315 10.8926 0.30324
6.12513 6.30995 0.312628
6.12513 6.30995 0.312628
6.12513 6.30995 0.312628
6.12513 6.30995 0.312628
6.12513 6.30995 0.312628
6.12513 6.30995 0.312628
6.12513 6.30995 0.312628
6.45147 6.16703 0.303326
6.5455 6.29405 0.327496
6.5455 6.29405 0.327496
6.5455 6.29405 0.327496
6.5455 6.29405 0.327496
6.5455 6.29405 0.327496
6.5455 6.29405 0.327496
6.5455 6.29405 0.327496
6.5455 6.29405 0.327496
6.5455 6.29405 0.327496
6.5455 6.29405 0.327496
6.5455 6.29405 0.327496
6.5455 6.29405 0.327496
6.53326 6.50798 0.330492
6.33934 6.15323 0.32514
6.47624 6.34326 0.332651
6.47624 6.34326 0.332651
6.08742 6.44726 0.315183
6.27847 6.00654 0.319299
6.27847 6.00654 0.319299
6.27847 6.00654 0.319299
6.27847 6.00654 0.319299
6.09565 6.81358 0.308536
6.09565 6.81358 0.308536
6.11161 6.41993 0.313167
6.11161 6.41993 0.313167
6.11161 6.41993 0.313167
6.11161 6.41993 0.313167
6.11161 6.41993 0.313167
6.30906 6.52894 0.309729
6.7086 6.40736 0.306875
6.7086 6.40736 0.306875
6.7086 6.40736 0.306875
6.7086 6.40736 0.306875
6.7086 6.40736 0.306875
6.7086 6.40736 0.306875
6.7086 6.40736 0.306875
6.7086 6.40736 0.306875
6.7086 6.40736 0.306875
6.7086 6.40736 0.306875
6.64815 6.20779 0.332823
6.64815 6.20779 0.332823
6.64815 6.20779 0.332823
6.64815 6.20779 0.332823
6.64815 6.20779 0.332823
6.16847 6.0964 0.328873
6.16847 6.0964 0.328873
6.74333 6.33421 0.294801
6.74333 6.33421 0.294801
6.74333 6.33421 0.294801
6.74333 6.33421 0.294801
6.74333 6.33421 0.294801
6.74333 6.33421 0.294801
6.74333 6.33421 0.294801
6.29855 5.99771 0.307713
6.29855 5.99771 0.307713
6.29855 5.99771 0.307713
6.29855 5.99771 0.307713
8.04062 7.65883 0.330328
7.66098 7.77188 0.323041
7.66098 7.77188 0.323041
7.66098 7.77188 0.323041
7.66098 7.77188 0.323041
7.66098 7.77188 0.323041
7.56066 7.66569 0.335226
7.56066 7.66569 0.335226
7.56066 7.66569 0.335226
7.56066 7.66569 0.335226
7.56066 7.66569 0.335226
7.56066 7.66569 0.335226
7.56066 7.66569 0.335226
7.56066 7.66569 0.335226
7.56066 7.66569 0.335226
7.56066 7.66569 0.335226
7.56066 7.66569 0.335226
7.56066 7.66569 0.335226
7.79526 7.82742 0.326359
7.38865 7.49855 0.318529
7.1778 7.66083 0.317406
7.1778 7.66083 0.317406
7.7226 7.54594 0.321782
7.85464 7.6749 0.305
7.85464 7.6749 0.305
7.85464 7.6749 0.305
7.85464 7.6749 0.305
7.85464 7.6749 0.305
7.67217 7.39254 0.321476
7.67217 7.39254 0.321476
7.07179 7.75405 0.330494
7.07179 7.75405 0.330494
7.07179 7.75405 0.330494
7.73323 7.62131 0.309894
7.73323 7.62131 0.309894
6.04087 6.28655 0.0126829
6.04087 6.28655 0.0126829
6.27663 6.0176 0.00364776
11.3387 10.7606 0.296188
11.3387 10.7606 0.296188
11.3387 10.7606 0.296188
10.9674 10.599 0.300703
10.9674 10.599 0.300703
10.846 10.3866 0.303414
11.2064 10.9171 0.294167
11.2064 10.9171 0.294167
10.4382 11.1954 0.308654
10.7553 10.8715 0.322524
10.4995 10.6827 0.299386
10.2417 10.4573 0.317493
10.2417 10.4573 0.317493
10.5959 10.7762 0.320478
10.4085 11.2725 0.308403
10.8055 10.4913 0.30516
10.5726 11.1208 0.319443
11.2837 10.2924 0.301497
10.8224 11.0465 0.308367
10.7151 11.0526 0.303327
10.7151 11.0526 0.303327
10.1144 10.7088 0.316597
11.1739 10.6558 0.309857
11.1739 10.6558 0.309857
11.1739 10.6558 0.309857
10.8813 10.7037 0.308374
10.3979 11.065 0.306733
11.16 10.8222 0.321145
10.7222 10.6766 0.310573
10.9623 10.8704 0.302627
11.1785 11.3863 0.318298
11.148 10.9715 0.320269
11.148 10.9715 0.320269
10.6447 11.2028 0.325004
10.6447 11.2028 0.325004
10.8626 10.9108 0.313541
10.8626 10.9108 0.313541
10.8626 10.9108 0.313541
10.9916 11.4123 0.314694
10.637 10.9985 0.323272
10.637 10.9985 0.323272
10.637 10.9985 0.323272
10.8164 10.4401 0.312362
10.8164 10.4401 0.312362
10.8164 10.4401 0.312362
10.4902 11.0674 0.322502
10.4902 11.0674 0.322502
10.4902 11.0674 0.322502
10.6274 11.1141 0.303172
10.6274 11.1141 0.303172
11.1166 10.8522 0.296784
10.9726 10.8927 0.30369
11.4188 11.143 0.302502
10.3458 11.02 0.294362
10.3458 11.02 0.294362
10.3458 11.02 0.294362
11.1981 11.3597 0.309168
11.2227 10.9836 0.327515
11.2227 10.9836 0.327515
11.2227 10.9836 0.327515
10.8214 10.6037 0.317175
10.8214 10.6037 0.317175
11.1951 10.8825 0.315667
10.6542 10.6987 0.307131
10.6542 10.6987 0.307131
10.7914 10.6038 0.332359
10.7914 10.6038 0.332359
10.8555 10.3161 0.317459
10.8555 10.3161 0.317459
10.7105 10.9817 0.337586
11.0026 10.9592 0.324801
10.9277 11.4708 0.31466
10.8247 10.7877 0.312927
10.8247 10.7877 0.312927
10.9833 10.3765 0.315705
10.9833 10.3765 0.315705
11.1039 10.4852 0.293412
10.6059 11.2665 0.306856
10.6059 11.2665 0.306856
10.2548 10.9512 0.310905
10.8066 10.5404 0.31301
11.136 10.7011 0.328521
11.136 10.7011 0.328521
11.5077 10.7604 0.325966
10.9679 10.842 0.312562
10.9679 10.842 0.312562
10.6139 10.7123 0.316137
10.6139 10.7123 0.316137
10.6139 10.7123 0.316137
10.9743 11.0567 0.305876
10.6323 10.9393 0.305532
11.1841 10.6837 0.30943
11.3292 10.6265 0.293543
11.3292 10.6265 0.293543
11.3292 10.6265 0.293543
11.0611 11.3404 0.298311
11.0412 10.8811 0.311289
3.9382 46.556 -66.807
3.9382 46.556 -66.807
3.9382 46.556 -66.807
3.9382 46.556 -66.807
3.9382 46.556 -66.807
3.9382 46.556 -66.807
3.9382 46.556 -66.807
3.9382 46.556 -66.807
3.9382 46.556 -66.807
3.9382 46.556 -66.807
3.9382 46.556 -66.807
3.9382 46.556 -66.807
3.9382 46.556 -66.807
3.9382 46.556 -66.807
3.9382 46.556 -66.807
3.9382 46.556 -66.807
3.9382 46.556 -66.807
3.9382 46.556 -66.807
3.9382 46.556 -66.807
3.9382 46.556 -66.807
3.9382 46.556 -66.807
3.9382 46.556 -66.807
3.9382 46.556 -66.807
3.9382 46.556 -66.807
3.9382 46.556 -66.807
3.9382 46.556 -66.807
3.9382 46.556 -66.807
3.9382 46.556 -66.807
3.9382 46.556 -66.807
3.9382 46.556 -66.807
3.9382 46.556 -66.807
3.9382 46.556 -66.807
3.9382 46.556 -66.807
3.9382 46.556 -66.807
3.9382 46.556 -66.807
3.9382 46.556 -66.807
3.9382 46.556 -66.807
3.9382 46.556 -66.807
3.9382 46.556 -66.807
3.9382 46.556 -66.807
3.9382 46.556 -66.807
3.9382 46.556 -66.807
3.9382 46.556 -66.807
3.9382 46.556 -66.807
3.9382 46.556 -66.807
3.9382 46.556 -66.807
3.9382 46.556 -66.807
3.9382 46.556 -66.807
3.9382 46.556 -66.807
3.9382 46.556 -66.807
3.9382 46.556 -66.807
3.9382 46.556 -66.807
3.9382 46.556 -66.807
3.9382 46.556 -66.807
3.9382 46.556 -66.807
3.9382 46.556 -66.807
3.9382 46.556 -66.807
3.9382 46.556 -66.807
3.9382 46.556 -66.807
3.9382 46.556 -66.807
3.9382 46.556 -66.807
3.9382 46.556 -66.807
3.9382 46.556 -66.807
3.9382 46.556 -66.807
3.9382 46.556 -66.807
3.9382 46.556 -66.807
3.9382 46.556 -66.807
3.9382 46.556 -66.807
3.9382 46.556 -66.807
3.9382 46.556 -66.807
3.9382 46.556 -66.807
3.9382 46.556 -66.807
3.9382 46.556 -66.807
3.9382 46.556 -66.807
3.9382 46.556 -66.807
3.9382 46.556 -66.807
3.9382 46.556 -66.807
3.9382 46.556 -66.807
3.9382 46.556 -66.807
3.9382 46.556 -66.807
3.9382 46.556 -66.807
3.9382 46.556 -66.807
3.9382 46.556 -66.807
3.9382 46.556 -66.807
3.9382 46.556 -66.807
3.9382 46.556 -66.807
3.9382 46.556 -66.807
3.9382 46.556 -66.807
3.9382 46.556 -66.807
3.9382 46.556 -66.807
3.9382 46.556 -66.807
3.9382 46.556 -66.807
3.9382 46.556 -66.807
3.9382 46.556 -66.807
3.9382 46.556 -66.807
3.9382 46.556 -66.807
3.9382 46.556 -66.807
3.9382 46.556 -66.807
3.9382 46.556 -66.807
3.9382 46.556 -66.807
8.10741 8.01578 0.319242
8.10741 8.01578 0.319242
8.10741 8.01578 0.319242
8.15494 7.61623 0.313565
8.23726 7.46578 0.308453
7.34463 7.83575 0.307684
7.34463 7.83575 0.307684
7.34463 7.83575 0.307684
7.34463 7.83575 0.307684
7.34463 7.83575 0.307684
7.34463 7.83575 0.307684
7.34463 7.83575 0.307684
7.34463 7.83575 0.307684
7.37715 7.56849 0.333657
7.37715 7.56849 0.333657
7.37715 7.56849 0.333657
7.43831 7.82117 0.312761
7.43831 7.82117 0.312761
7.43831 7.82117 0.312761
7.43831 7.82117 0.312761
7.43831 7.82117 0.312761
7.43831 7.82117 0.312761
7.43831 7.82117 0.312761
7.43831 7.82117 0.312761
7.43831 7.82117 0.312761
7.43831 7.82117 0.312761
7.43831 7.82117 0.312761
7.51635 7.39014 0.317299
7.51635 7.39014 0.317299
8.04985 8.13096 0.319813
8.04985 8.13096 0.319813
8.04985 8.13096 0.319813
7.67615 7.84313 0.313137
7.67615 7.84313 0.313137
7.67615 7.84313 0.313137
7.46014 7.60594 0.326969
7.46014 7.60594 0.326969
7.46014 7.60594 0.326969
8.1441 7.85404 0.326941
8.1441 7.85404 0.326941
8.1441 7.85404 0.326941
8.1441 7.85404 0.326941
7.53563 7.83887 0.321062
7.74607 7.15344 0.319633
7.74607 7.15344 0.319633
9.35873 9.73699 0.301455
9.42443 8.87412 0.291372
9.42443 8.87412 0.291372
9.66317 8.50177 0.314822
9.66317 8.50177 0.314822
9.66317 8.50177 0.314822
9.38928 9.46139 0.321181
9.38928 9.46139 0.321181
9.09926 9.52116 0.315686
9.09926 9.52116 0.315686
9.72281 9.14638 0.305429
9.43226 9.04873 0.29607
9.43226 9.04873 0.29607
9.17938 9.56011 0.307222
9.17938 9.56011 0.307222
9.24589 9.61295 0.307133
9.98736 9.69317 0.304932
8.56881 9.51497 0.281584
9.22841 9.96352 0.308364
9.22841 9.96352 0.308364
9.36594 9.3402 0.305129
9.36594 9.3402 0.305129
9.36594 9.3402 0.305129
9.36594 9.3402 0.305129
9.36594 9.3402 0.305129
9.54842 9.36438 0.320377
9.54842 9.36438 0.320377
9.54842 9.36438 0.320377
9.54842 9.36438 0.320377
9.53975 9.60907 0.302645
9.70914 9.05744 0.314164
9.67731 10.0515 0.30821
9.67731 10.0515 0.30821
9.67731 10.0515 0.30821
9.67731 10.0515 0.30821
9.33216 8.98616 0.306021
9.33216 8.98616 0.306021
8.86875 9.8884 0.309683
8.86875 9.8884 0.309683
8.86875 9.8884 0.309683
8.86875 9.8884 0.309683
8.86875 9.8884 0.309683
9.66829 9.39709 0.306091
8.89083 9.6057 0.315582
8.89083 9.6057 0.315582
8.91001 8.91412 0.311857
8.91001 8.91412 0.311857
8.91001 8.91412 0.311857
9.54089 8.42562 0.311116
9.54089 8.42562 0.311116
9.39226 9.38954 0.307779
9.50848 9.7911 0.300555
9.39107 9.61025 0.307529
9.66 9.94681 0.304316
9.66 9.94681 0.304316
