5.95039 6.71278 0.00192008
5.96479 6.50559 0.32173
6.41059 6.44927 0.336636
7.50591 7.99252 0.309482
7.19868 7.96436 0.338038
8.45879 8.09376 0.296507
6.55733 6.98822 0.00104322
7.7512 6.83979 0.337838
7.30363 7.50623 0.321707
6.12023 6.14733 0.000230269
7.95032 8.43693 0.305142
7.66368 7.24802 0.305283
7.22063 7.98632 0.332594
6.36729 6.45741 -0.0145954
7.92216 7.94024 0.323623
7.76949 7.15972 0.334398
6.20232 6.25496 0.313444
5.73257 6.35226 0.311603
7.67994 7.94511 0.320122
6.70544 6.28978 0.284754
7.43644 6.91549 0.311644
7.61663 7.91897 0.32743
7.76949 7.15972 0.334398
8.49663 8.32881 0.303056
6.41392 6.84292 0.31191
7.7512 6.83979 0.337838
7.39637 6.87048 0.30085
6.55733 6.98822 0.00104322
6.12699 6.26278 -0.00087697
7.76867 7.80736 0.344634
7.67674 7.38691 0.326832
8.03261 8.46351 0.320082
8.02032 8.18329 0.331764
7.08961 6.89414 0.312119
5.95039 6.71278 0.00192008
7.92799 6.83827 0.338269
7.95748 7.17648 0.31124
5.84763 6.20259 0.0118414
6.0564 5.53544 0.309091
5.68194 6.41489 0.0250378
7.09066 7.71035 0.3196
6.3866 6.9274 0.303754
5.88158 6.36862 0.302299
7.83837 7.7609 0.316319
6.93656 6.81633 0.301809
6.88014 6.80267 0.29579
8.02032 8.18329 0.331764
8.07652 7.88142 0.326346
7.48255 7.6128 0.337665
6.93656 6.81633 0.301809
8.35606 7.80699 0.315499
6.78002 6.45059 0.315412
8.23571 8.28275 0.315114
7.87283 7.75261 0.327782
7.65479 7.36496 0.332277
7.19868 7.96436 0.338038
6.98588 7.00396 0.29765
6.31814 6.16202 -0.0246146
8.16877 8.00963 0.336521
8.77329 8.01162 0.304302
6.12699 6.26278 -0.00087697
7.64172 7.22606 0.310727
7.67089 8.07713 0.335075
6.82873 6.32764 0.293077
7.99622 8.01447 0.311952
6.10062 6.26359 0.0170654
6.31814 6.16202 -0.0246146
7.70522 7.91869 0.314064
8.08065 7.73114 0.31652
8.54189 8.17259 0.326248
6.47821 5.95725 0.291115
8.12115 7.83132 0.322493
6.71851 6.42868 0.306304
8.05501 8.01162 0.319352
6.31814 6.16202 -0.0246146
7.92216 7.94024 0.323623
6.61015 6.50989 0.321309
7.5045 7.63475 0.332221
6.94883 6.18717 0.306088
7.19868 7.96436 0.338038
8.11531 8.52155 0.330736
6.64545 6.61244 0.287923
7.64172 7.22606 0.310727
5.79507 6.58689 0.31671
6.64404 6.77983 0.297633
6.0564 5.53544 0.309091
6.31797 6.82728 0.296647
6.12699 6.26278 -0.00087697
6.29217 6.34845 0.315809
6.29217 6.34845 0.315809
5.84763 6.20259 0.0118414
5.95039 6.71278 0.00192008
5.95039 6.71278 0.00192008
7.22063 7.98632 0.332594
7.92216 7.94024 0.323623
6.41141 5.80163 0.326401
6.47821 5.95725 0.291115
8.20139 8.17931 0.316301
6.28922 6.19748 0.00751513
6.31616 5.70639 0.00991534
7.88281 7.67606 0.310117
7.88281 7.67606 0.310117
7.50591 7.99252 0.309482
7.60218 8.07823 0.315797
7.60218 8.07823 0.315797
7.58236 7.63501 0.315997
8.07652 7.88142 0.326346
7.73825 7.40882 0.335941
7.7645 7.67277 0.326554
7.13141 7.40505 0.327375
7.13141 7.40505 0.327375
7.07713 7.414 0.317819
8.06941 7.98872 0.316711
8.12502 7.83556 0.321875
8.17159 8.38506 0.30428
8.17159 8.38506 0.30428
8.79901 8.27312 0.317039
8.4679 8.39663 0.313753
7.88086 7.3599 0.307304
7.55702 8.17672 0.309816
7.55702 8.17672 0.309816
7.89322 8.15766 0.313185
8.13949 8.41908 0.308237
8.13949 8.41908 0.308237
8.06104 8.36338 0.323091
8.52506 8.17555 0.312181
8.52506 8.17555 0.312181
7.76733 8.12228 0.32654
8.03993 8.06703 0.314929
7.97952 7.68271 0.30515
7.97952 7.68271 0.30515
8.49302 7.76394 0.323003
7.87008 8.63248 0.316619
8.58706 7.56352 0.313413
8.49663 8.32881 0.303056
7.73089 8.1274 0.324442
7.73089 8.1274 0.324442
8.03624 7.84711 0.312843
8.19036 8.14158 0.314207
8.19036 8.14158 0.314207
8.19036 8.14158 0.314207
8.49226 8.29678 0.328309
8.20139 8.17931 0.316301
8.20139 8.17931 0.316301
8.45879 8.09376 0.296507
8.44063 8.45888 0.307613
8.76304 8.12508 0.315458
8.76304 8.12508 0.315458
8.39435 7.30464 0.328485
7.98755 8.64254 0.324183
8.32722 8.12047 0.305777
8.04659 8.52264 0.311458
8.02678 8.07942 0.311658
7.66504 8.43073 0.328254
7.66504 8.43073 0.328254
8.18267 7.85323 0.331601
8.18267 7.85323 0.331601
8.18267 7.85323 0.331601
8.20892 8.11718 0.322214
8.20892 8.11718 0.322214
7.60163 8.33459 0.339737
7.57582 7.84946 0.323035
7.52154 7.85841 0.313479
8.77329 8.01162 0.304302
8.25471 7.52409 0.318274
8.47849 8.40586 0.311079
8.23571 8.28275 0.315114
7.72062 8.22992 0.312836
7.72062 8.22992 0.312836
8.59528 8.42444 0.30675
8.59528 8.42444 0.30675
7.967 8.06837 0.300826
8.01279 7.91254 0.337498
8.23784 8.08172 0.290084
8.23784 8.08172 0.290084
8.23784 8.08172 0.290084
8.23784 8.08172 0.290084
7.61952 8.41134 0.314924
8.23837 8.66738 0.310123
8.01308 7.68856 0.317924
8.23137 7.73028 0.309266
8.08239 7.78463 0.323966
7.93519 8.40578 0.320012
8.38852 8.40661 0.313839
8.38852 8.40661 0.313839
8.35606 7.80699 0.315499
7.76999 7.97259 0.311923
8.28278 8.20531 0.31198
7.93804 8.17147 0.315534
7.94529 8.32174 0.312325
8.40189 7.62089 0.3069
7.68832 8.07969 0.320779
7.6584 7.9739 0.316476
8.28699 8.37711 0.300104
7.93144 7.49132 0.304623
7.93144 7.49132 0.304623
8.54189 8.17259 0.326248
8.54189 8.17259 0.326248
8.54189 8.17259 0.326248
7.70603 8.19307 0.300513
7.45978 7.91198 0.31819
7.45978 7.91198 0.31819
7.95249 7.72794 0.338036
7.6744 7.56615 0.335017
8.15872 7.56851 0.307496
8.15872 7.56851 0.307496
7.8322 7.42851 0.319639
7.8322 7.42851 0.319639
7.97795 7.23964 0.316395
7.97795 7.23964 0.316395
8.05659 7.32562 0.328535
7.68565 7.31001 0.344736
7.68565 7.31001 0.344736
7.77642 7.02587 0.333997
7.77642 7.02587 0.333997
8.16307 7.70691 0.339574
8.01589 7.62819 0.324449
8.01589 7.62819 0.324449
8.01589 7.62819 0.324449
8.01589 7.62819 0.324449
7.08085 7.53135 0.327436
7.80937 7.90145 0.325898
7.56266 7.84534 0.333034
7.56266 7.84534 0.333034
7.23959 7.42127 0.325159
7.47457 7.96954 0.3151
7.48497 7.62511 0.323631
7.60694 7.30074 0.333087
7.60694 7.30074 0.333087
7.60694 7.30074 0.333087
7.85522 7.57207 0.333183
7.48277 7.75609 0.318136
7.48277 7.75609 0.318136
7.59676 8.16911 0.337345
7.40459 7.75414 0.32669
7.40459 7.75414 0.32669
7.40459 7.75414 0.32669
7.72542 7.96661 0.327727
7.72542 7.96661 0.327727
8.10509 7.16549 0.31071
8.10509 7.16549 0.31071
8.10509 7.16549 0.31071
8.07449 7.32264 0.330896
8.07449 7.32264 0.330896
8.07449 7.32264 0.330896
7.8935 7.69182 0.315349
7.95585 8.06809 0.318879
7.95585 8.06809 0.318879
7.95585 8.06809 0.318879
8.11267 7.94794 0.314063
8.11267 7.94794 0.314063
8.11267 7.94794 0.314063
7.64552 8.09755 0.326183
7.64552 8.09755 0.326183
7.64552 8.09755 0.326183
7.64552 8.09755 0.326183
7.64552 8.09755 0.326183
7.64552 8.09755 0.326183
7.63435 7.07715 0.322706
7.63435 7.07715 0.322706
7.88084 7.69625 0.324822
7.76429 7.62059 0.338563
7.76429 7.62059 0.338563
7.63736 7.60093 0.331608
7.97883 8.04429 0.31212
7.97883 8.04429 0.31212
7.64212 7.36408 0.332993
7.64212 7.36408 0.332993
7.64212 7.36408 0.332993
8.02776 7.87213 0.30879
7.61979 7.86535 0.326347
7.61979 7.86535 0.326347
7.3981 7.9123 0.331267
7.3981 7.9123 0.331267
7.4641 7.31666 0.322892
7.4641 7.31666 0.322892
7.4641 7.31666 0.322892
7.4641 7.31666 0.322892
7.4641 7.31666 0.322892
7.4641 7.31666 0.322892
7.62318 7.61519 0.316155
7.32942 6.88363 0.336336
7.32942 6.88363 0.336336
7.85751 7.84223 0.332402
7.94306 7.60871 0.340553
7.28109 7.65686 0.322055
7.81285 7.91744 0.337965
8.25009 8.11258 0.305481
8.25009 8.11258 0.305481
8.25009 8.11258 0.305481
7.43966 7.76124 0.343242
8.28448 7.73088 0.325631
7.82355 7.14185 0.307498
7.82355 7.14185 0.307498
7.17812 7.79953 0.318627
7.37131 8.03451 0.317702
7.54218 7.74721 0.324925
7.71998 8.14447 0.314147
7.9287 7.74022 0.32567
7.24204 7.74688 0.316991
7.24204 7.74688 0.316991
7.64795 7.74941 0.321507
7.84936 7.57519 0.319466
7.84936 7.57519 0.319466
7.84936 7.57519 0.319466
7.84936 7.57519 0.319466
7.85529 7.71139 0.32725
8.1169 7.90773 0.323029
8.1169 7.90773 0.323029
7.03026 7.83446 0.325356
7.03026 7.83446 0.325356
7.03026 7.83446 0.325356
7.67253 7.19371 0.325974
7.28248 8.00822 0.337865
7.52048 7.11412 0.31588
7.52048 7.11412 0.31588
7.81407 7.44219 0.325891
7.98024 7.88602 0.335936
7.55011 7.90548 0.329213
7.45588 7.86581 0.314798
7.6082 7.88713 0.310712
7.6082 7.88713 0.310712
7.35712 7.63798 0.32805
7.35712 7.63798 0.32805
7.35712 7.63798 0.32805
7.35712 7.63798 0.32805
7.90575 7.97431 0.331001
7.90575 7.97431 0.331001
7.91617 7.71673 0.331402
7.37596 7.69144 0.330357
7.4463 8.20771 0.318923
7.4463 8.20771 0.318923
7.46073 7.8971 0.315552
7.46073 7.8971 0.315552
7.46073 7.8971 0.315552
7.64252 7.60417 0.304291
7.64252 7.60417 0.304291
7.64252 7.60417 0.304291
7.52644 7.65565 0.34968
7.52644 7.65565 0.34968
7.28441 7.27709 0.32919
7.28441 7.27709 0.32919
7.71339 7.71748 0.329797
7.66515 7.27448 0.332185
7.66515 7.27448 0.332185
7.66515 7.27448 0.332185
7.66515 7.27448 0.332185
7.66515 7.27448 0.332185
7.598 7.32587 0.326171
7.46825 7.77312 0.320158
7.46825 7.77312 0.320158
7.76092 7.56895 0.336547
7.6934 7.55814 0.326911
7.89768 7.74367 0.326702
7.89768 7.74367 0.326702
7.38322 7.401 0.324372
7.38322 7.401 0.324372
8.36811 7.58698 0.327239
7.72281 7.39365 0.329696
7.63985 8.09916 0.325835
7.63985 8.09916 0.325835
7.45621 7.98932 0.312827
7.45621 7.98932 0.312827
7.45621 7.98932 0.312827
7.45621 7.98932 0.312827
7.45621 7.98932 0.312827
7.25634 7.69974 0.321572
7.62746 7.71132 0.312177
7.62746 7.71132 0.312177
7.49376 7.4105 0.328833
7.49376 7.4105 0.328833
7.7125 8.25368 0.320749
7.57851 7.28809 0.319165
7.68459 7.03056 0.34354
7.68459 7.03056 0.34354
8.0281 7.76628 0.32874
8.0281 7.76628 0.32874
8.0281 7.76628 0.32874
8.0281 7.76628 0.32874
8.0281 7.76628 0.32874
8.0281 7.76628 0.32874
8.0281 7.76628 0.32874
8.0281 7.76628 0.32874
8.36332 7.5689 0.327131
8.36332 7.5689 0.327131
7.71339 7.38332 0.335059
7.71339 7.38332 0.335059
7.68623 7.05994 0.324568
7.70994 8.10819 0.319228
7.70994 8.10819 0.319228
7.5032 8.14978 0.318283
8.18787 7.65815 0.320657
8.18787 7.65815 0.320657
7.86025 7.84963 0.320662
7.5951 7.99623 0.316781
7.5951 7.99623 0.316781
7.57334 7.97244 0.315871
7.57334 7.97244 0.315871
7.16431 8.20033 0.323939
8.12841 7.58575 0.3331
7.98629 7.57036 0.335574
7.98629 7.57036 0.335574
7.98629 7.57036 0.335574
7.73403 7.7904 0.326556
7.63684 7.82615 0.326189
7.63684 7.82615 0.326189
7.63684 7.82615 0.326189
7.67647 8.07271 0.313616
7.67647 8.07271 0.313616
7.69228 7.55008 0.312152
7.69228 7.55008 0.312152
7.42287 7.49326 0.335936
7.51158 7.94734 0.323634
7.51158 7.94734 0.323634
8.07416 7.79279 0.341114
8.07416 7.79279 0.341114
8.11055 7.79825 0.304417
7.57845 7.87261 0.330466
7.56859 7.82066 0.335623
7.57104 7.65094 0.315304
7.57104 7.65094 0.315304
7.57104 7.65094 0.315304
7.68976 7.74116 0.334057
8.14285 7.67883 0.325377
7.47383 7.5564 0.303884
7.47383 7.5564 0.303884
8.14832 7.27381 0.298428
7.0515 7.90068 0.31809
8.30121 7.31043 0.333767
8.30121 7.31043 0.333767
7.85404 7.83204 0.336013
7.85404 7.83204 0.336013
7.85404 7.83204 0.336013
7.85404 7.83204 0.336013
7.93657 7.63166 0.317953
7.93657 7.63166 0.317953
7.8706 7.95346 0.31491
7.4981 7.36144 0.305673
7.4981 7.36144 0.305673
7.59739 7.46248 0.337139
7.74153 7.16342 0.313899
7.54959 8.03654 0.318613
7.69992 7.95154 0.34798
7.61688 7.77501 0.333913
7.61688 7.77501 0.333913
7.78025 7.55476 0.333367
7.21572 8.52621 0.316875
7.59235 7.7239 0.32149
7.59235 7.7239 0.32149
7.71409 7.2372 0.32009
7.5124 7.07751 0.320856
7.5124 7.07751 0.320856
7.94957 7.84914 0.322673
7.2981 7.16106 0.345456
7.2981 7.16106 0.345456
7.68332 7.68805 0.344064
7.51161 7.60962 0.318935
7.9766 7.50076 0.310134
7.9766 7.50076 0.310134
7.55705 7.33352 0.316043
7.55705 7.33352 0.316043
7.55705 7.33352 0.316043
8.05343 7.52491 0.351507
8.05343 7.52491 0.351507
7.80927 7.62172 0.334495
7.35647 7.65427 0.339387
7.79994 7.75448 0.331759
7.79994 7.75448 0.331759
7.79994 7.75448 0.331759
7.80392 8.01768 0.321796
7.80392 8.01768 0.321796
7.80392 8.01768 0.321796
7.49137 8.00984 0.315867
7.49137 8.00984 0.315867
7.84068 7.68057 0.340912
7.77776 7.71439 0.325058
7.57784 7.6419 0.323419
7.29535 7.85263 0.334367
7.86109 7.67774 0.339297
8.06533 7.41375 0.319281
8.06533 7.41375 0.319281
8.06533 7.41375 0.319281
8.06533 7.41375 0.319281
7.53528 7.66857 0.337289
7.39482 6.95688 0.339823
7.922 7.31617 0.32425
7.922 7.31617 0.32425
7.922 7.31617 0.32425
7.48228 6.93384 0.318694
7.6194 7.86432 0.322739
7.6194 7.86432 0.322739
7.6194 7.86432 0.322739
8.22007 7.23175 0.333329
7.39714 7.77275 0.329269
7.88076 7.50687 0.308871
7.88076 7.50687 0.308871
7.40627 7.21728 0.331174
7.40627 7.21728 0.331174
7.40627 7.21728 0.331174
8.08628 7.52218 0.324775
8.0553 7.28063 0.315426
8.0553 7.28063 0.315426
7.97906 8.21986 0.322768
7.97906 8.21986 0.322768
8.3782 7.81447 0.330469
8.01146 7.44151 0.317315
7.78351 7.49921 0.324082
7.78351 7.49921 0.324082
7.60233 7.57702 0.320201
7.55528 7.79384 0.313442
7.55528 7.79384 0.313442
7.55528 7.79384 0.313442
7.71075 8.05093 0.323053
7.71075 8.05093 0.323053
7.37631 7.40847 0.323969
7.30437 7.99765 0.337126
7.85582 7.83632 0.307021
7.85582 7.83632 0.307021
7.44787 7.89732 0.327085
7.44787 7.89732 0.327085
7.91735 8.13553 0.329174
7.36589 7.50789 0.324322
7.36589 7.50789 0.324322
7.36589 7.50789 0.324322
7.54778 7.25104 0.320801
7.9962 8.06163 0.334111
7.9962 8.06163 0.334111
7.68465 7.58725 0.326922
7.68465 7.58725 0.326922
7.68465 7.58725 0.326922
7.34687 7.41345 0.324897
7.34687 7.41345 0.324897
7.56266 8.22487 0.33394
7.56266 8.22487 0.33394
7.56266 8.22487 0.33394
7.4945 7.61977 0.327372
7.4945 7.61977 0.327372
7.51222 7.5133 0.319322
7.51222 7.5133 0.319322
8.52003 7.73133 0.309449
8.52003 7.73133 0.309449
8.52003 7.73133 0.309449
7.5233 7.76856 0.314399
7.039 7.9033 0.331413
7.039 7.9033 0.331413
7.039 7.9033 0.331413
7.56291 7.56413 0.318028
7.94607 7.95548 0.327622
7.19808 7.97952 0.315392
7.19808 7.97952 0.315392
8.00012 7.76763 0.32274
8.00012 7.76763 0.32274
7.50319 7.55042 0.333421
7.48364 8.06983 0.322787
7.82243 7.61597 0.329809
7.82243 7.61597 0.329809
7.65335 7.52483 0.338765
7.65335 7.52483 0.338765
7.83056 8.13746 0.31362
7.35222 7.81783 0.304826
7.35222 7.81783 0.304826
7.62357 7.58472 0.328441
7.84761 7.78056 0.322285
7.84761 7.78056 0.322285
7.62827 7.44646 0.316363
7.62827 7.44646 0.316363
7.62827 7.44646 0.316363
7.74844 7.55877 0.317435
7.74844 7.55877 0.317435
7.74844 7.55877 0.317435
8.11857 7.41453 0.31429
7.13367 8.06974 0.314357
7.78871 7.43985 0.332379
7.78871 7.43985 0.332379
7.94884 8.28441 0.341581
7.60645 7.38028 0.336724
7.60645 7.38028 0.336724
7.60645 7.38028 0.336724
7.9211 7.93015 0.328467
7.9211 7.93015 0.328467
7.9211 7.93015 0.328467
8.13697 7.53777 0.345945
7.58572 7.43052 0.320731
7.58572 7.43052 0.320731
7.58572 7.43052 0.320731
7.58572 7.43052 0.320731
7.58572 7.43052 0.320731
7.58572 7.43052 0.320731
7.58572 7.43052 0.320731
8.13416 7.94983 0.318771
7.79968 7.35043 0.322186
7.79968 7.35043 0.322186
6.8993 8.13354 0.338697
6.8993 8.13354 0.338697
6.8993 8.13354 0.338697
7.46146 7.79137 0.325098
7.46146 7.79137 0.325098
7.46146 7.79137 0.325098
8.17194 8.15854 0.337421
8.17194 8.15854 0.337421
7.32697 7.38701 0.324774
7.32697 7.38701 0.324774
7.32697 7.38701 0.324774
7.74793 7.43026 0.316783
7.59209 8.01677 0.32646
7.80994 7.31788 0.334665
7.56164 6.84272 0.334335
7.56164 6.84272 0.334335
7.56164 6.84272 0.334335
7.98273 7.87464 0.318693
7.46005 8.11264 0.331743
7.46005 8.11264 0.331743
7.46005 8.11264 0.331743
7.46005 8.11264 0.331743
7.46005 8.11264 0.331743
7.58668 7.7596 0.336365
7.58668 7.7596 0.336365
7.58668 7.7596 0.336365
7.43212 8.04708 0.327393
7.43212 8.04708 0.327393
7.43212 8.04708 0.327393
7.43212 8.04708 0.327393
8.48675 7.59895 0.313811
8.48675 7.59895 0.313811
8.48675 7.59895 0.313811
7.65233 7.39647 0.333849
7.59614 7.88027 0.334411
7.68997 7.49475 0.3257
7.46775 7.82371 0.340032
7.46775 7.82371 0.340032
7.67937 7.73252 0.318304
7.65029 7.46479 0.315769
7.65029 7.46479 0.315769
6.94396 7.55809 0.325834
6.94396 7.55809 0.325834
7.62161 7.52616 0.333219
7.81306 7.65938 0.337351
7.81306 7.65938 0.337351
7.65296 7.51755 0.343143
7.65296 7.51755 0.343143
7.34606 8.14528 0.318212
7.5358 7.81019 0.323345
7.58361 7.76112 0.329874
7.58361 7.76112 0.329874
7.44229 7.75288 0.311083
7.82005 7.87771 0.311711
7.63976 7.42211 0.328075
7.95233 7.33108 0.325408
7.95233 7.33108 0.325408
7.93326 7.81769 0.338173
7.93326 7.81769 0.338173
7.93326 7.81769 0.338173
7.66419 7.61837 0.300187
7.66419 7.61837 0.300187
7.41455 7.50236 0.333386
7.41455 7.50236 0.333386
7.56997 7.46351 0.330459
7.56997 7.46351 0.330459
7.77792 7.3873 0.319343
7.80147 7.1547 0.335558
7.80147 7.1547 0.335558
7.80147 7.1547 0.335558
7.80147 7.1547 0.335558
7.27302 8.35964 0.304649
7.44857 7.49962 0.326612
7.44857 7.49962 0.326612
7.91915 8.41677 0.319638
7.72821 7.83999 0.33252
7.72821 7.83999 0.33252
7.72821 7.83999 0.33252
7.79054 7.2357 0.340959
7.38387 7.68008 0.323944
7.38387 7.68008 0.323944
7.38387 7.68008 0.323944
7.44696 7.29553 0.32458
7.44696 7.29553 0.32458
7.44696 7.29553 0.32458
7.01081 7.96947 0.319489
7.60818 7.34282 0.334998
7.60818 7.34282 0.334998
7.60818 7.34282 0.334998
7.54631 7.41384 0.331893
7.37684 7.69684 0.326458
7.57598 7.07653 0.312176
7.57598 7.07653 0.312176
7.46897 7.48948 0.344783
7.46897 7.48948 0.344783
7.57502 7.36881 0.321997
7.57502 7.36881 0.321997
7.57502 7.36881 0.321997
7.65783 7.65139 0.321131
7.52465 7.44347 0.303324
7.52465 7.44347 0.303324
7.31037 7.61339 0.32384
7.31037 7.61339 0.32384
7.96632 7.72907 0.322044
7.96632 7.72907 0.322044
7.96632 7.72907 0.322044
7.85878 7.56757 0.319926
7.27704 7.4693 0.315936
7.65219 8.02339 0.328749
7.65219 8.02339 0.328749
8.24982 7.58064 0.321944
8.24982 7.58064 0.321944
8.24982 7.58064 0.321944
8.24982 7.58064 0.321944
8.24982 7.58064 0.321944
7.89716 7.19631 0.323448
7.86321 7.3627 0.309906
7.86321 7.3627 0.309906
7.50716 7.70156 0.312848
7.50716 7.70156 0.312848
7.98801 8.17688 0.335962
7.60098 7.49981 0.339011
7.8578 7.78874 0.336554
7.8578 7.78874 0.336554
7.56912 7.68988 0.323679
7.56912 7.68988 0.323679
7.79048 7.74459 0.334863
7.79048 7.74459 0.334863
8.00169 7.37679 0.33057
7.74593 7.70753 0.328777
7.70256 8.03875 0.321734
7.38018 7.59418 0.323341
7.38018 7.59418 0.323341
7.43758 7.75143 0.329227
7.62135 7.71844 0.320603
7.62135 7.71844 0.320603
7.62135 7.71844 0.320603
7.62135 7.71844 0.320603
7.62135 7.71844 0.320603
7.62135 7.71844 0.320603
8.44423 8.1597 0.324865
8.44423 8.1597 0.324865
7.67254 8.50298 0.33104
7.59228 7.48135 0.333663
7.59228 7.48135 0.333663
7.83829 7.5442 0.337597
7.97818 8.41983 0.337417
7.17186 7.66874 0.334861
8.04078 7.61879 0.322037
8.04078 7.61879 0.322037
8.04078 7.61879 0.322037
7.69339 8.32702 0.334005
7.69339 8.32702 0.334005
7.31487 7.5957 0.330711
8.1118 7.93528 0.31201
8.1118 7.93528 0.31201
8.1118 7.93528 0.31201
7.62957 7.49024 0.31901
7.62957 7.49024 0.31901
8.0635 7.46852 0.326357
8.0635 7.46852 0.326357
7.62634 7.61544 0.333106
7.62634 7.61544 0.333106
7.62634 7.61544 0.333106
7.6632 8.29364 0.321231
8.00541 7.8232 0.326552
7.71477 7.51511 0.320743
7.71477 7.51511 0.320743
7.71477 7.51511 0.320743
8.01688 7.51214 0.311611
7.9891 7.1532 0.298176
7.9891 7.1532 0.298176
7.9891 7.1532 0.298176
7.97369 7.49354 0.321657
6.98683 7.64729 0.33184
8.23794 7.04529 0.314327
8.23794 7.04529 0.314327
8.23794 7.04529 0.314327
8.23794 7.04529 0.314327
8.23794 7.04529 0.314327
7.65993 7.67522 0.314119
7.9418 7.77579 0.335179
7.9418 7.77579 0.335179
8.1756 7.63758 0.307597
8.1756 7.63758 0.307597
7.70603 7.58064 0.344458
7.80151 7.79789 0.316533
7.80151 7.79789 0.316533
7.60629 7.4485 0.30706
7.60629 7.4485 0.30706
8.03039 7.37864 0.331205
7.99232 7.56541 0.315434
7.99232 7.56541 0.315434
7.99232 7.56541 0.315434
7.99232 7.56541 0.315434
7.99232 7.56541 0.315434
7.60718 7.71639 0.327132
7.60718 7.71639 0.327132
7.80627 7.80474 0.315157
7.80627 7.80474 0.315157
7.80627 7.80474 0.315157
7.80627 7.80474 0.315157
7.96936 7.58724 0.319436
8.05889 8.17141 0.326682
7.98764 7.77941 0.308188
7.98764 7.77941 0.308188
8.1153 7.58146 0.333475
8.1153 7.58146 0.333475
7.53283 7.79788 0.314795
7.53283 7.79788 0.314795
7.54301 8.09077 0.31953
7.54301 8.09077 0.31953
7.54301 8.09077 0.31953
7.92508 8.05447 0.334387
8.08071 7.60879 0.33043
7.84307 8.18615 0.320467
7.84307 8.18615 0.320467
7.84307 8.18615 0.320467
7.68525 7.82115 0.330846
7.29272 7.96963 0.32975
7.29272 7.96963 0.32975
7.21772 7.58527 0.34577
7.51577 7.36975 0.329004
7.51577 7.36975 0.329004
7.51577 7.36975 0.329004
7.51577 7.36975 0.329004
7.55123 7.44874 0.323983
7.55123 7.44874 0.323983
7.66674 8.25238 0.317822
7.66674 8.25238 0.317822
7.73932 7.78606 0.327385
7.73932 7.78606 0.327385
6.51971 6.11992 -0.00274263
6.51971 6.11992 -0.00274263
6.51971 6.11992 -0.00274263
6.89551 5.5831 0.000841502
6.89551 5.5831 0.000841502
6.89551 5.5831 0.000841502
6.89551 5.5831 0.000841502
6.89551 5.5831 0.000841502
6.89551 5.5831 0.000841502
6.89551 5.5831 0.000841502
5.37296 6.07986 0.0139143
5.88526 6.05868 -0.0130028
5.88526 6.05868 -0.0130028
5.88526 6.05868 -0.0130028
5.88526 6.05868 -0.0130028
5.88526 6.05868 -0.0130028
6.05876 6.78583 -0.0154643
6.05876 6.78583 -0.0154643
6.74086 6.46138 -0.00431504
6.74086 6.46138 -0.00431504
6.00171 6.4246 -0.00362233
6.19696 6.31516 0.00884036
6.45138 6.32967 0.00905545
6.45138 6.32967 0.00905545
5.9686 6.37419 -0.011886
5.9686 6.37419 -0.011886
5.9686 6.37419 -0.011886
5.9686 6.37419 -0.011886
5.9686 6.37419 -0.011886
6.7347 6.15754 0.00862243
6.21228 6.29932 -0.0018564
6.21228 6.29932 -0.0018564
5.92339 6.79584 -0.000844911
5.92339 6.79584 -0.000844911
5.92339 6.79584 -0.000844911
6.29438 5.78988 0.0156743
6.29438 5.78988 0.0156743
6.10857 6.56301 0.00226633
6.10857 6.56301 0.00226633
6.4453 6.46421 -0.0204914
6.4453 6.46421 -0.0204914
6.4453 6.46421 -0.0204914
6.4453 6.46421 -0.0204914
6.26236 6.52609 0.00188925
6.03261 6.31338 0.0115906
6.03261 6.31338 0.0115906
6.20866 6.14849 0.0101452
6.20866 6.14849 0.0101452
6.19416 6.14329 -0.0137798
6.29101 6.08482 -0.00455627
6.29101 6.08482 -0.00455627
5.82496 6.16304 0.00437316
5.82496 6.16304 0.00437316
5.82496 6.16304 0.00437316
6.01356 6.63385 -0.00691264
6.01356 6.63385 -0.00691264
6.01356 6.63385 -0.00691264
6.01356 6.63385 -0.00691264
6.01356 6.63385 -0.00691264
6.01356 6.63385 -0.00691264
6.01356 6.63385 -0.00691264
6.01356 6.63385 -0.00691264
6.01356 6.63385 -0.00691264
6.01356 6.63385 -0.00691264
6.01356 6.63385 -0.00691264
5.46569 6.13024 0.00328808
5.46569 6.13024 0.00328808
5.46569 6.13024 0.00328808
5.46569 6.13024 0.00328808
5.46569 6.13024 0.00328808
6.45347 6.27221 0.00112941
6.45347 6.27221 0.00112941
6.45347 6.27221 0.00112941
6.4848 6.37385 -0.000742685
6.4848 6.37385 -0.000742685
6.4848 6.37385 -0.000742685
6.28562 5.76307 0.00453917
6.02994 5.92462 -0.00827983
6.02994 5.92462 -0.00827983
6.02994 5.92462 -0.00827983
6.02994 5.92462 -0.00827983
6.02994 5.92462 -0.00827983
6.02994 5.92462 -0.00827983
6.02994 5.92462 -0.00827983
6.26458 6.30854 0.00382151
6.26458 6.30854 0.00382151
6.26458 6.30854 0.00382151
6.26458 6.30854 0.00382151
6.26458 6.30854 0.00382151
6.26458 6.30854 0.00382151
6.26458 6.30854 0.00382151
6.26458 6.30854 0.00382151
6.45646 5.63955 0.00253498
6.29623 6.56127 0.00863332
6.29623 6.56127 0.00863332
6.07787 5.95127 0.000706479
6.07787 5.95127 0.000706479
6.12998 6.43558 0.0203838
5.89812 5.62182 -0.00842591
5.89812 5.62182 -0.00842591
5.89812 5.62182 -0.00842591
6.43192 6.422 -0.00858075
6.43192 6.422 -0.00858075
6.43192 6.422 -0.00858075
6.43192 6.422 -0.00858075
6.43192 6.422 -0.00858075
6.43192 6.422 -0.00858075
6.6266 5.95185 -0.0291633
6.6266 5.95185 -0.0291633
6.6266 5.95185 -0.0291633
6.6266 5.95185 -0.0291633
6.31773 6.1756 -0.00199755
6.31773 6.1756 -0.00199755
6.43983 5.99434 -0.0149768
6.43983 5.99434 -0.0149768
6.21917 6.53224 0.000490663
6.17084 6.45257 -0.00611247
5.95789 5.44347 0.000593762
5.95789 5.44347 0.000593762
6.38679 5.83256 0.000952197
6.38679 5.83256 0.000952197
6.46849 6.23384 -0.0028571
6.46849 6.23384 -0.0028571
6.05009 6.69315 -0.00913348
6.05009 6.69315 -0.00913348
6.05009 6.69315 -0.00913348
6.23537 6.87397 0.00309244
6.23537 6.87397 0.00309244
6.32802 6.31849 -0.00325451
6.32802 6.31849 -0.00325451
6.32802 6.31849 -0.00325451
6.32802 6.31849 -0.00325451
6.32802 6.31849 -0.00325451
6.32802 6.31849 -0.00325451
6.29835 6.39693 0.01738
6.59785 5.94002 0.00475209
6.30561 5.98905 -0.000888433
6.04093 6.16698 -0.0118577
6.04093 6.16698 -0.0118577
6.04093 6.16698 -0.0118577
6.04093 6.16698 -0.0118577
6.13222 5.89132 -0.0119418
6.13222 5.89132 -0.0119418
6.13222 5.89132 -0.0119418
6.13222 5.89132 -0.0119418
6.13222 5.89132 -0.0119418
6.19379 6.01192 -0.0217815
5.54736 6.28259 -0.013481
5.54736 6.28259 -0.013481
5.54736 6.28259 -0.013481
6.74686 6.62657 -0.00083419
6.74686 6.62657 -0.00083419
6.75887 6.07731 0.0127715
5.77034 6.06862 0.00591812
6.30292 6.16712 -0.000834839
6.30292 6.16712 -0.000834839
5.98212 6.50898 0.0131392
5.98212 6.50898 0.0131392
5.98212 6.50898 0.0131392
5.98212 6.50898 0.0131392
6.35562 5.83804 -0.00869581
6.35562 5.83804 -0.00869581
6.20851 6.14067 -0.025106
6.1656 6.60658 0.00998136
6.1656 6.60658 0.00998136
6.1656 6.60658 0.00998136
6.1656 6.60658 0.00998136
6.1656 6.60658 0.00998136
6.1656 6.60658 0.00998136
6.1656 6.60658 0.00998136
6.28878 6.73728 0.00160271
6.06415 6.13162 -0.0091343
6.06415 6.13162 -0.0091343
6.38371 5.9837 -0.00503964
6.07745 6.09105 -0.00342443
6.07745 6.09105 -0.00342443
6.07745 6.09105 -0.00342443
5.98562 6.26415 -0.00765518
5.98562 6.26415 -0.00765518
5.98562 6.26415 -0.00765518
6.07407 5.93378 -0.00602222
6.07407 5.93378 -0.00602222
6.07407 5.93378 -0.00602222
6.07407 5.93378 -0.00602222
6.07407 5.93378 -0.00602222
6.12809 5.73432 0.000711613
6.12809 5.73432 0.000711613
6.12809 5.73432 0.000711613
6.12809 5.73432 0.000711613
6.05046 6.06752 0.00366413
6.03907 6.4759 0.000978049
6.03907 6.4759 0.000978049
6.03907 6.4759 0.000978049
6.03907 6.4759 0.000978049
6.03907 6.4759 0.000978049
5.49104 6.55237 -0.0131028
5.49104 6.55237 -0.0131028
5.49104 6.55237 -0.0131028
6.15088 6.34558 -0.000157379
6.15088 6.34558 -0.000157379
6.15088 6.34558 -0.000157379
6.23591 6.80087 -0.00838894
6.23591 6.80087 -0.00838894
6.23591 6.80087 -0.00838894
5.98737 6.39596 -0.00609698
5.98737 6.39596 -0.00609698
6.32664 6.28455 -0.000411923
6.32664 6.28455 -0.000411923
6.32664 6.28455 -0.000411923
6.32664 6.28455 -0.000411923
6.56851 6.70138 -0.00285386
6.56851 6.70138 -0.00285386
6.56851 6.70138 -0.00285386
6.25618 6.03368 0.00257212
6.49408 6.097 -0.00225113
5.71999 6.09736 0.0029617
6.36427 6.33352 0.00367416
6.36427 6.33352 0.00367416
6.36427 6.33352 0.00367416
6.36427 6.33352 0.00367416
6.3241 6.58378 0.00125239
6.3241 6.58378 0.00125239
6.3241 6.58378 0.00125239
6.3241 6.58378 0.00125239
6.3241 6.58378 0.00125239
6.36679 6.26377 0.011129
6.36679 6.26377 0.011129
6.36679 6.26377 0.011129
6.36679 6.26377 0.011129
6.36679 6.26377 0.011129
6.36679 6.26377 0.011129
6.36679 6.26377 0.011129
6.36679 6.26377 0.011129
5.91506 6.58427 0.0161045
5.91506 6.58427 0.0161045
5.91506 6.58427 0.0161045
5.91506 6.58427 0.0161045
5.91506 6.58427 0.0161045
5.91506 6.58427 0.0161045
5.91506 6.58427 0.0161045
5.91506 6.58427 0.0161045
5.99701 5.94832 0.00846179
6.20415 6.59718 0.00493265
6.20415 6.59718 0.00493265
6.20415 6.59718 0.00493265
6.20415 6.59718 0.00493265
6.20415 6.59718 0.00493265
6.7382 5.71206 -0.00174834
5.96591 6.56757 0.0035453
5.92303 5.96078 0.000366238
5.92303 5.96078 0.000366238
5.92303 5.96078 0.000366238
5.92303 5.96078 0.000366238
5.92303 5.96078 0.000366238
6.33761 6.36574 -0.00815466
6.33761 6.36574 -0.00815466
6.33761 6.36574 -0.00815466
6.59975 5.97883 -0.00512408
6.59975 5.97883 -0.00512408
6.59975 5.97883 -0.00512408
6.26063 5.8582 -0.00277269
6.26063 5.8582 -0.00277269
6.26063 5.8582 -0.00277269
6.26063 5.8582 -0.00277269
6.08811 6.46337 0.0326969
6.08811 6.46337 0.0326969
5.76615 5.94812 0.00586411
6.19812 6.40592 -0.00583916
5.95682 6.39911 0.0073034
6.46208 6.24734 0.0110804
5.85611 5.99186 3.42062e-05
6.45369 5.81554 -0.0024198
6.0865 5.63204 0.0124065
6.0865 5.63204 0.0124065
6.0865 5.63204 0.0124065
6.0865 5.63204 0.0124065
6.0865 5.63204 0.0124065
6.0865 5.63204 0.0124065
6.36037 6.13124 0.00558993
5.85427 6.91379 0.00430533
5.85427 6.91379 0.00430533
5.85427 6.91379 0.00430533
6.0016 6.00858 0.00321521
6.0016 6.00858 0.00321521
6.0016 6.00858 0.00321521
6.0016 6.00858 0.00321521
6.0016 6.00858 0.00321521
6.29795 6.40483 -0.00676055
6.29795 6.40483 -0.00676055
6.29795 6.40483 -0.00676055
6.19276 6.26559 -0.0156264
6.19276 6.26559 -0.0156264
6.19276 6.26559 -0.0156264
6.36505 6.53615 0.0156073
6.36505 6.53615 0.0156073
6.36505 6.53615 0.0156073
6.36505 6.53615 0.0156073
6.36505 6.53615 0.0156073
6.2249 6.29133 5.17073e-05
6.14945 6.61185 0.0220428
6.07229 5.95096 -0.00351848
6.07229 5.95096 -0.00351848
5.84421 5.85216 -0.00136421
5.84421 5.85216 -0.00136421
5.84421 5.85216 -0.00136421
5.92898 6.08692 0.00832582
5.92898 6.08692 0.00832582
6.16451 6.12772 -0.000851931
6.39834 6.79823 -0.00612908
6.39834 6.79823 -0.00612908
6.39834 6.79823 -0.00612908
6.15907 6.55178 0.00587802
6.15907 6.55178 0.00587802
6.0739 6.39727 0.00501753
6.57193 6.58618 0.0036354
6.57193 6.58618 0.0036354
6.57193 6.58618 0.0036354
6.57193 6.58618 0.0036354
6.57193 6.58618 0.0036354
6.00516 6.27471 0.00252813
6.07274 6.74172 0.00980879
6.07274 6.74172 0.00980879
6.35499 5.78995 -0.0155413
6.35499 5.78995 -0.0155413
5.78028 6.22139 0.00229386
6.72851 6.03581 0.0128859
6.72851 6.03581 0.0128859
5.98431 5.93286 -0.000655173
5.98431 5.93286 -0.000655173
6.16607 5.75214 0.00269489
6.16607 5.75214 0.00269489
6.16607 5.75214 0.00269489
6.16607 5.75214 0.00269489
6.16607 5.75214 0.00269489
6.16607 5.75214 0.00269489
6.16607 5.75214 0.00269489
6.16607 5.75214 0.00269489
5.8004 6.46557 -0.00621037
5.8004 6.46557 -0.00621037
6.40977 6.5553 -0.00364251
6.40977 6.5553 -0.00364251
6.40977 6.5553 -0.00364251
6.40977 6.5553 -0.00364251
6.40977 6.5553 -0.00364251
6.40977 6.5553 -0.00364251
6.60798 6.23448 0.00846742
6.3766 6.50417 -0.0129741
6.3766 6.50417 -0.0129741
6.3766 6.50417 -0.0129741
6.3766 6.50417 -0.0129741
6.28068 6.52215 -0.00806497
6.28068 6.52215 -0.00806497
6.28068 6.52215 -0.00806497
6.28068 6.52215 -0.00806497
5.95158 6.3584 0.0152496
5.95158 6.3584 0.0152496
5.99617 6.77532 -0.0129861
5.99617 6.77532 -0.0129861
5.99617 6.77532 -0.0129861
6.39393 5.96072 0.00525464
6.39393 5.96072 0.00525464
6.39393 5.96072 0.00525464
6.01586 6.19884 -0.0159607
6.01586 6.19884 -0.0159607
6.01586 6.19884 -0.0159607
5.87412 6.24049 0.00670088
6.302 6.41376 -0.00487452
6.302 6.41376 -0.00487452
6.302 6.41376 -0.00487452
6.302 6.41376 -0.00487452
5.5978 5.95653 -0.0101975
6.09529 6.28811 0.317199
6.24081 6.09487 0.318945
6.05884 6.02837 0.322372
6.05884 6.02837 0.322372
6.60097 6.5085 0.304096
7.34272 7.72609 0.333257
7.30514 7.8141 0.32714
7.72306 7.61125 0.311831
7.81113 7.82148 0.323432
7.81113 7.82148 0.323432
7.85411 8.13378 0.329792
7.11423 7.2279 0.340961
7.87453 7.43627 0.314103
7.55515 7.90268 0.303025
7.66252 7.60515 0.328244
7.66252 7.60515 0.328244
7.96587 7.4377 0.34758
7.96587 7.4377 0.34758
7.74203 7.4599 0.325009
7.62918 7.65622 0.307076
7.407 7.8936 0.318009
7.58949 7.58855 0.314534
7.34949 7.6162 0.328326
7.34949 7.6162 0.328326
7.34949 7.6162 0.328326
7.34949 7.6162 0.328326
7.73722 7.82827 0.316141
7.73722 7.82827 0.316141
7.73722 7.82827 0.316141
7.58906 7.95247 0.29983
7.58906 7.95247 0.29983
7.81904 7.89237 0.329914
7.77059 7.55591 0.304952
7.77059 7.55591 0.304952
7.49924 8.17219 0.309992
8.08621 7.51334 0.320265
8.08621 7.51334 0.320265
7.67063 7.36009 0.331046
7.70101 7.94963 0.312149
7.70101 7.94963 0.312149
7.82399 7.9487 0.326195
7.82399 7.9487 0.326195
7.7852 7.72657 0.311242
7.90137 7.58554 0.323425
7.98286 7.41017 0.321583
7.6559 8.03895 0.32587
7.40726 8.20078 0.313448
7.40726 8.20078 0.313448
7.45772 7.78106 0.322935
7.45772 7.78106 0.322935
7.45772 7.78106 0.322935
7.45772 7.78106 0.322935
7.45772 7.78106 0.322935
7.45772 7.78106 0.322935
7.66975 7.51755 0.317897
7.64103 8.23572 0.306102
7.25246 7.62892 0.336393
7.41021 7.80002 0.318277
8.07243 8.02109 0.340288
8.07243 8.02109 0.340288
7.39353 7.31198 0.325971
7.39353 7.31198 0.325971
7.44458 7.8037 0.32725
7.44674 7.29462 0.302734
7.44674 7.29462 0.302734
7.47905 7.68372 0.334936
7.74379 7.66118 0.301363
7.74379 7.66118 0.301363
7.74379 7.66118 0.301363
7.65599 7.5623 0.311195
7.50397 8.10286 0.317607
7.50397 8.10286 0.317607
6.96598 7.92936 0.308003
6.96598 7.92936 0.308003
7.80011 7.25112 0.318474
8.04784 7.57832 0.328933
7.44951 7.572 0.324638
7.96128 7.50321 0.337286
7.25379 7.48272 0.314087
7.25379 7.48272 0.314087
7.77499 8.09484 0.331639
7.77499 8.09484 0.331639
7.78368 8.11741 0.31217
7.78368 8.11741 0.31217
7.86929 7.67716 0.327768
7.81063 7.58365 0.311528
7.79728 7.70307 0.308436
7.85826 7.85817 0.320971
7.78774 7.53568 0.31985
8.27997 7.46943 0.316481
7.23585 8.19563 0.318095
7.23585 8.19563 0.318095
8.59158 8.18218 0.323508
7.6356 7.81223 0.326307
7.6356 7.81223 0.326307
7.75957 7.93334 0.336934
7.48453 7.70266 0.322637
7.4562 8.10308 0.320203
7.68604 7.32872 0.30293
7.68604 7.32872 0.30293
7.56332 7.99786 0.300011
7.56332 7.99786 0.300011
7.56332 7.99786 0.300011
7.56332 7.99786 0.300011
7.62297 7.62431 0.327387
7.62297 7.62431 0.327387
7.88235 7.65791 0.306508
8.10463 7.61683 0.306347
8.10463 7.61683 0.306347
7.72718 7.70296 0.320926
7.48373 7.592 0.294473
7.49306 7.57564 0.310468
7.49306 7.57564 0.310468
7.49306 7.57564 0.310468
7.49875 7.59429 0.315663
7.88337 7.41974 0.313294
7.88337 7.41974 0.313294
7.4465 7.64547 0.309979
7.35443 7.98113 0.313484
7.82574 8.02669 0.335107
7.82574 8.02669 0.335107
7.75748 7.41366 0.32817
7.15959 8.16626 0.323847
7.15959 8.16626 0.323847
7.83747 7.36757 0.32364
7.83747 7.36757 0.32364
7.83747 7.36757 0.32364
7.25106 8.00789 0.324552
7.25106 8.00789 0.324552
8.01849 7.73525 0.332126
7.6991 7.88488 0.309632
7.6991 7.88488 0.309632
7.64018 7.50324 0.328827
7.64018 7.50324 0.328827
7.79172 7.61411 0.326673
7.65822 7.73774 0.305377
7.45577 7.49592 0.326957
7.45577 7.49592 0.326957
8.17574 7.5563 0.314305
7.96438 7.79431 0.319672
7.96438 7.79431 0.319672
8.16132 7.87446 0.319334
7.78269 7.61125 0.312077
7.03017 8.25025 0.328288
7.03017 8.25025 0.328288
7.28184 7.98743 0.320809
7.80564 8.06937 0.3127
7.46064 7.93782 0.319814
7.94621 7.82144 0.331195
7.93676 7.27255 0.322321
7.54002 7.46046 0.299966
7.57432 8.19573 0.308957
7.57432 8.19573 0.308957
7.98201 7.67795 0.327637
7.74739 7.62952 0.313284
7.70431 7.87362 0.309283
7.97359 8.14949 0.334178
7.93579 7.89693 0.329981
8.09685 7.98086 0.312631
7.29168 7.62335 0.306538
7.29168 7.62335 0.306538
7.29168 7.62335 0.306538
7.27169 7.86225 0.309416
7.16308 7.24146 0.314162
7.83956 8.39645 0.331222
8.10635 7.90308 0.305092
8.10635 7.90308 0.305092
8.10635 7.90308 0.305092
7.83271 7.70292 0.35097
7.83271 7.70292 0.35097
7.52644 7.46745 0.320501
7.56021 7.15752 0.31497
7.56021 7.15752 0.31497
8.2321 7.23127 0.329309
8.2321 7.23127 0.329309
7.73409 7.8237 0.331488
7.70372 7.80978 0.334467
7.70372 7.80978 0.334467
8.03365 7.1526 0.329901
8.03365 7.1526 0.329901
7.79638 7.8837 0.316722
7.85028 7.94198 0.31415
7.65233 7.44265 0.31318
7.86367 7.629 0.330372
7.49539 7.86284 0.319537
7.49539 7.86284 0.319537
7.49539 7.86284 0.319537
7.44924 7.93096 0.323732
7.44924 7.93096 0.323732
7.85485 7.68856 0.318542
7.85485 7.68856 0.318542
7.09374 7.27792 0.300464
7.09374 7.27792 0.300464
7.09374 7.27792 0.300464
7.09374 7.27792 0.300464
7.69834 8.01646 0.32551
7.69834 8.01646 0.32551
7.44003 7.59135 0.315715
7.4837 7.76447 0.313953
7.56985 7.44382 0.305296
7.56985 7.44382 0.305296
8.11608 7.92013 0.330276
7.40924 7.12743 0.305075
7.87066 7.75844 0.339401
7.47687 7.82718 0.296363
7.47687 7.82718 0.296363
7.47687 7.82718 0.296363
8.20806 7.78453 0.325179
8.42573 7.44537 0.326037
8.42573 7.44537 0.326037
7.97319 7.6171 0.31902
7.97319 7.6171 0.31902
7.97319 7.6171 0.31902
7.61516 7.91784 0.320019
7.80938 8.15909 0.326822
7.60906 7.15251 0.335994
7.597 7.23226 0.312839
7.56795 7.77208 0.328786
8.13713 7.94526 0.309353
7.76454 7.18407 0.32355
7.76454 7.18407 0.32355
8.0997 8.05648 0.317761
8.0997 8.05648 0.317761
8.0997 8.05648 0.317761
8.0997 8.05648 0.317761
7.92746 7.84895 0.326374
8.15595 7.3492 0.328655
8.11914 7.93278 0.329028
7.76117 7.19944 0.317697
8.15229 7.24876 0.307014
8.15229 7.24876 0.307014
7.84116 8.14292 0.33994
7.84116 8.14292 0.33994
7.9871 7.82335 0.300549
7.9871 7.82335 0.300549
7.69762 7.29764 0.313277
7.69762 7.29764 0.313277
7.69762 7.29764 0.313277
7.69762 7.29764 0.313277
7.52352 7.58795 0.321317
7.52352 7.58795 0.321317
7.89225 7.86458 0.33706
7.89225 7.86458 0.33706
7.73927 7.86786 0.297059
8.42382 7.85079 0.320694
8.42382 7.85079 0.320694
8.42382 7.85079 0.320694
7.12574 7.66106 0.335317
7.12574 7.66106 0.335317
7.89946 8.20961 0.323303
7.89946 8.20961 0.323303
7.76871 7.37591 0.338608
7.76871 7.37591 0.338608
8.10808 7.23503 0.315173
7.41161 7.70973 0.322621
7.79885 7.38702 0.327506
7.55036 7.9851 0.309218
7.43826 7.88702 0.307032
7.74603 7.68478 0.321984
7.74603 7.68478 0.321984
7.66003 7.74951 0.319906
7.54 7.67046 0.318231
7.54 7.67046 0.318231
7.54 7.67046 0.318231
7.54 7.67046 0.318231
8.15456 7.42803 0.312901
7.39864 8.12531 0.31806
7.39864 8.12531 0.31806
7.59202 7.5675 0.300869
7.71016 7.39942 0.340815
7.66665 7.72737 0.310779
7.66665 7.72737 0.310779
7.92199 7.62903 0.32289
7.85007 7.56229 0.321066
7.62324 7.99433 0.320991
7.62324 7.99433 0.320991
7.62324 7.99433 0.320991
7.9858 7.89834 0.315601
8.15018 8.12075 0.312652
8.15018 8.12075 0.312652
7.80532 7.44293 0.331141
7.80532 7.44293 0.331141
7.63232 7.41746 0.322254
7.05994 8.22418 0.317218
7.59717 7.86743 0.311902
7.59717 7.86743 0.311902
7.85642 7.8233 0.313076
7.85642 7.8233 0.313076
7.402 7.8984 0.337047
7.402 7.8984 0.337047
8.20501 7.77675 0.322847
7.84827 8.14184 0.311944
7.84827 8.14184 0.311944
7.72952 7.89083 0.347367
7.5477 7.38111 0.329391
7.5477 7.38111 0.329391
7.81229 7.7263 0.322191
7.59321 7.21582 0.311139
7.59321 7.21582 0.311139
7.81333 7.57608 0.32386
7.89536 8.04848 0.330666
7.74957 8.04641 0.300588
7.74957 8.04641 0.300588
7.75158 7.97397 0.31373
7.75158 7.97397 0.31373
7.98452 7.7264 0.327565
7.67564 7.74243 0.309018
7.93101 7.53816 0.32943
7.43875 7.90231 0.312287
7.43875 7.90231 0.312287
7.69596 7.86161 0.310158
7.69596 7.86161 0.310158
7.73682 7.83078 0.330414
7.73682 7.83078 0.330414
7.73682 7.83078 0.330414
7.73682 7.83078 0.330414
7.73682 7.83078 0.330414
8.24582 8.06215 0.323961
8.24582 8.06215 0.323961
8.01655 7.85476 0.305839
8.01655 7.85476 0.305839
7.97447 7.41528 0.328679
7.97447 7.41528 0.328679
7.74849 7.52776 0.315646
7.74849 7.52776 0.315646
7.7519 8.13354 0.30913
7.23834 7.56535 0.316353
7.23834 7.56535 0.316353
7.42326 7.51182 0.317507
7.42326 7.51182 0.317507
7.38613 7.55874 0.325826
7.38613 7.55874 0.325826
7.38613 7.55874 0.325826
7.38613 7.55874 0.325826
7.78083 7.78651 0.330014
7.38055 7.92823 0.327855
7.38055 7.92823 0.327855
7.51923 7.10513 0.30589
7.51923 7.10513 0.30589
7.43405 7.71942 0.339491
7.89187 7.56228 0.308542
7.92069 7.65319 0.336381
7.44821 7.76683 0.300609
7.44821 7.76683 0.300609
7.7503 7.78719 0.316297
7.93149 7.93604 0.328933
7.48481 7.1171 0.320999
7.31968 7.98016 0.329365
7.31968 7.98016 0.329365
7.66783 7.55463 0.330544
7.5845 7.64664 0.301446
7.5845 7.64664 0.301446
8.09769 8.10641 0.297858
7.8189 7.47927 0.323073
7.11048 7.5023 0.323613
7.11048 7.5023 0.323613
7.71358 7.78023 0.328712
7.71358 7.78023 0.328712
7.71358 7.78023 0.328712
7.52711 7.56624 0.326136
7.84353 8.09302 0.313334
7.64427 7.57263 0.304165
7.79838 7.63516 0.31908
7.37267 8.09165 0.295868
7.30504 7.52672 0.321495
7.30504 7.52672 0.321495
7.80539 7.84749 0.313116
7.53283 7.81749 0.315014
7.53283 7.81749 0.315014
7.61688 7.62759 0.312768
7.61688 7.62759 0.312768
8.1911 7.40429 0.325494
7.44361 7.79303 0.304967
7.42263 7.62883 0.316229
8.01713 7.91406 0.314721
8.01713 7.91406 0.314721
7.66592 7.80644 0.33713
7.93137 7.57291 0.315222
7.38661 7.99141 0.328586
7.46534 8.19924 0.325682
7.46534 8.19924 0.325682
7.21172 7.40501 0.311088
7.35113 7.47939 0.325956
7.71421 7.63757 0.316378
7.55453 7.82566 0.312796
7.55453 7.82566 0.312796
7.60997 7.29058 0.314878
7.60997 7.29058 0.314878
7.60997 7.29058 0.314878
7.60997 7.29058 0.314878
7.82339 7.76105 0.318325
7.34553 7.59244 0.311859
7.34553 7.59244 0.311859
7.89251 7.90788 0.317291
7.89251 7.90788 0.317291
7.89251 7.90788 0.317291
7.89251 7.90788 0.317291
7.81319 7.41964 0.294817
7.81319 7.41964 0.294817
7.81319 7.41964 0.294817
7.52631 8.28453 0.322935
7.58379 7.55363 0.306018
8.07812 7.65516 0.329925
7.92992 8.19654 0.334123
7.39548 7.72189 0.305994
7.39548 7.72189 0.305994
7.90144 7.27877 0.305557
7.90144 7.27877 0.305557
7.90144 7.27877 0.305557
7.85739 7.8871 0.322218
8.13143 7.36552 0.317429
7.55672 7.69197 0.310205
7.48959 7.95216 0.322927
7.52751 7.81801 0.300715
7.76844 7.72421 0.322871
7.76844 7.72421 0.322871
7.76844 7.72421 0.322871
7.76844 7.72421 0.322871
7.47554 7.84768 0.317433
7.47554 7.84768 0.317433
7.66717 7.44906 0.325741
7.77114 7.33669 0.322887
7.72055 7.16206 0.32807
7.57482 7.55434 0.301201
7.21322 7.58335 0.315923
7.56654 7.46859 0.334906
7.56654 7.46859 0.334906
7.13449 8.10005 0.328393
7.13449 8.10005 0.328393
7.56292 7.8335 0.32169
7.56292 7.8335 0.32169
7.56292 7.8335 0.32169
7.44286 7.54913 0.304293
7.62324 8.13256 0.301367
7.73289 7.46108 0.307528
7.73289 7.46108 0.307528
7.93705 7.27052 0.315459
8.51228 7.63446 0.33518
7.86159 7.62643 0.320579
7.73434 7.91834 0.335772
7.9039 8.16732 0.327825
7.58799 7.68767 0.318264
7.57311 7.21548 0.313534
8.04425 7.62219 0.310339
8.04425 7.62219 0.310339
8.04425 7.62219 0.310339
7.50163 7.82922 0.323126
7.50163 7.82922 0.323126
7.50163 7.82922 0.323126
7.50163 7.82922 0.323126
7.46293 7.69506 0.325163
7.84562 7.40539 0.314595
7.84562 7.40539 0.314595
7.9999 7.27382 0.313203
8.20707 7.54303 0.309642
7.9471 8.06899 0.314818
7.9471 8.06899 0.314818
7.34579 7.35481 0.306642
7.34579 7.35481 0.306642
7.46985 7.95189 0.320431
7.64749 8.14522 0.310636
7.62928 8.37068 0.313255
7.66104 7.39604 0.321475
7.73402 7.71003 0.31882
7.18062 7.63806 0.314834
7.18062 7.63806 0.314834
8.04215 7.43835 0.313252
7.39911 7.63474 0.31178
7.70302 7.89981 0.336043
7.70302 7.89981 0.336043
7.96738 7.67847 0.298343
7.96738 7.67847 0.298343
8.16843 8.26099 0.314945
8.16843 8.26099 0.314945
7.74268 7.7032 0.304596
7.74268 7.7032 0.304596
7.3281 7.54242 0.317241
8.17109 7.46635 0.305663
7.54992 8.00922 0.327013
7.54992 8.00922 0.327013
7.54992 8.00922 0.327013
7.36771 8.28247 0.320205
7.82805 7.09159 0.321151
7.43715 7.49057 0.310871
7.43715 7.49057 0.310871
7.49954 8.40014 0.334588
7.7315 7.91204 0.316785
7.7315 7.91204 0.316785
7.7315 7.91204 0.316785
7.82876 7.8707 0.318433
7.28403 7.8911 0.339772
7.28403 7.8911 0.339772
7.28403 7.8911 0.339772
7.61036 7.53053 0.31975
7.61036 7.53053 0.31975
7.69808 7.88195 0.314855
7.59824 7.30409 0.302471
7.62571 7.72099 0.304784
7.53202 7.69416 0.318616
7.53202 7.69416 0.318616
7.53202 7.69416 0.318616
7.8559 7.82817 0.317192
7.8559 7.82817 0.317192
7.90906 8.11942 0.320469
8.14296 7.51731 0.316855
8.14296 7.51731 0.316855
7.2306 8.11147 0.334225
7.82548 7.51974 0.324437
7.91469 7.19965 0.318903
7.4519 7.50324 0.314529
7.4519 7.50324 0.314529
7.73649 8.15988 0.337291
7.73649 8.15988 0.337291
7.50432 7.48637 0.302795
7.50432 7.48637 0.302795
8.32453 7.59825 0.327764
7.77113 7.28955 0.326466
7.50388 7.8255 0.319158
7.63482 7.96307 0.308026
8.05412 8.18095 0.321088
7.6236 7.81614 0.323545
7.6236 7.81614 0.323545
7.70767 7.54572 0.318598
7.78854 7.74674 0.305322
7.49498 7.5781 0.325974
7.45439 8.54853 0.321002
7.57363 8.01276 0.31487
7.57363 8.01276 0.31487
7.57363 8.01276 0.31487
7.7449 6.95844 0.326715
7.04827 7.84105 0.33464
7.04827 7.84105 0.33464
7.04827 7.84105 0.33464
7.92256 8.38875 0.327522
7.24929 8.2397 0.31947
7.24929 8.2397 0.31947
7.24929 8.2397 0.31947
7.35818 7.93679 0.308416
7.99003 7.47856 0.307896
8.13176 7.53025 0.309798
8.13176 7.53025 0.309798
7.09822 8.39546 0.317607
7.79551 7.94114 0.312284
7.52691 7.66402 0.3241
7.40966 7.04093 0.311211
7.97187 7.67648 0.326076
7.31258 7.85366 0.312823
7.766 7.57351 0.308983
7.7365 7.49331 0.307925
7.16508 7.138 0.319564
7.16508 7.138 0.319564
7.16508 7.138 0.319564
7.16508 7.138 0.319564
8.67135 7.79486 0.329354
8.67135 7.79486 0.329354
8.67135 7.79486 0.329354
8.67135 7.79486 0.329354
7.57809 7.72491 0.311332
7.57809 7.72491 0.311332
7.57809 7.72491 0.311332
7.80397 8.10067 0.304992
8.15794 7.73679 0.30699
8.03544 7.81918 0.335413
7.87776 7.51141 0.314867
7.88027 7.7316 0.315089
7.88027 7.7316 0.315089
7.96997 7.39066 0.327079
7.96997 7.39066 0.327079
7.34254 7.68822 0.329826
7.50198 7.66277 0.289353
7.8271 7.90955 0.329787
7.8271 7.90955 0.329787
7.62823 8.20859 0.328037
7.62823 8.20859 0.328037
7.42986 7.78051 0.331889
7.94857 7.72997 0.312789
7.94857 7.72997 0.312789
7.88699 7.34772 0.328876
7.88699 7.34772 0.328876
7.67341 7.988 0.326367
7.67341 7.988 0.326367
8.07652 7.51876 0.312047
7.63002 7.96008 0.3294
8.02029 7.97154 0.311659
8.02029 7.97154 0.311659
7.82205 7.83556 0.291285
7.82205 7.83556 0.291285
7.82205 7.83556 0.291285
7.82205 7.83556 0.291285
7.82205 7.83556 0.291285
7.24866 7.57383 0.326936
7.24866 7.57383 0.326936
7.94128 7.75202 0.312503
7.77472 7.19103 0.31734
8.30161 7.65456 0.320963
8.30161 7.65456 0.320963
7.27052 8.40682 0.306588
7.89753 8.22205 0.320063
7.89753 8.22205 0.320063
7.36926 7.81623 0.321135
7.36926 7.81623 0.321135
7.36926 7.81623 0.321135
7.36926 7.81623 0.321135
7.36926 7.81623 0.321135
7.47788 7.40106 0.333976
7.53249 7.76153 0.317288
7.53249 7.76153 0.317288
8.0345 7.58565 0.317057
8.0345 7.58565 0.317057
8.0345 7.58565 0.317057
8.0345 7.58565 0.317057
7.92348 8.05846 0.305471
7.52077 7.91417 0.321192
7.52077 7.91417 0.321192
7.52077 7.91417 0.321192
7.44442 7.71884 0.299599
7.44442 7.71884 0.299599
7.96643 7.52485 0.333126
8.44805 7.54026 0.32254
7.75989 7.41313 0.314875
7.75989 7.41313 0.314875
7.75989 7.41313 0.314875
7.75989 7.41313 0.314875
7.75989 7.41313 0.314875
7.82058 7.96197 0.305368
7.82058 7.96197 0.305368
8.49124 8.01231 0.328391
8.49124 8.01231 0.328391
7.79504 8.24453 0.319125
7.79504 8.24453 0.319125
7.89052 7.89644 0.319255
7.91029 7.41294 0.325564
7.72941 7.79673 0.317314
7.72941 7.79673 0.317314
7.9664 7.5633 0.315565
7.9664 7.5633 0.315565
7.9664 7.5633 0.315565
7.48538 6.79364 0.337402
7.48538 6.79364 0.337402
7.48538 6.79364 0.337402
7.48538 6.79364 0.337402
7.53587 8.01854 0.303306
7.74402 7.94641 0.320367
7.79728 7.37848 0.331131
7.55464 7.83375 0.329021
7.31775 7.70582 0.312943
7.31775 7.70582 0.312943
7.31775 7.70582 0.312943
8.18749 8.2026 0.309403
8.18749 8.2026 0.309403
8.45455 7.51981 0.330326
7.12647 7.67416 0.31569
7.36689 7.93004 0.32246
7.36689 7.93004 0.32246
7.8098 7.0241 0.303302
7.71843 7.85885 0.303411
7.47057 8.38993 0.317735
7.47057 8.38993 0.317735
7.47057 8.38993 0.317735
7.47057 8.38993 0.317735
7.65817 8.09861 0.339653
7.65817 8.09861 0.339653
7.66887 7.83152 0.331754
7.66887 7.83152 0.331754
7.66887 7.83152 0.331754
7.62133 7.99154 0.32082
7.62133 7.99154 0.32082
7.9671 8.1053 0.321066
7.9671 8.1053 0.321066
7.22345 8.1347 0.316272
7.67605 7.39616 0.315609
7.79282 7.74696 0.333037
8.03333 7.95507 0.334496
7.77044 7.53197 0.312187
7.89612 7.57421 0.315008
7.89612 7.57421 0.315008
8.24223 7.47943 0.313781
8.24223 7.47943 0.313781
8.24223 7.47943 0.313781
8.12648 6.96613 0.313994
8.12648 6.96613 0.313994
8.12648 6.96613 0.313994
7.54249 8.17413 0.308533
7.88578 7.78866 0.322738
7.88468 7.79903 0.319514
7.40126 7.21802 0.319316
7.348 7.66211 0.306749
7.56696 7.76507 0.298907
7.48811 7.46555 0.311197
7.48811 7.46555 0.311197
8.12443 7.54411 0.323503
7.63749 7.49436 0.317992
7.50613 7.78581 0.294489
7.46039 7.6756 0.30339
7.36144 7.40636 0.325156
7.28338 7.44 0.324361
7.28338 7.44 0.324361
7.4192 7.61226 0.319826
8.30865 7.43009 0.317306
7.49409 7.71984 0.31801
7.49409 7.71984 0.31801
7.45943 7.63029 0.306159
7.3619 7.14416 0.306767
7.3619 7.14416 0.306767
7.63859 7.9286 0.320625
7.59122 7.78298 0.328168
7.59122 7.78298 0.328168
7.45809 7.39166 0.317407
7.75903 7.28442 0.327761
7.75903 7.28442 0.327761
7.48652 7.63603 0.327861
7.48652 7.63603 0.327861
7.48652 7.63603 0.327861
7.92337 7.65433 0.320088
7.8449 7.58555 0.318103
7.8449 7.58555 0.318103
7.8449 7.58555 0.318103
7.53811 7.24403 0.314936
7.669 7.93831 0.323853
7.669 7.93831 0.323853
7.41594 7.48552 0.3062
6.98538 7.2531 0.330446
8.14122 7.73222 0.292734
8.14122 7.73222 0.292734
7.96477 8.14289 0.316612
7.96477 8.14289 0.316612
7.96477 8.14289 0.316612
7.79839 7.57384 0.307514
7.81252 8.14605 0.332564
7.81252 8.14605 0.332564
8.14865 8.19091 0.325902
8.21406 7.51866 0.315153
8.21406 7.51866 0.315153
8.21406 7.51866 0.315153
7.7063 7.96213 0.320684
8.32446 7.61772 0.308278
8.32446 7.61772 0.308278
7.51771 8.05332 0.321572
7.79648 7.64631 0.321405
7.79648 7.64631 0.321405
7.79648 7.64631 0.321405
7.84984 8.03039 0.319824
7.7572 8.0312 0.320382
7.66067 7.31593 0.313476
8.18331 7.99682 0.336572
8.25581 7.51306 0.320996
8.25581 7.51306 0.320996
8.25581 7.51306 0.320996
8.25581 7.51306 0.320996
7.54175 7.89232 0.323663
7.8277 8.40177 0.339418
7.92014 7.50029 0.324922
7.92014 7.50029 0.324922
7.92014 7.50029 0.324922
7.33745 7.54948 0.306967
7.89872 7.64876 0.300684
7.90998 7.36106 0.303799
7.39955 7.48477 0.306301
7.39955 7.48477 0.306301
7.39955 7.48477 0.306301
8.3287 7.52807 0.301369
8.3287 7.52807 0.301369
7.62925 7.60289 0.311021
7.62925 7.60289 0.311021
7.95991 7.04892 0.324054
7.95991 7.04892 0.324054
7.95991 7.04892 0.324054
7.42415 7.21441 0.320303
8.14962 8.02723 0.324071
8.14962 8.02723 0.324071
7.50777 7.74366 0.330143
7.50777 7.74366 0.330143
7.97433 7.31425 0.331886
7.66072 7.05815 0.305403
7.72107 7.86632 0.324757
7.72107 7.86632 0.324757
7.72107 7.86632 0.324757
8.39853 7.59086 0.306377
7.45425 7.78293 0.304308
7.45425 7.78293 0.304308
7.96536 7.97468 0.317573
7.90888 7.89632 0.33071
8.37106 7.86625 0.339688
7.64997 6.92954 0.318623
8.47184 7.91511 0.319938
7.71624 8.25225 0.315186
7.63478 7.59424 0.317188
8.20397 8.24751 0.300537
8.20397 8.24751 0.300537
8.09062 7.68166 0.327704
8.09062 7.68166 0.327704
7.82213 7.26649 0.323605
7.51069 7.7213 0.330421
7.51069 7.7213 0.330421
7.7036 7.71435 0.328332
7.73999 7.63252 0.316846
8.35778 7.90346 0.314276
8.15177 7.90189 0.316768
8.15177 7.90189 0.316768
6.69438 5.93757 0.314539
6.69438 5.93757 0.314539
6.69438 5.93757 0.314539
6.68768 6.91994 0.304731
5.73905 6.30456 0.299232
5.73905 6.30456 0.299232
5.73905 6.30456 0.299232
5.73905 6.30456 0.299232
6.56289 6.20394 0.316829
6.38297 6.20406 0.339981
6.38297 6.20406 0.339981
6.38297 6.20406 0.339981
6.38297 6.20406 0.339981
6.38297 6.20406 0.339981
6.38297 6.20406 0.339981
6.38297 6.20406 0.339981
6.38297 6.20406 0.339981
6.38297 6.20406 0.339981
6.38297 6.20406 0.339981
6.38297 6.20406 0.339981
6.38297 6.20406 0.339981
6.63507 6.95945 0.321662
6.63507 6.95945 0.321662
6.94783 6.18202 0.314829
6.94783 6.18202 0.314829
6.94783 6.18202 0.314829
6.50124 6.61911 0.313449
6.10423 6.35782 0.326471
6.10423 6.35782 0.326471
6.32822 6.56676 0.341119
6.32822 6.56676 0.341119
6.32822 6.56676 0.341119
6.32822 6.56676 0.341119
6.09561 6.42608 0.309651
6.80098 6.22481 0.318834
6.80098 6.22481 0.318834
6.80098 6.22481 0.318834
6.80098 6.22481 0.318834
6.35082 6.15418 0.295623
6.459 5.95035 0.304299
6.459 5.95035 0.304299
6.59382 6.17217 0.332058
6.59382 6.17217 0.332058
6.49272 6.33915 0.316077
6.49272 6.33915 0.316077
6.49272 6.33915 0.316077
6.49272 6.33915 0.316077
6.2741 6.01163 0.325671
6.2741 6.01163 0.325671
6.2741 6.01163 0.325671
6.06761 6.07854 0.313448
6.06761 6.07854 0.313448
6.43452 5.9181 0.315316
6.44487 6.22387 0.312602
6.44487 6.22387 0.312602
6.58705 6.33181 0.323359
5.84507 6.40952 0.323364
5.84507 6.40952 0.323364
5.84507 6.40952 0.323364
6.19209 6.48216 0.326788
6.19209 6.48216 0.326788
6.19209 6.48216 0.326788
6.44962 6.63751 0.339097
6.44962 6.63751 0.339097
6.44962 6.63751 0.339097
6.34559 5.63339 0.303005
6.56866 6.73205 0.32324
6.56866 6.73205 0.32324
6.56866 6.73205 0.32324
6.56866 6.73205 0.32324
6.73638 6.40352 0.324314
6.2971 6.46172 0.326626
6.57486 6.03107 0.315791
6.57486 6.03107 0.315791
5.95741 6.25805 0.328071
5.95741 6.25805 0.328071
6.46972 6.37436 0.323159
6.46247 6.54312 0.314131
6.46247 6.54312 0.314131
5.98345 6.51474 0.309853
6.07427 6.34328 0.313484
6.07427 6.34328 0.313484
6.07427 6.34328 0.313484
6.07427 6.34328 0.313484
6.52764 6.08075 0.320386
6.52764 6.08075 0.320386
6.52764 6.08075 0.320386
6.49262 6.34063 0.304999
6.49262 6.34063 0.304999
6.49262 6.34063 0.304999
5.9616 5.73127 0.328784
6.21266 6.21703 0.302218
6.21266 6.21703 0.302218
6.21266 6.21703 0.302218
6.21266 6.21703 0.302218
6.40517 6.52188 0.31979
6.40517 6.52188 0.31979
6.56512 6.69591 0.327559
6.17542 6.3716 0.327503
6.32277 6.476 0.32053
6.32277 6.476 0.32053
6.32277 6.476 0.32053
6.32277 6.476 0.32053
6.14801 6.84594 0.310009
6.14801 6.84594 0.310009
6.14801 6.84594 0.310009
6.14801 6.84594 0.310009
6.12608 6.19924 0.322523
6.12608 6.19924 0.322523
6.29991 6.25075 0.325533
6.29991 6.25075 0.325533
6.29991 6.25075 0.325533
6.24378 6.40539 0.330881
6.24378 6.40539 0.330881
5.87268 6.50417 0.329054
5.87268 6.50417 0.329054
5.87268 6.50417 0.329054
5.87268 6.50417 0.329054
6.1888 6.20671 0.293101
6.1888 6.20671 0.293101
6.1888 6.20671 0.293101
6.1888 6.20671 0.293101
6.18993 6.50372 0.316242
6.58675 6.59686 0.313495
6.58675 6.59686 0.313495
6.58675 6.59686 0.313495
6.58675 6.59686 0.313495
6.58675 6.59686 0.313495
6.69096 6.11986 0.329331
6.69096 6.11986 0.329331
6.69096 6.11986 0.329331
6.69096 6.11986 0.329331
6.97055 6.7795 0.339124
6.97055 6.7795 0.339124
6.97055 6.7795 0.339124
6.97055 6.7795 0.339124
7.06137 6.63636 0.29269
6.61731 5.94424 0.317833
6.47898 6.64867 0.32268
6.63499 6.24104 0.323714
6.63499 6.24104 0.323714
6.32023 6.73352 0.321581
6.32023 6.73352 0.321581
6.44057 6.09809 0.330603
6.65524 6.2059 0.329897
6.65524 6.2059 0.329897
6.65524 6.2059 0.329897
6.65524 6.2059 0.329897
7.08799 6.43273 0.322874
7.08799 6.43273 0.322874
7.08799 6.43273 0.322874
6.30616 6.12174 0.32717
6.12929 6.66216 0.334171
6.12929 6.66216 0.334171
6.12929 6.66216 0.334171
5.97603 6.75222 0.317976
5.97603 6.75222 0.317976
6.80622 6.25115 0.318868
6.80622 6.25115 0.318868
6.80622 6.25115 0.318868
6.82725 6.49878 0.300789
6.17493 5.69407 0.319808
6.37996 6.00475 0.30607
6.37996 6.00475 0.30607
5.39559 6.74502 0.317521
6.49279 5.75228 0.318462
6.49279 5.75228 0.318462
6.49279 5.75228 0.318462
6.49279 5.75228 0.318462
6.49279 5.75228 0.318462
6.05975 6.54361 0.324603
6.05975 6.54361 0.324603
6.05975 6.54361 0.324603
6.05975 6.54361 0.324603
6.05975 6.54361 0.324603
6.05975 6.54361 0.324603
6.05975 6.54361 0.324603
6.05975 6.54361 0.324603
6.05975 6.54361 0.324603
6.05975 6.54361 0.324603
6.05975 6.54361 0.324603
6.05975 6.54361 0.324603
6.60783 6.36035 0.317978
6.39573 6.68446 0.322316
6.39573 6.68446 0.322316
6.39573 6.68446 0.322316
6.39573 6.68446 0.322316
6.39573 6.68446 0.322316
6.39573 6.68446 0.322316
6.39573 6.68446 0.322316
6.18637 6.79176 0.319795
6.18637 6.79176 0.319795
6.18637 6.79176 0.319795
6.18637 6.79176 0.319795
6.80724 6.12853 0.292746
6.80724 6.12853 0.292746
6.80724 6.12853 0.292746
6.80724 6.12853 0.292746
6.80724 6.12853 0.292746
6.26285 6.67075 0.297992
6.26285 6.67075 0.297992
6.26285 6.67075 0.297992
6.6429 6.06332 0.300075
6.6429 6.06332 0.300075
6.19605 6.83179 0.311046
6.19605 6.83179 0.311046
6.72861 6.36137 0.281541
6.1625 6.47112 0.291666
6.22517 6.26107 0.301103
6.96343 6.80001 0.316437
6.96343 6.80001 0.316437
6.96343 6.80001 0.316437
6.96343 6.80001 0.316437
6.96343 6.80001 0.316437
6.86381 6.68863 0.286111
6.86381 6.68863 0.286111
6.46074 6.8135 0.292604
6.46074 6.8135 0.292604
6.46074 6.8135 0.292604
6.46074 6.8135 0.292604
6.91982 6.57632 0.287809
6.98119 7.23932 0.289699
6.98119 7.23932 0.289699
6.98119 7.23932 0.289699
6.92529 6.79438 0.289347
6.84853 6.70299 0.287506
6.78652 6.86296 0.281726
6.53646 6.57196 0.302897
6.53646 6.57196 0.302897
6.53646 6.57196 0.302897
6.53646 6.57196 0.302897
6.53646 6.57196 0.302897
7.13078 6.67971 0.297257
7.69625 6.67681 0.292226
6.61976 7.03175 0.312289
6.61976 7.03175 0.312289
6.01745 6.62712 0.299193
6.01745 6.62712 0.299193
6.51969 6.76272 0.314942
6.51969 6.76272 0.314942
7.34084 6.88386 0.290352
7.34084 6.88386 0.290352
7.34084 6.88386 0.290352
6.60541 6.43706 0.292835
6.60541 6.43706 0.292835
6.60541 6.43706 0.292835
6.60541 6.43706 0.292835
6.85376 6.77443 0.285785
6.85376 6.77443 0.285785
6.85376 6.77443 0.285785
6.80434 7.44126 0.295759
6.91969 6.87094 0.317074
6.91969 6.87094 0.317074
6.99884 6.85394 0.290889
6.99884 6.85394 0.290889
7.0405 6.51761 0.307078
7.0405 6.51761 0.307078
7.0405 6.51761 0.307078
7.0405 6.51761 0.307078
7.77893 7.62532 0.32284
7.77893 7.62532 0.32284
7.4027 7.61176 0.297244
7.4027 7.61176 0.297244
7.4027 7.61176 0.297244
7.1402 7.55816 0.319943
7.1402 7.55816 0.319943
6.90505 7.98217 0.322313
7.74524 7.6447 0.321816
7.74524 7.6447 0.321816
7.90143 8.15572 0.327059
7.70272 7.82013 0.334101
7.70272 7.82013 0.334101
7.80632 7.82442 0.317203
7.71363 7.68312 0.316119
7.71363 7.68312 0.316119
7.21395 7.99029 0.325337
7.21395 7.99029 0.325337
7.41675 7.70059 0.320135
7.75706 8.00077 0.319578
7.75706 8.00077 0.319578
7.58462 7.88211 0.330159
7.58462 7.88211 0.330159
7.58462 7.88211 0.330159
7.46506 7.21528 0.318494
7.46506 7.21528 0.318494
7.46506 7.21528 0.318494
7.46506 7.21528 0.318494
7.81021 7.47883 0.319952
8.00075 7.89613 0.321034
8.00075 7.89613 0.321034
8.08333 7.28252 0.328331
8.08333 7.28252 0.328331
7.61631 8.1841 0.313731
7.99085 7.76691 0.315748
7.75139 7.56064 0.315086
7.49251 7.43816 0.324784
8.02452 8.09609 0.32379
8.02452 8.09609 0.32379
7.27266 7.97243 0.339
7.75012 7.63606 0.32615
7.69714 7.65474 0.321537
7.69714 7.65474 0.321537
7.66851 7.25164 0.323066
7.44264 7.79493 0.321955
8.03094 7.49939 0.329751
7.94065 7.79975 0.316346
7.55267 7.86489 0.308925
7.55267 7.86489 0.308925
7.83212 7.69864 0.32633
7.75747 8.06641 0.301945
7.75747 8.06641 0.301945
8.17019 7.72446 0.285987
7.95153 7.63857 0.32867
7.95153 7.63857 0.32867
7.66292 7.47742 0.336585
7.66292 7.47742 0.336585
6.7087 6.18968 0.313548
6.7087 6.18968 0.313548
6.7087 6.18968 0.313548
6.37501 7.23597 0.328984
6.6713 6.58062 0.325054
6.6713 6.58062 0.325054
6.40378 6.23229 0.325825
6.40378 6.23229 0.325825
6.40378 6.23229 0.325825
6.40378 6.23229 0.325825
6.40378 6.23229 0.325825
7.41876 6.09464 0.298114
6.43119 6.99943 0.309226
5.96145 6.47876 0.310047
5.80159 6.82302 0.31248
6.69432 6.33904 0.323684
6.69432 6.33904 0.323684
6.69432 6.33904 0.323684
6.69432 6.33904 0.323684
6.69432 6.33904 0.323684
6.18242 5.91789 0.339993
6.18242 5.91789 0.339993
6.08418 6.15062 0.331747
5.79833 6.56081 0.316339
6.29548 6.35448 0.308294
6.29548 6.35448 0.308294
6.29548 6.35448 0.308294
6.29548 6.35448 0.308294
6.29548 6.35448 0.308294
6.41839 6.21889 0.303863
6.41839 6.21889 0.303863
6.41839 6.21889 0.303863
6.12226 6.62412 0.312025
8.03963 8.13438 0.302084
8.03963 8.13438 0.302084
8.73282 8.44549 0.305218
8.73282 8.44549 0.305218
8.73282 8.44549 0.305218
8.19644 8.02411 0.320771
8.19644 8.02411 0.320771
8.0003 8.6631 0.307426
8.0003 8.6631 0.307426
7.873 7.77987 0.318133
8.1424 8.22561 0.318375
8.03865 8.36583 0.330419
8.39641 8.14626 0.316533
8.37783 7.89374 0.327729
8.36322 8.66615 0.317034
8.36322 8.66615 0.317034
7.87956 8.55404 0.300103
8.32507 7.64614 0.320309
8.32507 7.64614 0.320309
7.97865 8.11011 0.322273
8.31536 8.112 0.317496
8.31536 8.112 0.317496
8.31536 8.112 0.317496
7.85697 8.2594 0.312427
7.85697 8.2594 0.312427
7.86241 8.17357 0.3171
8.55605 7.92485 0.301099
8.42523 8.05922 0.311855
8.53637 8.03232 0.304898
8.53637 8.03232 0.304898
8.53637 8.03232 0.304898
7.82579 8.28468 0.309535
7.82579 8.28468 0.309535
8.31141 8.05664 0.3134
8.18701 8.36382 0.310383
8.18701 8.36382 0.310383
8.04312 8.16891 0.301822
8.16948 7.89686 0.303476
8.14798 8.17621 0.321013
8.40273 8.41375 0.305792
8.14003 8.25834 0.309769
8.14003 8.25834 0.309769
8.98268 8.61719 0.31384
7.90446 8.75853 0.314645
8.15191 8.00057 0.314569
8.10613 8.29764 0.326017
8.10613 8.29764 0.326017
8.42594 7.92505 0.309994
8.11922 8.21455 0.309161
8.16107 8.43018 0.322779
8.16107 8.43018 0.322779
8.16107 8.43018 0.322779
8.73103 8.01447 0.300592
8.3476 8.36312 0.308599
8.14933 7.87233 0.305856
7.95312 8.13454 0.316918
7.95312 8.13454 0.316918
5.68161 5.87953 0.299647
3.9382 46.556 -66.807
3.9382 46.556 -66.807
3.9382 46.556 -66.807
3.9382 46.556 -66.807
7.7129 7.56141 0.332622
7.37643 7.52468 0.315892
7.06031 6.60606 0.321524
3.9382 46.556 -66.807
3.9382 46.556 -66.807
3.9382 46.556 -66.807
3.9382 46.556 -66.807
3.9382 46.556 -66.807
3.9382 46.556 -66.807
3.9382 46.556 -66.807
3.9382 46.556 -66.807
7.59278 8.01632 0.296379
7.59278 8.01632 0.296379
7.42698 7.52941 0.318236
8.2249 7.61909 0.322972
7.6881 7.79885 0.31669
7.82421 7.54437 0.315341
3.9382 46.556 -66.807
3.9382 46.556 -66.807
6.28838 5.98052 0.0112194
6.81328 7.10437 0.293273
3.9382 46.556 -66.807
3.9382 46.556 -66.807
3.9382 46.556 -66.807
3.9382 46.556 -66.807
3.9382 46.556 -66.807
3.9382 46.556 -66.807
3.9382 46.556 -66.807
3.9382 46.556 -66.807
3.9382 46.556 -66.807
3.9382 46.556 -66.807
3.9382 46.556 -66.807
3.9382 46.556 -66.807
3.9382 46.556 -66.807
3.9382 46.556 -66.807
3.9382 46.556 -66.807
3.9382 46.556 -66.807
3.9382 46.556 -66.807
6.71748 6.82626 0.292122
3.9382 46.556 -66.807
3.9382 46.556 -66.807
3.9382 46.556 -66.807
3.9382 46.556 -66.807
3.9382 46.556 -66.807
3.9382 46.556 -66.807
3.9382 46.556 -66.807
6.6037 6.36776 0.320172
8.09872 7.61185 0.332509
3.9382 46.556 -66.807
3.9382 46.556 -66.807
3.9382 46.556 -66.807
6.29483 6.43823 0.307613
3.9382 46.556 -66.807
3.9382 46.556 -66.807
3.9382 46.556 -66.807
3.9382 46.556 -66.807
3.9382 46.556 -66.807
3.9382 46.556 -66.807
3.9382 46.556 -66.807
3.9382 46.556 -66.807
3.9382 46.556 -66.807
3.9382 46.556 -66.807
3.9382 46.556 -66.807
3.9382 46.556 -66.807
3.9382 46.556 -66.807
3.9382 46.556 -66.807
6.23988 6.26685 0.330218
6.23988 6.26685 0.330218
6.77936 6.20187 0.292272
3.9382 46.556 -66.807
3.9382 46.556 -66.807
3.9382 46.556 -66.807
3.9382 46.556 -66.807
3.9382 46.556 -66.807
7.75786 8.24192 0.328087
7.21345 7.34275 0.319221
3.9382 46.556 -66.807
3.9382 46.556 -66.807
3.9382 46.556 -66.807
6.11606 6.63768 0.311238
3.9382 46.556 -66.807
3.9382 46.556 -66.807
3.9382 46.556 -66.807
3.9382 46.556 -66.807
7.1669 7.00354 0.286158
3.9382 46.556 -66.807
3.9382 46.556 -66.807
3.9382 46.556 -66.807
3.9382 46.556 -66.807
3.9382 46.556 -66.807
3.9382 46.556 -66.807
3.9382 46.556 -66.807
3.9382 46.556 -66.807
3.9382 46.556 -66.807
3.9382 46.556 -66.807
7.40592 7.77971 0.333341
7.44978 7.88051 0.33251
7.77432 7.13913 0.33897
7.77432 7.13913 0.33897
7.77432 7.13913 0.33897
8.02293 7.68051 0.336185
7.81055 8.00663 0.324161
7.81055 8.00663 0.324161
7.64547 7.57499 0.327729
7.76378 7.42439 0.317269
7.76378 7.42439 0.317269
7.24002 7.81104 0.323056
7.24002 7.81104 0.323056
7.24002 7.81104 0.323056
7.24002 7.81104 0.323056
7.24002 7.81104 0.323056
7.69626 7.7786 0.321977
7.79524 7.02523 0.310056
7.79524 7.02523 0.310056
7.79524 7.02523 0.310056
7.79524 7.02523 0.310056
7.74628 7.30424 0.34056
7.74628 7.30424 0.34056
7.74628 7.30424 0.34056
8.05747 8.00521 0.335457
8.02878 7.85242 0.328809
8.02878 7.85242 0.328809
8.02878 7.85242 0.328809
8.02878 7.85242 0.328809
8.02878 7.85242 0.328809
8.15884 7.78624 0.320251
8.15884 7.78624 0.320251
7.64642 6.98007 0.318199
7.87381 7.33523 0.329961
7.87381 7.33523 0.329961
7.86496 7.54851 0.33116
7.86496 7.54851 0.33116
7.86496 7.54851 0.33116
7.86496 7.54851 0.33116
7.73105 7.13848 0.339577
7.73105 7.13848 0.339577
7.59744 7.39381 0.314698
7.59744 7.39381 0.314698
7.59744 7.39381 0.314698
7.59169 7.91468 0.320655
8.04952 7.64152 0.333692
8.04952 7.64152 0.333692
7.70325 7.8794 0.324036
7.59959 7.55084 0.328014
7.59959 7.55084 0.328014
8.13824 7.59524 0.327676
8.13824 7.59524 0.327676
8.13824 7.59524 0.327676
8.13824 7.59524 0.327676
7.53275 8.11846 0.313902
7.53275 8.11846 0.313902
7.53275 8.11846 0.313902
7.53275 8.11846 0.313902
8.03368 7.56343 0.32013
7.83276 7.70696 0.315854
7.83276 7.70696 0.315854
7.79927 7.97075 0.328735
7.43433 7.33644 0.319918
8.09129 7.57473 0.334427
7.12882 7.92529 0.319931
7.12882 7.92529 0.319931
7.6068 7.92178 0.336121
7.6068 7.92178 0.336121
7.6068 7.92178 0.336121
7.6068 7.92178 0.336121
7.9403 7.48052 0.341307
7.98056 7.79639 0.322823
7.98056 7.79639 0.322823
7.98056 7.79639 0.322823
7.74122 7.60953 0.302469
7.85964 7.32899 0.328211
7.85964 7.32899 0.328211
7.85964 7.32899 0.328211
7.85964 7.32899 0.328211
7.85964 7.32899 0.328211
7.76636 7.719 0.320658
7.76636 7.719 0.320658
7.65302 7.93549 0.302998
8.24605 7.44513 0.32597
7.32867 7.68722 0.323287
7.32867 7.68722 0.323287
8.10846 8.02735 0.324229
7.65861 8.06289 0.332038
7.65861 8.06289 0.332038
7.65861 8.06289 0.332038
7.65861 8.06289 0.332038
7.65861 8.06289 0.332038
7.65861 8.06289 0.332038
7.81102 7.38908 0.332039
7.77076 7.60822 0.306754
7.77076 7.60822 0.306754
7.95351 7.69005 0.322975
7.50946 8.08946 0.320395
7.50946 8.08946 0.320395
7.70194 7.93683 0.324811
7.63132 7.35792 0.345164
7.63132 7.35792 0.345164
7.63132 7.35792 0.345164
7.63132 7.35792 0.345164
7.39231 7.90268 0.302433
7.39231 7.90268 0.302433
7.56721 7.75284 0.324941
7.36264 7.87462 0.330548
7.36264 7.87462 0.330548
7.37617 7.55101 0.303443
7.76944 8.02437 0.330865
7.76944 8.02437 0.330865
7.61764 6.81755 0.320902
7.31463 8.33458 0.34241
7.31463 8.33458 0.34241
7.59918 7.58902 0.319316
7.59918 7.58902 0.319316
7.27357 7.48541 0.306167
7.27357 7.48541 0.306167
7.25242 7.53484 0.338791
7.25242 7.53484 0.338791
7.25242 7.53484 0.338791
7.25242 7.53484 0.338791
7.21231 7.74705 0.32416
8.07805 7.32964 0.32612
8.07805 7.32964 0.32612
7.51411 7.97965 0.332132
7.51411 7.97965 0.332132
7.51411 7.97965 0.332132
8.4892 8.02276 0.327908
7.64336 7.36408 0.33159
7.64336 7.36408 0.33159
7.92442 8.06082 0.325845
6.15105 6.19805 0.311619
6.6964 6.64514 0.322599
6.19569 6.35717 0.328973
6.29729 6.63992 0.296038
6.29729 6.63992 0.296038
6.59257 6.61948 0.302479
6.59257 6.61948 0.302479
6.59257 6.61948 0.302479
6.59257 6.61948 0.302479
6.59257 6.61948 0.302479
6.40225 6.46289 0.29822
6.18507 6.09438 0.298799
6.18507 6.09438 0.298799
6.23471 6.70465 0.307468
6.23471 6.70465 0.307468
6.51715 6.44169 0.316535
6.51715 6.44169 0.316535
6.57185 6.40215 0.327272
6.39995 6.25685 0.316888
6.39995 6.25685 0.316888
6.39995 6.25685 0.316888
6.84507 6.88261 0.321731
6.84507 6.88261 0.321731
6.56447 6.45243 0.318016
6.56447 6.45243 0.318016
6.56447 6.45243 0.318016
6.15788 6.17268 0.317918
6.72678 5.62095 0.306712
6.72678 5.62095 0.306712
6.72678 5.62095 0.306712
6.72678 5.62095 0.306712
6.50781 6.60748 0.331179
6.50781 6.60748 0.331179
6.53746 6.17977 0.332962
6.53746 6.17977 0.332962
6.53746 6.17977 0.332962
6.53746 6.17977 0.332962
6.53746 6.17977 0.332962
5.95716 5.96402 0.325641
5.95716 5.96402 0.325641
6.46114 6.81866 0.333771
6.46114 6.81866 0.333771
6.47676 6.03579 0.315693
6.47676 6.03579 0.315693
6.47676 6.03579 0.315693
6.47676 6.03579 0.315693
6.47676 6.03579 0.315693
6.47676 6.03579 0.315693
6.47676 6.03579 0.315693
6.47676 6.03579 0.315693
6.47676 6.03579 0.315693
6.61927 6.12861 0.320661
6.61927 6.12861 0.320661
6.61927 6.12861 0.320661
6.61927 6.12861 0.320661
6.06111 6.43694 0.301991
6.57483 6.14697 0.32603
6.57483 6.14697 0.32603
6.57483 6.14697 0.32603
6.07486 6.47272 0.329509
6.85289 6.45662 0.339343
6.85289 6.45662 0.339343
6.85289 6.45662 0.339343
5.62924 6.82519 0.336159
6.61862 6.55559 0.310184
6.38768 6.36303 0.320405
6.38768 6.36303 0.320405
6.99653 6.23503 0.31874
5.95878 6.39706 0.32915
5.95878 6.39706 0.32915
6.11813 6.62327 0.305676
6.11813 6.62327 0.305676
6.11813 6.62327 0.305676
6.05169 6.39712 0.313161
6.34926 6.68377 0.318245
6.47063 6.23706 0.32138
6.47063 6.23706 0.32138
6.47063 6.23706 0.32138
6.47063 6.23706 0.32138
6.47063 6.23706 0.32138
7.10607 6.81347 0.322385
7.10607 6.81347 0.322385
7.10607 6.81347 0.322385
6.19106 6.35263 0.311313
6.19106 6.35263 0.311313
6.19106 6.35263 0.311313
5.76093 6.14968 0.306886
6.4587 6.23873 0.323548
6.4587 6.23873 0.323548
6.4587 6.23873 0.323548
6.4587 6.23873 0.323548
6.64309 6.27588 0.318931
6.4247 6.42771 0.31587
6.4247 6.42771 0.31587
6.4247 6.42771 0.31587
6.4247 6.42771 0.31587
6.29651 6.01056 0.296161
6.29651 6.01056 0.296161
6.39023 6.16039 0.30962
6.27551 6.50314 0.325212
6.07786 5.92516 0.333179
6.07786 5.92516 0.333179
7.10417 6.54611 0.323071
6.51677 6.30545 0.290011
6.58405 6.06189 0.319836
5.87002 6.14703 0.31415
6.2371 7.02685 0.333766
6.2371 7.02685 0.333766
6.2371 7.02685 0.333766
6.06917 6.63705 0.313827
6.06917 6.63705 0.313827
6.06917 6.63705 0.313827
5.85173 6.74775 0.297055
5.85173 6.74775 0.297055
5.85173 6.74775 0.297055
5.85173 6.74775 0.297055
7.06648 6.27037 0.309049
6.2311 6.51915 0.317374
6.2311 6.51915 0.317374
6.2311 6.51915 0.317374
6.1694 6.19747 0.311215
6.1694 6.19747 0.311215
6.39977 6.41305 0.303175
6.39977 6.41305 0.303175
6.39977 6.41305 0.303175
6.39977 6.41305 0.303175
6.39977 6.41305 0.303175
6.39977 6.41305 0.303175
6.39977 6.41305 0.303175
6.39977 6.41305 0.303175
6.69951 6.4976 0.317582
6.69951 6.4976 0.317582
6.69951 6.4976 0.317582
6.37947 5.78096 0.319125
6.52465 5.57296 0.319095
6.52465 5.57296 0.319095
6.52465 5.57296 0.319095
6.19161 6.05825 0.306913
6.19161 6.05825 0.306913
6.06283 6.15171 0.319748
6.06283 6.15171 0.319748
6.45589 6.05782 0.321264
6.45589 6.05782 0.321264
6.53316 6.21854 0.312037
6.53316 6.21854 0.312037
6.53316 6.21854 0.312037
6.10315 6.75396 0.301495
6.10315 6.75396 0.301495
6.10315 6.75396 0.301495
6.10315 6.75396 0.301495
6.10315 6.75396 0.301495
6.43845 5.7396 0.30672
6.43845 5.7396 0.30672
6.68683 6.78725 0.330159
6.68683 6.78725 0.330159
6.68683 6.78725 0.330159
6.68683 6.78725 0.330159
6.68683 6.78725 0.330159
6.68683 6.78725 0.330159
6.08129 6.39263 0.316217
5.93208 5.94553 0.316746
6.00895 6.02644 0.308627
6.3619 6.72095 0.307154
6.3619 6.72095 0.307154
6.3619 6.72095 0.307154
6.3554 6.48554 0.340006
6.3554 6.48554 0.340006
6.3554 6.48554 0.340006
5.68529 6.50481 0.308409
5.68529 6.50481 0.308409
6.75252 6.52432 0.308365
6.75252 6.52432 0.308365
6.75252 6.52432 0.308365
6.75252 6.52432 0.308365
6.75252 6.52432 0.308365
6.25079 6.56029 0.310284
6.25079 6.56029 0.310284
6.25079 6.56029 0.310284
6.25079 6.56029 0.310284
6.25079 6.56029 0.310284
6.25079 6.56029 0.310284
5.83449 6.1481 0.311433
5.83449 6.1481 0.311433
5.83449 6.1481 0.311433
6.08086 6.38532 0.312933
6.54108 6.33303 0.333132
6.15755 6.72358 0.330734
6.0375 6.24343 0.317061
6.0375 6.24343 0.317061
6.0375 6.24343 0.317061
6.0375 6.24343 0.317061
6.0375 6.24343 0.317061
6.56755 6.44708 0.327789
6.56755 6.44708 0.327789
6.56755 6.44708 0.327789
6.26725 5.95211 0.309134
6.26725 5.95211 0.309134
6.23052 6.53332 0.310949
6.23052 6.53332 0.310949
6.67763 6.28202 0.313666
6.43402 6.5864 0.329495
6.41922 6.41559 0.338426
6.41922 6.41559 0.338426
5.94759 6.42542 0.307957
6.34548 6.17446 0.341729
6.34548 6.17446 0.341729
6.34548 6.17446 0.341729
6.3493 6.43305 0.320913
6.15887 6.1793 0.313027
6.15887 6.1793 0.313027
6.15887 6.1793 0.313027
6.15887 6.1793 0.313027
5.7556 6.52114 0.336546
5.7556 6.52114 0.336546
5.7556 6.52114 0.336546
6.67301 5.88789 0.308125
6.67301 5.88789 0.308125
6.30298 6.22168 0.327338
6.30298 6.22168 0.327338
5.94369 6.29405 0.330752
5.71658 6.77026 0.32514
5.71658 6.77026 0.32514
5.71658 6.77026 0.32514
6.95915 6.85761 0.31812
6.4626 6.70521 0.297069
6.4626 6.70521 0.297069
6.4626 6.70521 0.297069
6.4626 6.70521 0.297069
6.4626 6.70521 0.297069
5.90237 6.6237 0.307161
5.90237 6.6237 0.307161
5.90237 6.6237 0.307161
6.1348 6.11272 0.315276
6.1348 6.11272 0.315276
6.1348 6.11272 0.315276
6.1348 6.11272 0.315276
6.45661 6.82392 0.315882
7.01313 6.78897 0.322048
7.01313 6.78897 0.322048
7.01313 6.78897 0.322048
7.01313 6.78897 0.322048
6.13878 6.69922 0.321327
6.28918 6.50045 0.305951
6.46749 6.62466 0.312176
6.46749 6.62466 0.312176
6.43622 6.25755 0.323315
6.43622 6.25755 0.323315
5.82311 5.98396 0.326084
5.82311 5.98396 0.326084
5.82311 5.98396 0.326084
6.48209 6.89828 0.327069
5.92922 6.82824 0.328502
5.92922 6.82824 0.328502
5.92922 6.82824 0.328502
5.92922 6.82824 0.328502
5.92922 6.82824 0.328502
6.25366 6.2694 0.308726
6.37268 6.55524 0.316665
6.37268 6.55524 0.316665
6.37268 6.55524 0.316665
6.37268 6.55524 0.316665
6.37268 6.55524 0.316665
6.50181 6.75528 0.316255
6.50181 6.75528 0.316255
6.50181 6.75528 0.316255
6.0865 5.98999 0.32393
6.0865 5.98999 0.32393
6.04668 5.97185 0.31028
6.04668 5.97185 0.31028
6.04668 5.97185 0.31028
6.04668 5.97185 0.31028
6.04668 5.97185 0.31028
5.9505 6.7141 0.317523
6.1202 6.45191 0.324989
6.1202 6.45191 0.324989
5.94321 6.92557 0.316329
5.94321 6.92557 0.316329
5.94321 6.92557 0.316329
5.94321 6.92557 0.316329
7.15847 6.0371 0.315513
7.15847 6.0371 0.315513
6.36598 6.0469 0.309539
6.36598 6.0469 0.309539
6.37016 6.08626 0.32027
6.36534 6.15456 0.319499
6.36445 6.54418 0.31873
6.36445 6.54418 0.31873
6.36445 6.54418 0.31873
6.1737 6.63371 0.327752
6.1737 6.63371 0.327752
6.06941 6.59826 0.310392
6.62951 5.81607 0.313077
6.62951 5.81607 0.313077
5.95106 6.85951 0.324252
5.95106 6.85951 0.324252
5.95106 6.85951 0.324252
5.95106 6.85951 0.324252
5.95106 6.85951 0.324252
7.18598 6.17225 0.318813
6.03695 6.31007 0.315675
6.03695 6.31007 0.315675
6.65376 6.53812 0.309036
6.50064 6.60023 0.328778
6.50064 6.60023 0.328778
6.32815 6.62659 0.315002
5.78673 6.68987 0.339316
5.78673 6.68987 0.339316
5.80643 6.42734 0.337217
5.65161 6.4211 0.310773
5.91577 6.56156 0.337854
6.75319 6.13485 0.303833
6.3972 6.07995 0.336392
6.3972 6.07995 0.336392
6.3972 6.07995 0.336392
6.11968 6.39869 0.321218
6.40395 6.31054 0.325495
6.55932 6.42275 0.327195
6.66229 6.13096 0.318781
6.66229 6.13096 0.318781
6.66229 6.13096 0.318781
6.66229 6.13096 0.318781
5.75386 6.342 0.305282
6.10474 5.93748 0.310581
6.43958 6.01291 0.325854
6.43958 6.01291 0.325854
6.43958 6.01291 0.325854
6.26882 6.13162 0.325524
6.26882 6.13162 0.325524
6.26882 6.13162 0.325524
6.26882 6.13162 0.325524
6.26882 6.13162 0.325524
6.26882 6.13162 0.325524
6.39164 6.43334 0.293592
6.02825 6.06221 0.296605
6.6086 6.38028 0.322437
6.33172 6.20413 0.325089
6.33172 6.20413 0.325089
6.33172 6.20413 0.325089
6.63907 6.68057 0.31961
6.63907 6.68057 0.31961
6.63907 6.68057 0.31961
6.63907 6.68057 0.31961
6.63907 6.68057 0.31961
6.63907 6.68057 0.31961
6.8652 6.28481 0.308311
6.1464 6.96465 0.313089
6.1464 6.96465 0.313089
5.42432 6.11008 0.314148
5.42432 6.11008 0.314148
6.8168 5.93276 0.330117
6.8168 5.93276 0.330117
6.8168 5.93276 0.330117
6.8168 5.93276 0.330117
6.20773 6.2932 0.316307
6.27367 6.19278 0.302342
6.27367 6.19278 0.302342
6.27367 6.19278 0.302342
6.19753 6.49716 0.324422
6.19753 6.49716 0.324422
6.19753 6.49716 0.324422
6.05065 6.33773 0.311215
6.58829 6.5394 0.323245
6.84119 6.30742 0.3161
6.84119 6.30742 0.3161
6.84119 6.30742 0.3161
6.51297 6.03612 0.307735
6.51297 6.03612 0.307735
6.20756 6.49028 0.330693
6.20756 6.49028 0.330693
7.02821 6.6846 0.31385
6.40219 6.52784 0.318801
6.40219 6.52784 0.318801
6.40219 6.52784 0.318801
6.40219 6.52784 0.318801
6.40219 6.52784 0.318801
6.11889 6.0658 0.311746
6.11889 6.0658 0.311746
6.1791 6.59999 0.314638
6.1791 6.59999 0.314638
6.1791 6.59999 0.314638
6.1791 6.59999 0.314638
6.1791 6.59999 0.314638
6.1791 6.59999 0.314638
6.1791 6.59999 0.314638
6.68608 5.80356 0.326664
6.68608 5.80356 0.326664
6.58144 6.21405 0.309543
6.58144 6.21405 0.309543
6.14497 6.55557 0.322446
6.14497 6.55557 0.322446
6.14497 6.55557 0.322446
6.14497 6.55557 0.322446
6.51389 6.3312 0.314564
6.37203 6.24452 0.305222
6.37203 6.24452 0.305222
6.40534 5.95366 0.349584
6.40534 5.95366 0.349584
6.40534 5.95366 0.349584
6.40534 5.95366 0.349584
6.50378 6.28436 0.307244
6.70617 6.34576 0.309198
6.70617 6.34576 0.309198
6.70617 6.34576 0.309198
6.70617 6.34576 0.309198
6.70617 6.34576 0.309198
6.70617 6.34576 0.309198
6.97299 5.84664 0.32464
6.97299 5.84664 0.32464
6.97299 5.84664 0.32464
6.97299 5.84664 0.32464
6.97299 5.84664 0.32464
6.97299 5.84664 0.32464
6.97299 5.84664 0.32464
6.97299 5.84664 0.32464
6.60539 5.88927 0.319516
6.60539 5.88927 0.319516
6.34937 6.04737 0.325448
6.34937 6.04737 0.325448
6.34937 6.04737 0.325448
6.34937 6.04737 0.325448
6.71781 5.96557 0.306214
6.71781 5.96557 0.306214
6.91088 5.81665 0.329896
6.91088 5.81665 0.329896
6.128 6.49267 0.316574
6.21845 6.69677 0.321768
6.39396 6.60054 0.329906
6.17526 6.44815 0.321643
6.0528 6.41583 0.323906
6.0528 6.41583 0.323906
6.87548 6.34943 0.319193
6.87548 6.34943 0.319193
6.87548 6.34943 0.319193
6.5275 6.57212 0.321094
6.5275 6.57212 0.321094
6.5275 6.57212 0.321094
6.7049 5.94816 0.315332
6.7049 5.94816 0.315332
6.28991 6.29488 0.321956
6.28991 6.29488 0.321956
6.28991 6.29488 0.321956
6.28991 6.29488 0.321956
6.28991 6.29488 0.321956
6.28991 6.29488 0.321956
6.28991 6.29488 0.321956
6.60725 6.25645 0.312887
6.94539 6.39268 0.317453
6.94539 6.39268 0.317453
6.94539 6.39268 0.317453
6.43643 6.20043 0.296742
6.01631 6.89359 0.341549
6.01631 6.89359 0.341549
6.10911 5.82716 0.320009
6.34527 6.63842 0.31346
6.34527 6.63842 0.31346
6.34527 6.63842 0.31346
6.34527 6.63842 0.31346
6.34527 6.63842 0.31346
6.30971 6.14946 0.316724
6.30971 6.14946 0.316724
5.97395 6.26306 0.317704
5.97395 6.26306 0.317704
5.97395 6.26306 0.317704
6.55197 6.23575 0.297985
6.55197 6.23575 0.297985
6.55197 6.23575 0.297985
6.55197 6.23575 0.297985
6.08411 6.46309 0.321004
6.08411 6.46309 0.321004
6.08411 6.46309 0.321004
6.34959 5.93109 0.320528
6.34959 5.93109 0.320528
6.68046 6.34516 0.318774
6.68046 6.34516 0.318774
6.68046 6.34516 0.318774
5.87155 5.98044 0.304317
6.31925 6.49636 0.314435
6.68206 5.5653 0.328855
5.86789 6.60053 0.31957
6.62861 6.0972 0.335426
6.62861 6.0972 0.335426
6.62861 6.0972 0.335426
6.62861 6.0972 0.335426
6.62861 6.0972 0.335426
6.62861 6.0972 0.335426
6.40824 6.29784 0.310673
6.40824 6.29784 0.310673
6.32644 6.30825 0.304836
6.32644 6.30825 0.304836
6.32644 6.30825 0.304836
6.32644 6.30825 0.304836
6.16409 6.70439 0.323316
6.27902 6.3684 0.315602
6.85167 5.75461 0.315828
6.85167 5.75461 0.315828
6.85167 5.75461 0.315828
6.6684 6.23607 0.307985
6.6684 6.23607 0.307985
6.6684 6.23607 0.307985
6.01513 6.31472 0.320302
6.01513 6.31472 0.320302
6.01513 6.31472 0.320302
6.01513 6.31472 0.320302
6.01513 6.31472 0.320302
6.23371 5.93788 0.316023
6.23371 5.93788 0.316023
6.25476 6.04249 0.318203
6.04647 6.60288 0.314906
6.10922 6.43796 0.305125
6.10922 6.43796 0.305125
6.10922 6.43796 0.305125
6.10922 6.43796 0.305125
6.10922 6.43796 0.305125
6.0293 6.27033 0.330749
6.0293 6.27033 0.330749
6.39885 6.33494 0.298287
6.39885 6.33494 0.298287
6.39885 6.33494 0.298287
6.39885 6.33494 0.298287
6.39885 6.33494 0.298287
6.39885 6.33494 0.298287
6.39885 6.33494 0.298287
6.39885 6.33494 0.298287
6.39885 6.33494 0.298287
6.39885 6.33494 0.298287
6.61447 7.04445 0.322791
6.61447 7.04445 0.322791
6.67678 6.21996 0.311652
6.26534 6.31367 0.307004
6.26534 6.31367 0.307004
6.16952 6.29754 0.326716
6.16952 6.29754 0.326716
6.67561 6.32024 0.325214
6.20762 6.31535 0.316045
6.20762 6.31535 0.316045
5.95554 6.40799 0.309456
5.95554 6.40799 0.309456
5.95554 6.40799 0.309456
5.95554 6.40799 0.309456
6.27181 6.71793 0.31338
6.1216 6.26582 0.316185
6.1216 6.26582 0.316185
6.5642 6.563 0.30689
6.5642 6.563 0.30689
6.5642 6.563 0.30689
6.5642 6.563 0.30689
6.5642 6.563 0.30689
6.66098 6.24097 0.311588
6.94005 6.38449 0.311403
6.94005 6.38449 0.311403
6.03014 6.4908 0.318008
6.64209 6.59592 0.324669
6.64209 6.59592 0.324669
6.30184 6.37806 0.325377
6.30184 6.37806 0.325377
6.7791 5.97149 0.331285
6.7791 5.97149 0.331285
6.34937 6.21502 0.308711
6.34937 6.21502 0.308711
6.34937 6.21502 0.308711
6.65145 6.62965 0.317721
6.56577 6.13461 0.314278
6.56577 6.13461 0.314278
6.56577 6.13461 0.314278
6.6493 5.88144 0.312773
6.6493 5.88144 0.312773
6.6493 5.88144 0.312773
6.6493 5.88144 0.312773
6.307 6.30408 0.31938
6.307 6.30408 0.31938
6.307 6.30408 0.31938
6.307 6.30408 0.31938
6.307 6.30408 0.31938
6.307 6.30408 0.31938
6.21392 6.29443 0.3119
6.00644 6.67829 0.3038
5.94444 5.61427 0.330785
5.94444 5.61427 0.330785
5.94444 5.61427 0.330785
6.2246 6.3335 0.320815
6.2246 6.3335 0.320815
6.2246 6.3335 0.320815
6.16463 6.57936 0.300186
6.16463 6.57936 0.300186
5.7702 6.49256 0.317735
5.7702 6.49256 0.317735
5.7702 6.49256 0.317735
5.7702 6.49256 0.317735
6.38661 5.97854 0.303909
6.38661 5.97854 0.303909
6.38661 5.97854 0.303909
6.38661 5.97854 0.303909
6.48323 6.06455 0.302064
6.03251 6.59647 0.32285
6.03251 6.59647 0.32285
6.85302 6.73384 0.309373
6.26327 6.33151 0.305061
6.26327 6.33151 0.305061
6.26327 6.33151 0.305061
6.26327 6.33151 0.305061
6.26327 6.33151 0.305061
6.65534 5.63589 0.299196
6.65534 5.63589 0.299196
6.65534 5.63589 0.299196
6.65534 5.63589 0.299196
6.65534 5.63589 0.299196
6.28336 6.52844 0.331357
6.28336 6.52844 0.331357
5.91616 5.90907 0.319856
5.91616 5.90907 0.319856
5.91616 5.90907 0.319856
6.21269 5.79644 0.315396
6.21269 5.79644 0.315396
6.24011 6.2337 0.325037
6.24011 6.2337 0.325037
6.24011 6.2337 0.325037
6.26108 6.11957 0.301319
6.26108 6.11957 0.301319
6.26108 6.11957 0.301319
6.71208 6.57324 0.326743
6.71208 6.57324 0.326743
6.71208 6.57324 0.326743
6.9681 6.12498 0.301691
6.27167 6.55586 0.305553
6.27167 6.55586 0.305553
6.29053 6.13278 0.317482
6.29053 6.13278 0.317482
6.64664 6.60067 0.332574
6.74157 6.06607 0.319465
6.74157 6.06607 0.319465
6.74157 6.06607 0.319465
6.74157 6.06607 0.319465
6.74157 6.06607 0.319465
6.74157 6.06607 0.319465
6.74157 6.06607 0.319465
6.74157 6.06607 0.319465
6.07324 5.84528 0.316889
6.07324 5.84528 0.316889
6.07324 5.84528 0.316889
6.07324 5.84528 0.316889
6.07324 5.84528 0.316889
6.16037 6.79691 0.307427
6.16037 6.79691 0.307427
6.16037 6.79691 0.307427
6.37776 6.31674 0.310603
6.37776 6.31674 0.310603
6.37923 6.79003 0.322999
5.83325 6.63171 0.33734
6.87193 6.05573 0.313807
6.19618 6.31721 0.328817
6.19618 6.31721 0.328817
6.19618 6.31721 0.328817
6.19618 6.31721 0.328817
6.19618 6.31721 0.328817
6.19618 6.31721 0.328817
6.26801 6.31415 0.3112
6.67946 6.03641 0.329875
6.67946 6.03641 0.329875
6.72523 6.66648 0.295257
5.92236 6.22206 0.318883
5.92236 6.22206 0.318883
6.11462 6.34782 0.320702
6.11462 6.34782 0.320702
6.56891 6.16528 0.31194
6.56891 6.16528 0.31194
6.56891 6.16528 0.31194
6.56891 6.16528 0.31194
6.9103 5.94124 0.319707
6.9103 5.94124 0.319707
6.9103 5.94124 0.319707
6.05948 6.45195 0.318103
6.05948 6.45195 0.318103
6.60197 6.74429 0.322697
6.60197 6.74429 0.322697
6.60197 6.74429 0.322697
6.23841 6.11702 0.324677
6.23841 6.11702 0.324677
6.21552 6.05337 0.321436
6.21552 6.05337 0.321436
6.21552 6.05337 0.321436
6.21552 6.05337 0.321436
6.21552 6.05337 0.321436
6.80206 5.98542 0.00317921
5.77498 6.09904 0.0091748
5.77498 6.09904 0.0091748
5.77498 6.09904 0.0091748
5.77498 6.09904 0.0091748
6.20424 6.32656 0.0196443
6.20424 6.32656 0.0196443
6.20424 6.32656 0.0196443
6.20424 6.32656 0.0196443
6.49183 6.32075 0.00166764
6.93293 6.46929 0.00987188
6.93293 6.46929 0.00987188
6.93293 6.46929 0.00987188
6.93293 6.46929 0.00987188
6.50865 5.92079 0.014284
6.50865 5.92079 0.014284
6.50865 5.92079 0.014284
6.50865 5.92079 0.014284
6.49071 6.04931 0.00521265
7.05819 5.8732 0.0135288
5.91891 5.95148 0.00377805
6.54342 6.53896 0.0146639
6.54342 6.53896 0.0146639
6.08248 6.16638 -0.00466011
6.08248 6.16638 -0.00466011
6.47542 5.73785 0.000114523
6.47542 5.73785 0.000114523
6.22746 6.06769 0.000713676
6.22746 6.06769 0.000713676
6.2968 6.25629 0.0140914
6.2968 6.25629 0.0140914
6.73017 6.37159 -0.021661
6.09173 5.8971 0.0117418
6.09173 5.8971 0.0117418
6.09173 5.8971 0.0117418
6.04326 6.3615 -0.00624971
6.36403 6.29404 -0.000436895
6.36403 6.29404 -0.000436895
6.26548 6.08999 -0.00449698
6.16304 6.29618 0.00447766
6.35654 6.10927 0.0226586
6.20961 6.15928 0.0127069
6.20961 6.15928 0.0127069
6.20961 6.15928 0.0127069
6.20961 6.15928 0.0127069
6.20961 6.15928 0.0127069
5.77022 5.89622 -0.00711327
5.77022 5.89622 -0.00711327
5.77022 5.89622 -0.00711327
5.7797 6.55771 -0.00322806
5.7797 6.55771 -0.00322806
6.00848 6.67147 0.0149318
6.72281 6.05596 -0.00108886
6.72281 6.05596 -0.00108886
6.72281 6.05596 -0.00108886
6.72281 6.05596 -0.00108886
5.40736 6.22741 -0.00130257
5.40736 6.22741 -0.00130257
5.40736 6.22741 -0.00130257
5.40736 6.22741 -0.00130257
5.40736 6.22741 -0.00130257
5.40736 6.22741 -0.00130257
5.40736 6.22741 -0.00130257
5.40736 6.22741 -0.00130257
5.40736 6.22741 -0.00130257
5.40736 6.22741 -0.00130257
6.32349 6.08467 -0.0125609
6.32349 6.08467 -0.0125609
6.32349 6.08467 -0.0125609
6.32349 6.08467 -0.0125609
6.48144 6.39233 0.0149236
6.48144 6.39233 0.0149236
5.67319 6.44053 -0.00145176
6.31432 6.30194 -0.0147281
6.68693 6.43556 -0.01604
6.41929 6.67127 -0.00862156
6.41929 6.67127 -0.00862156
6.41929 6.67127 -0.00862156
6.41929 6.67127 -0.00862156
6.62811 6.03291 0.00526357
6.47491 6.33179 -0.00608982
6.02681 5.55092 -0.0145862
6.02681 5.55092 -0.0145862
6.02681 5.55092 -0.0145862
6.40685 6.52625 -0.00946377
6.40685 6.52625 -0.00946377
6.40685 6.52625 -0.00946377
6.40685 6.52625 -0.00946377
6.40685 6.52625 -0.00946377
6.40516 6.31443 -0.00141871
6.40516 6.31443 -0.00141871
6.54805 6.04575 0.00186066
6.06173 5.63949 0.0195942
6.06173 5.63949 0.0195942
6.06173 5.63949 0.0195942
6.06173 5.63949 0.0195942
6.06173 5.63949 0.0195942
6.24719 6.17148 0.00103699
6.24719 6.17148 0.00103699
5.89312 6.0068 5.1173e-05
6.48788 6.45635 0.00380094
6.48788 6.45635 0.00380094
6.48788 6.45635 0.00380094
6.48788 6.45635 0.00380094
6.48788 6.45635 0.00380094
6.47822 6.31559 0.0063398
6.47822 6.31559 0.0063398
6.47822 6.31559 0.0063398
6.47822 6.31559 0.0063398
6.47822 6.31559 0.0063398
5.91035 6.53818 0.00462196
5.91035 6.53818 0.00462196
5.91035 6.53818 0.00462196
5.91035 6.53818 0.00462196
5.91035 6.53818 0.00462196
5.91035 6.53818 0.00462196
6.1481 6.33984 0.00953467
6.65063 6.48132 0.0049479
6.65063 6.48132 0.0049479
5.9553 5.99265 -0.00951957
6.32138 6.13949 -0.0130432
6.32138 6.13949 -0.0130432
6.32138 6.13949 -0.0130432
6.55241 5.563 -0.0043742
6.15464 6.60784 0.00729993
5.87474 6.31695 0.0179345
5.87474 6.31695 0.0179345
5.87474 6.31695 0.0179345
5.87474 6.31695 0.0179345
6.21231 5.4349 -0.0130906
6.16553 6.0645 0.0004137
6.52237 6.24168 -0.00332965
6.06131 6.20428 0.000108621
6.06131 6.20428 0.000108621
6.06131 6.20428 0.000108621
6.06131 6.20428 0.000108621
6.06131 6.20428 0.000108621
6.06131 6.20428 0.000108621
6.06131 6.20428 0.000108621
6.06131 6.20428 0.000108621
6.22324 6.33838 -0.00674141
6.22324 6.33838 -0.00674141
6.08991 6.78403 0.00241616
6.12818 6.43357 0.00431145
6.12818 6.43357 0.00431145
6.12818 6.43357 0.00431145
6.12818 6.43357 0.00431145
6.23739 6.59824 -0.0132445
6.23739 6.59824 -0.0132445
5.82947 6.49503 -0.00652976
5.82947 6.49503 -0.00652976
5.82947 6.49503 -0.00652976
6.12531 6.41993 0.0193901
6.51411 6.4657 -0.000961384
6.51411 6.4657 -0.000961384
6.51411 6.4657 -0.000961384
6.51411 6.4657 -0.000961384
6.51411 6.4657 -0.000961384
6.51411 6.4657 -0.000961384
5.95747 6.36805 -0.0133639
5.95747 6.36805 -0.0133639
6.44593 6.4636 -0.00468441
6.44593 6.4636 -0.00468441
6.31682 6.30021 -0.00374307
6.31682 6.30021 -0.00374307
6.31682 6.30021 -0.00374307
6.31682 6.30021 -0.00374307
6.31682 6.30021 -0.00374307
6.31682 6.30021 -0.00374307
6.31682 6.30021 -0.00374307
6.0683 6.23408 0.00969041
6.13998 6.11506 0.0126377
6.13998 6.11506 0.0126377
6.13998 6.11506 0.0126377
6.21383 5.82682 -0.00117022
6.21383 5.82682 -0.00117022
5.99043 6.29412 0.0060109
5.99043 6.29412 0.0060109
5.99043 6.29412 0.0060109
5.75385 6.60579 -0.0105637
5.75385 6.60579 -0.0105637
6.71908 6.48705 -0.00231194
6.2486 6.28249 -0.00808509
6.2486 6.28249 -0.00808509
6.2486 6.28249 -0.00808509
8.02921 7.94738 0.329961
8.02921 7.94738 0.329961
8.02921 7.94738 0.329961
7.45289 7.50383 0.33104
7.00544 7.68995 0.323961
7.53871 7.87786 0.323205
8.06634 7.84862 0.310688
7.70203 7.8936 0.333372
7.36696 7.63348 0.329834
7.36696 7.63348 0.329834
7.36696 7.63348 0.329834
7.36696 7.63348 0.329834
7.36696 7.63348 0.329834
7.88541 7.29813 0.333713
7.88541 7.29813 0.333713
7.88541 7.29813 0.333713
7.88541 7.29813 0.333713
7.88541 7.29813 0.333713
7.74307 7.60375 0.325095
7.74307 7.60375 0.325095
7.74307 7.60375 0.325095
7.5819 7.8928 0.323951
7.5819 7.8928 0.323951
7.27135 7.90398 0.30974
7.65326 7.57917 0.317958
7.47921 7.85797 0.328743
8.15822 8.08044 0.320678
7.41127 7.14122 0.309429
7.6441 7.56155 0.333109
7.52717 8.34192 0.334087
7.37328 7.31286 0.321583
7.37328 7.31286 0.321583
7.20789 7.74132 0.312539
7.55341 7.9564 0.315388
7.57043 7.5886 0.330575
8.20327 7.68587 0.340164
8.20327 7.68587 0.340164
7.59155 7.58927 0.31893
7.68217 7.74994 0.306953
7.68217 7.74994 0.306953
7.68217 7.74994 0.306953
7.68217 7.74994 0.306953
7.68217 7.74994 0.306953
7.71666 7.77405 0.322251
7.71666 7.77405 0.322251
8.24138 7.65198 0.31307
8.24138 7.65198 0.31307
8.24138 7.65198 0.31307
8.24138 7.65198 0.31307
8.24138 7.65198 0.31307
8.24138 7.65198 0.31307
8.24138 7.65198 0.31307
7.57534 7.33473 0.336135
7.57534 7.33473 0.336135
7.47366 7.50559 0.310946
7.78323 8.05816 0.327204
6.50298 6.25559 0.296909
6.50298 6.25559 0.296909
6.50298 6.25559 0.296909
6.32054 6.78877 0.309192
5.97982 6.21786 0.325784
7.21276 7.60161 0.303997
7.80656 7.38005 0.331644
8.2952 7.82095 0.309475
8.2952 7.82095 0.309475
7.92934 7.79962 0.337314
7.92934 7.79962 0.337314
7.77375 7.67891 0.317343
7.60789 8.06442 0.313724
8.10741 8.01578 0.319242
8.10741 8.01578 0.319242
8.15494 7.61623 0.313565
8.15494 7.61623 0.313565
8.23726 7.46578 0.308453
8.23726 7.46578 0.308453
8.23726 7.46578 0.308453
7.34463 7.83575 0.307684
7.34463 7.83575 0.307684
7.70702 7.52266 0.334623
7.84865 7.94241 0.330226
7.37715 7.56849 0.333657
8.43568 7.70389 0.304053
7.43831 7.82117 0.312761
8.06167 7.34324 0.326289
7.51156 8.12787 0.314807
7.94523 7.91506 0.324741
7.94523 7.91506 0.324741
8.13282 8.01854 0.315802
7.85133 7.73525 0.329825
7.51635 7.39014 0.317299
7.77202 8.14151 0.321608
8.04985 8.13096 0.319813
8.01451 7.21424 0.329284
7.91285 7.87667 0.316391
7.91285 7.87667 0.316391
7.67615 7.84313 0.313137
7.22732 7.20027 0.314928
7.22732 7.20027 0.314928
7.46014 7.60594 0.326969
7.46014 7.60594 0.326969
