27.8416 27.4015 0.222687
9.5903 10.0193 0.311043
36.718 37.3336 0.18324
20.8324 20.6257 0.259427
44.7082 44.7609 0.165215
49.7832 49.3675 0.144549
15.2874 15.567 0.284193
18.7999 18.9012 0.250393
19.2348 18.4538 0.256467
23.7188 23.3032 0.246732
15.8888 15.7885 0.324489
27.8771 27.9785 0.21889
19.3146 19.691 0.27672
9.5903 10.0193 0.311043
14.0762 13.8435 0.277601
14.7496 15.4825 0.315693
24.292 24.0593 0.240379
16.0587 15.7292 0.318592
15.4497 15.3771 0.290848
23.8199 24.1749 0.259081
11.3271 11.9821 0.313649
29.8161 29.4916 0.21569
6.26867 7.09974 0.304316
14.9555 14.2265 0.292377
35.3951 35.8818 0.191582
41.3283 41.3846 0.177392
43.3577 43.1509 0.172573
27.0556 27.0827 0.222249
27.8771 27.9785 0.21889
18.298 17.9685 0.298419
6.41059 6.44927 0.336636
39.0225 39.5091 0.159494
14.0762 13.8435 0.277601
20.5183 20.1938 0.271574
11.6142 11.2764 0.318521
7.76867 7.80736 0.344634
25.9579 26.0593 0.228832
27.8771 27.9785 0.21889
44.7177 44.5286 0.166401
17.4042 17.8942 0.284772
14.0762 13.8435 0.277601
48.5443 48.2149 0.177961
40.292 40.7229 0.174368
6.26867 7.09974 0.304316
16.0671 16.1685 0.259438
10.5016 9.95256 0.308835
36.6415 37.1175 0.189836
26.1813 26.1325 0.242214
44.3509 44.1828 0.178634
26.1601 26.1484 0.213712
13.6923 13.3428 0.288881
10.4728 10.266 0.299113
22.9475 22.7795 0.264937
37.3682 36.6065 0.18268
26.1582 26.495 0.24146
18.8795 19.3555 0.261025
14.854 15.341 0.276469
20.743 20.5869 0.243734
32.0035 32.0937 0.175268
9.75382 8.97282 0.30782
46.5864 46.3536 0.165878
20.2327 20.1601 0.278989
9.22828 9.25309 0.302213
39.9361 39.6463 0.181119
32.584 32.4279 0.187846
40.34 39.9905 0.170806
34.6982 34.6865 0.183086
35.3951 35.8818 0.191582
22.2132 21.7731 0.255546
9.877 9.52748 0.313101
13.2839 13.3401 0.290723
26.4694 26.3968 0.239085
16.0671 16.1685 0.259438
27.0556 27.0827 0.222249
20.6769 20.5088 0.273307
17.4042 17.8942 0.284772
6.12699 6.26278 -0.00087697
35.4651 35.6281 0.218204
16.0587 15.7292 0.318592
48.8387 49.2695 0.162101
12.8201 13.2115 0.301444
22.8236 22.4544 0.277171
6.41059 6.44927 0.336636
35.7721 35.5653 0.192217
26.4694 26.3968 0.239085
10.3561 10.7326 0.298809
49.6626 50.3176 0.167788
27.036 27.1989 0.239084
19.5649 18.6535 0.297894
44.7663 43.7427 0.172389
24.8543 25.2307 0.245901
20.0885 20.5076 0.290812
10.1126 10.2139 0.294161
30.0577 29.3271 0.216039
42.9237 43.1881 0.179981
9.75382 8.97282 0.30782
22.3479 22.4181 0.262509
20.8324 20.6257 0.259427
35.3951 35.8818 0.191582
9.75382 8.97282 0.30782
48.4441 48.3968 0.173478
48.4441 48.3968 0.173478
48.7462 48.8295 0.187348
48.5864 48.4504 0.164264
48.7254 48.4373 0.167233
48.7254 48.4373 0.167233
48.8136 47.7666 0.176486
48.7283 48.616 0.143376
48.7283 48.616 0.143376
48.7283 48.616 0.143376
48.6479 48.7303 0.154737
48.5009 48.0775 0.150677
48.5719 48.1269 0.174662
47.8591 48.9186 0.152316
49.0088 49.2649 0.138775
49.0088 49.2649 0.138775
49.0088 49.2649 0.138775
48.3542 48.7248 0.168475
48.289 48.8997 0.15017
48.289 48.8997 0.15017
48.289 48.8997 0.15017
48.8757 48.4106 0.162563
48.3512 48.4491 0.165493
48.7617 48.7603 0.143775
48.5574 48.4587 0.166794
48.132 48.9111 0.156975
48.651 49.0325 0.176812
48.2428 48.7194 0.163451
48.2428 48.7194 0.163451
47.9802 48.3743 0.151599
47.9285 48.4232 0.169034
48.4322 47.9606 0.165779
47.7925 47.7696 0.153133
47.7925 47.7696 0.153133
48.5735 48.3571 0.174281
48.9911 48.7647 0.145885
48.9911 48.7647 0.145885
48.7721 48.732 0.155762
48.7721 48.732 0.155762
48.6813 48.0545 0.152372
48.7119 48.4555 0.156775
48.2406 48.6895 0.173717
48.3589 48.2242 0.158719
48.3589 48.2242 0.158719
47.978 48.5776 0.160736
47.978 48.5776 0.160736
48.6329 48.9547 0.157598
48.6329 48.9547 0.157598
48.6329 48.9547 0.157598
48.6329 48.9547 0.157598
48.637 48.2992 0.17111
48.637 48.2992 0.17111
48.1688 48.3127 0.168216
48.6148 48.3953 0.148297
48.3983 48.9998 0.161946
48.6961 48.8748 0.161622
47.8149 48.9198 0.172209
48.7833 48.7739 0.154618
48.7833 48.7739 0.154618
48.0056 48.3509 0.169149
48.5655 48.7104 0.149988
49.184 49.0505 0.179394
48.3913 48.9639 0.172759
49.2784 48.1318 0.173505
49.2784 48.1318 0.173505
49.2784 48.1318 0.173505
48.2791 48.6308 0.173202
48.2791 48.6308 0.173202
48.5925 48.1799 0.15699
48.5925 48.1799 0.15699
48.5602 48.9026 0.147821
48.5602 48.9026 0.147821
41.1413 40.9615 0.192818
41.1413 40.9615 0.192818
41.1413 40.9615 0.192818
41.2507 41.1801 0.175048
41.4912 41.944 0.192031
41.4912 41.944 0.192031
41.0924 41.5519 0.186534
41.5608 41.7718 0.177072
41.394 41.4898 0.167614
41.394 41.4898 0.167614
41.394 41.4898 0.167614
41.394 41.4898 0.167614
41.394 41.4898 0.167614
41.7893 41.6311 0.186369
41.7893 41.6311 0.186369
41.7893 41.6311 0.186369
41.7893 41.6311 0.186369
41.7893 41.6311 0.186369
41.7893 41.6311 0.186369
41.7893 41.6311 0.186369
41.7893 41.6311 0.186369
41.7893 41.6311 0.186369
41.6136 41.8064 0.217544
41.6136 41.8064 0.217544
41.6136 41.8064 0.217544
41.6136 41.8064 0.217544
41.6136 41.8064 0.217544
42.2992 41.1933 0.197533
42.7968 42.9216 0.176966
42.7968 42.9216 0.176966
42.7968 42.9216 0.176966
42.7968 42.9216 0.176966
42.7968 42.9216 0.176966
42.7968 42.9216 0.176966
43.0529 43.3173 0.172153
43.0529 43.3173 0.172153
43.3736 43.6589 0.183397
43.3736 43.6589 0.183397
43.3736 43.6589 0.183397
42.861 43.2046 0.165584
42.861 43.2046 0.165584
42.861 43.2046 0.165584
42.861 43.2046 0.165584
13.4188 13.5186 0.310817
13.4188 13.5186 0.310817
13.4188 13.5186 0.310817
13.191 13.2886 0.301243
13.191 13.2886 0.301243
13.5131 13.7909 0.293063
13.5131 13.7909 0.293063
13.5131 13.7909 0.293063
13.5131 13.7909 0.293063
13.014 13.2265 0.296083
13.014 13.2265 0.296083
13.014 13.2265 0.296083
13.014 13.2265 0.296083
13.014 13.2265 0.296083
13.014 13.2265 0.296083
13.014 13.2265 0.296083
13.014 13.2265 0.296083
13.014 13.2265 0.296083
13.014 13.2265 0.296083
13.3419 13.5294 0.290597
13.3419 13.5294 0.290597
13.3419 13.5294 0.290597
13.3419 13.5294 0.290597
13.3419 13.5294 0.290597
13.3419 13.5294 0.290597
13.3419 13.5294 0.290597
13.3419 13.5294 0.290597
13.3419 13.5294 0.290597
13.3419 13.5294 0.290597
13.3419 13.5294 0.290597
13.3419 13.5294 0.290597
13.3419 13.5294 0.290597
13.3419 13.5294 0.290597
13.3419 13.5294 0.290597
13.3419 13.5294 0.290597
13.3419 13.5294 0.290597
13.3419 13.5294 0.290597
13.5463 13.1839 0.293575
13.5463 13.1839 0.293575
13.5463 13.1839 0.293575
13.5463 13.1839 0.293575
13.5463 13.1839 0.293575
13.5463 13.1839 0.293575
13.5463 13.1839 0.293575
13.5463 13.1839 0.293575
13.5463 13.1839 0.293575
13.5463 13.1839 0.293575
13.6045 12.9097 0.304546
13.6045 12.9097 0.304546
13.6045 12.9097 0.304546
13.6045 12.9097 0.304546
13.6045 12.9097 0.304546
13.6045 12.9097 0.304546
13.6045 12.9097 0.304546
13.6045 12.9097 0.304546
13.6045 12.9097 0.304546
13.6045 12.9097 0.304546
13.6045 12.9097 0.304546
13.6045 12.9097 0.304546
13.6045 12.9097 0.304546
13.6045 12.9097 0.304546
13.6045 12.9097 0.304546
13.6045 12.9097 0.304546
13.6045 12.9097 0.304546
13.6045 12.9097 0.304546
13.6045 12.9097 0.304546
13.6045 12.9097 0.304546
13.6045 12.9097 0.304546
13.4586 13.5659 0.301516
13.4586 13.5659 0.301516
13.4586 13.5659 0.301516
13.4586 13.5659 0.301516
13.4586 13.5659 0.301516
13.4586 13.5659 0.301516
13.4586 13.5659 0.301516
13.4586 13.5659 0.301516
13.4586 13.5659 0.301516
13.4586 13.5659 0.301516
13.4586 13.5659 0.301516
13.4586 13.5659 0.301516
13.4586 13.5659 0.301516
13.4586 13.5659 0.301516
13.1607 13.6646 0.298262
13.1607 13.6646 0.298262
13.1607 13.6646 0.298262
