11.6142 11.2764 0.318521
12.8415 12.6464 0.310326
13.3332 13.3111 0.296966
7.76867 7.80736 0.344634
8.04784 7.85237 0.332648
10.3778 10.4792 0.28731
6.26867 7.09974 0.304316
10.4961 11.0369 0.316036
15.3167 15.1576 0.312477
10.8895 10.5601 0.327694
15.4752 15.2684 0.281733
16.3545 16.2819 0.298069
9.38817 9.19904 0.313763
10.4575 10.5933 0.300306
16.614 16.5333 0.270984
13.306 13.7959 0.301756
12.7868 13.5786 0.291624
11.5746 11.6133 0.324316
14.9843 14.6598 0.297693
15.8888 15.7885 0.324489
11.7966 11.5067 0.327031
10.4769 10.6795 0.308016
12.5109 12.4621 0.302526
12.3686 12.3356 0.292431
7.86086 7.6541 0.315561
10.6001 10.8645 0.309277
8.04784 7.85237 0.332648
9.39852 9.87457 0.312378
12.6533 12.9902 0.294145
10.4471 10.2579 0.299328
14.7453 14.6678 0.281354
7.94892 8.07917 0.327881
6.12586 6.61248 0.306929
14.0457 13.954 0.291977
6.26297 5.93353 0.0169025
9.84419 9.64871 0.329229
9.16539 9.652 0.294968
9.16539 9.652 0.294968
9.22828 9.25309 0.302213
8.04784 7.85237 0.332648
7.86086 7.6541 0.315561
12.7868 13.5786 0.291624
6.12699 6.26278 -0.00087697
6.63728 6.66439 0.29874
15.4497 15.3771 0.290848
13.6443 14.0752 0.292443
13.8835 14.0193 0.283585
11.8658 11.817 0.318745
8.47849 8.40586 0.311079
7.76867 7.80736 0.344634
8.10812 8.84108 0.344488
11.6142 11.2764 0.318521
12.8201 13.2115 0.301444
14.9843 14.6598 0.297693
6.63728 6.66439 0.29874
16.4631 15.4395 0.300403
6.63728 6.66439 0.29874
9.74014 9.39062 0.302006
13.1193 13.7743 0.304848
7.76867 7.80736 0.344634
10.8235 10.8798 0.310114
16.6872 15.6637 0.272025
8.47849 8.40586 0.311079
10.8235 10.8798 0.310114
10.6064 9.69503 0.319983
10.5475 9.76646 0.300236
14.9032 14.9214 0.276987
6.93656 6.81633 0.301809
15.433 16.0527 0.296806
8.23784 8.08172 0.290084
10.0759 10.8416 0.314738
9.75382 8.97282 0.30782
12.8201 13.2115 0.301444
6.4195 6.29928 0.00329886
12.7091 12.7272 0.302158
12.8201 13.2115 0.301444
8.99875 8.80327 0.33306
13.1468 12.85 0.281851
14.1508 14.5422 0.290153
12.7091 12.7272 0.302158
13.5724 13.5907 0.288278
9.5903 10.0193 0.311043
12.8344 12.7537 0.30069
13.1717 13.1988 0.295595
16.4344 16.8535 0.281515
10.5339 11.1495 0.291346
5.95039 6.71278 0.00192008
16.4713 16.3004 0.29374
14.082 14.8739 0.284298
9.96784 10.5875 0.2963
8.07652 7.88142 0.326346
10.4471 10.2579 0.299328
16.4274 16.2206 0.26439
12.7976 13.2285 0.304061
10.4575 10.5933 0.300306
16.163 16.2531 0.287094
6.93656 6.81633 0.301809
14.9267 15.5254 0.291433
13.6923 13.3428 0.288881
11.6142 11.2764 0.318521
15.5643 15.9557 0.307769
15.5473 16.3784 0.307496
16.4179 16.0486 0.313238
15.582 16.0691 0.287503
15.9841 15.5684 0.287934
16.0625 15.9105 0.306325
16.1658 16.0111 0.281946
15.8249 15.9552 0.314872
15.8249 15.9552 0.314872
16.3974 16.354 0.296558
15.9241 15.8911 0.291103
16.0003 16.2655 0.302773
16.0003 16.2655 0.302773
16.0003 16.2655 0.302773
16.1442 16.385 0.289581
16.353 16.7839 0.302733
16.2102 16.6293 0.309892
16.0716 15.1602 0.320489
16.0448 15.8856 0.323511
16.0147 16.5047 0.312046
15.9991 16.6147 0.291852
8.20892 8.11718 0.322214
8.20892 8.11718 0.322214
8.20892 8.11718 0.322214
8.47849 8.40586 0.311079
8.47849 8.40586 0.311079
8.01279 7.91254 0.337498
8.01279 7.91254 0.337498
8.01279 7.91254 0.337498
8.01279 7.91254 0.337498
8.01279 7.91254 0.337498
8.01279 7.91254 0.337498
8.23784 8.08172 0.290084
8.23784 8.08172 0.290084
8.23784 8.08172 0.290084
8.23784 8.08172 0.290084
8.23784 8.08172 0.290084
8.23784 8.08172 0.290084
8.23784 8.08172 0.290084
8.23784 8.08172 0.290084
8.08239 7.78463 0.323966
8.08239 7.78463 0.323966
7.93804 8.17147 0.315534
7.93804 8.17147 0.315534
7.93804 8.17147 0.315534
7.68832 8.07969 0.320779
7.68832 8.07969 0.320779
7.68832 8.07969 0.320779
7.68832 8.07969 0.320779
7.68832 8.07969 0.320779
7.68832 8.07969 0.320779
7.68832 8.07969 0.320779
14.6341 14.8476 0.273654
14.6341 14.8476 0.273654
14.6341 14.8476 0.273654
14.6341 14.8476 0.273654
14.6341 14.8476 0.273654
14.6341 14.8476 0.273654
14.6341 14.8476 0.273654
15.2615 14.7357 0.286413
15.2615 14.7357 0.286413
14.9304 14.8592 0.283127
14.3434 13.8224 0.276679
14.3434 13.8224 0.276679
14.3557 14.6202 0.282559
14.3557 14.6202 0.282559
14.7372 14.3994 0.298429
14.5236 14.8259 0.292465
14.5236 14.8259 0.292465
14.2299 14.5848 0.295915
14.2299 14.5848 0.295915
14.9555 14.2265 0.292377
14.9592 14.7913 0.27243
14.5837 14.2939 0.291867
14.5837 14.2939 0.291867
14.5837 14.2939 0.291867
14.5837 14.2939 0.291867
14.6298 14.9667 0.282827
14.9213 14.5563 0.265882
14.4757 14.5005 0.281762
14.4757 14.5005 0.281762
14.4757 14.5005 0.281762
14.4757 14.5005 0.281762
14.4757 14.5005 0.281762
14.4757 14.5005 0.281762
14.4128 14.8995 0.274516
14.4128 14.8995 0.274516
14.9835 14.7884 0.291381
14.9835 14.7884 0.291381
14.9835 14.7884 0.291381
14.9835 14.7884 0.291381
14.9835 14.7884 0.291381
14.6452 14.3158 0.300976
14.6452 14.3158 0.300976
14.6452 14.3158 0.300976
13.9841 14.3209 0.282854
13.9841 14.3209 0.282854
14.7172 13.9866 0.287648
14.7172 13.9866 0.287648
14.7172 13.9866 0.287648
15.7443 16.3961 0.283052
16.294 16.5225 0.282494
15.7788 16.4381 0.281033
16.5427 16.5546 0.273366
15.6942 16.1412 0.252459
15.6942 16.1412 0.252459
16.0029 16.0963 0.276015
16.5313 16.4882 0.277869
15.8229 16.8811 0.259845
15.9914 16.0835 0.278586
15.9799 16.4345 0.282282
16.4502 16.1612 0.270566
16.5803 16.5539 0.287601
16.5803 16.5539 0.287601
16.3958 16.0716 0.262559
16.5613 16.6196 0.270212
16.3945 16.8088 0.273793
16.3945 16.8088 0.273793
16.1735 16.2209 0.28828
16.1735 16.2209 0.28828
15.962 15.6916 0.264856
16.494 16.0802 0.278499
16.3592 16.6016 0.295246
16.3683 16.3248 0.286877
15.9712 16.2597 0.282292
16.794 15.7171 0.271609
16.794 15.7171 0.271609
16.5179 16.8133 0.269398
16.5179 16.8133 0.269398
15.7367 16.4275 0.27334
16.6857 15.9539 0.27175
16.6857 15.9539 0.27175
16.1506 15.6942 0.253232
15.9291 16.3428 0.257807
16.2358 16.2926 0.290813
16.6171 16.3226 0.266973
16.4335 15.9107 0.265912
16.4335 15.9107 0.265912
15.7522 16.418 0.268869
16.5775 16.082 0.261872
16.5712 16.2077 0.287203
16.4281 16.6749 0.281252
16.4281 16.6749 0.281252
16.4619 15.991 0.273078
16.4619 15.991 0.273078
16.5885 16.2418 0.259431
16.3467 16.1804 0.28002
16.3467 16.1804 0.28002
16.0828 16.5083 0.268344
16.5875 16.1307 0.282099
16.1908 16.0893 0.279512
16.1908 16.0893 0.279512
16.7079 16.4228 0.27354
16.094 16.2135 0.256491
16.094 16.2135 0.256491
16.9618 16.6657 0.284667
16.1786 16.3353 0.271371
16.2978 16.0702 0.282968
16.2978 16.0702 0.282968
16.6328 16.1094 0.275689
15.9381 16.1448 0.274616
15.9381 16.1448 0.274616
15.9381 16.1448 0.274616
15.9316 16.6178 0.27598
15.9257 15.8304 0.284995
15.9257 15.8304 0.284995
16.384 16.0617 0.265752
16.2395 16.0329 0.278217
16.0711 16.1966 0.279431
16.3033 16.1878 0.26609
16.3852 16.1003 0.267904
16.0663 16.7057 0.280279
15.8911 16.3812 0.267124
15.8911 16.3812 0.267124
16.0296 16.0526 0.273033
16.6615 16.4066 0.268617
16.6615 16.4066 0.268617
16.3901 15.7206 0.274731
16.3187 16.325 0.276288
16.3187 16.325 0.276288
16.3312 16.5128 0.266175
16.2252 16.4252 0.271323
15.3632 16.3956 0.27138
16.2054 16.0187 0.262839
15.9817 16.6666 0.269917
15.6333 16.4347 0.286757
15.6333 16.4347 0.286757
16.3056 15.8978 0.255605
16.1374 16.4253 0.273854
16.7327 16.3922 0.272554
16.313 16.2615 0.270352
16.2672 16.3931 0.244019
16.1516 16.0516 0.271261
16.2448 16.1913 0.266663
16.2448 16.1913 0.266663
16.012 16.4151 0.26884
16.0787 16.5213 0.272742
16.4633 16.4758 0.269748
16.4633 16.4758 0.269748
16.4633 16.4758 0.269748
17.451 16.2058 0.279072
16.5196 16.1998 0.284233
16.169 15.9182 0.274999
16.5318 16.2356 0.281296
16.0479 16.6689 0.277657
15.9185 16.5931 0.26259
16.4792 16.5705 0.278449
16.4792 16.5705 0.278449
16.0527 15.8229 0.276163
16.4006 16.2466 0.280921
16.3118 16.4989 0.275213
16.3118 16.4989 0.275213
16.3118 16.4989 0.275213
15.9428 16.558 0.288041
16.2584 15.8779 0.274851
16.5248 15.977 0.271707
16.3644 15.9461 0.267938
16.1917 16.4728 0.280263
16.1917 16.4728 0.280263
15.6328 16.5018 0.288449
16.5596 16.7253 0.263826
16.2986 16.0027 0.283541
16.8588 16.3792 0.278117
16.8588 16.3792 0.278117
15.9547 16.2605 0.279442
16.9207 16.1223 0.290287
16.1153 16.1907 0.27616
16.1869 16.4569 0.276783
16.0402 16.8422 0.273071
16.0402 16.8422 0.273071
16.0476 16.9604 0.280774
16.0476 16.9604 0.280774
16.2351 16.5202 0.277222
16.258 16.1059 0.291931
16.1333 16.2727 0.280856
16.1242 16.7577 0.296171
16.1242 16.7577 0.296171
16.1242 16.7577 0.296171
16.1221 16.1028 0.27765
16.8789 16.6555 0.257245
16.2756 16.0969 0.264023
16.1855 16.1728 0.270793
16.1855 16.1728 0.270793
16.6427 15.9765 0.28909
16.6427 15.9765 0.28909
16.0814 16.1594 0.27735
16.3023 16.3803 0.278962
15.9394 16.0059 0.255714
16.2239 15.9057 0.256964
15.9806 15.9961 0.265876
16.363 16.6483 0.290796
16.1362 16.0543 0.25565
16.1362 16.0543 0.25565
16.1362 16.0543 0.25565
16.2269 16.5699 0.247852
15.5867 16.0919 0.259496
16.175 16.5476 0.285435
16.0955 15.8845 0.257484
16.3053 16.2986 0.281386
16.3462 15.9799 0.284077
15.8863 16.1284 0.276529
15.9737 16.4861 0.271117
16.6648 16.2071 0.297402
16.6648 16.2071 0.297402
16.6642 15.7494 0.283656
16.0873 15.9986 0.271668
16.0879 15.9894 0.269285
16.0178 16.4215 0.265199
16.2453 16.4705 0.270625
16.3854 16.3873 0.261784
16.3854 16.3873 0.261784
15.9979 16.7261 0.28275
15.8226 16.9307 0.27223
16.305 15.7499 0.291859
16.6838 15.5213 0.282847
16.0602 16.4592 0.283367
15.9712 16.4046 0.255488
15.9712 16.4046 0.255488
16.3732 16.4056 0.270863
16.3732 16.4056 0.270863
16.0698 16.0146 0.264867
16.0698 16.0146 0.264867
16.7404 16.3228 0.274989
15.9056 15.5416 0.276148
15.9056 15.5416 0.276148
15.7455 16.4594 0.268621
16.3122 17.1107 0.255749
15.6498 16.3242 0.269029
15.6498 16.3242 0.269029
16.6037 16.0278 0.270247
16.6037 16.0278 0.270247
16.1026 16.6093 0.288341
16.9014 16.1209 0.257707
16.2725 16.266 0.276146
16.2725 16.266 0.276146
16.5369 16.2464 0.274623
16.5369 16.2464 0.274623
16.1785 16.5635 0.274806
16.1785 16.5635 0.274806
15.9455 15.9762 0.264467
16.0583 16.1216 0.300029
15.9129 15.6851 0.270349
16.4338 16.0304 0.264198
16.4696 16.4749 0.284706
16.1393 15.9164 0.27421
16.1393 15.9164 0.27421
16.1393 15.9164 0.27421
16.1762 16.7 0.272522
16.2108 16.3328 0.255192
16.2108 16.3328 0.255192
16.7882 16.7949 0.283681
16.2286 15.3941 0.278217
16.2286 15.3941 0.278217
15.5455 16.2664 0.267195
16.0444 16.3386 0.267117
15.9819 16.1247 0.291513
16.1016 16.3624 0.267884
16.5551 16.6142 0.276853
16.5551 16.6142 0.276853
16.5551 16.6142 0.276853
16.6245 16.4662 0.278887
16.4205 16.4928 0.26538
16.046 16.0088 0.269458
16.046 16.0088 0.269458
16.046 16.0088 0.269458
16.4403 16.3684 0.273226
16.1841 16.3253 0.294737
16.6214 15.8836 0.272125
16.583 16.2727 0.258643
16.2344 16.4365 0.28709
15.9891 16.5178 0.247104
15.9891 16.5178 0.247104
15.8263 16.1202 0.280549
15.8263 16.1202 0.280549
16.6268 15.9379 0.282082
16.6373 16.3498 0.264112
16.003 16.582 0.260714
16.003 16.582 0.260714
16.003 16.582 0.260714
16.1906 15.9308 0.281105
16.0217 15.9664 0.271981
16.6905 16.5677 0.278693
15.8647 16.5436 0.2787
16.0677 16.0012 0.281995
16.4197 16.7813 0.276047
16.4407 15.699 0.261497
16.4177 16.3258 0.266992
15.5864 16.5124 0.265105
15.5864 16.5124 0.265105
16.339 15.8023 0.268028
16.339 15.8023 0.268028
16.339 15.8023 0.268028
16.2757 15.9948 0.283164
16.427 16.4575 0.273671
16.427 16.4575 0.273671
16.0746 16.0164 0.263996
16.0226 16.4263 0.266041
16.3107 16.5864 0.267874
16.3724 15.6691 0.281698
16.1758 16.0198 0.264609
15.8785 16.6673 0.27774
16.5382 16.6216 0.277068
16.5382 16.6216 0.277068
15.9391 16.2759 0.271764
15.9391 16.2759 0.271764
16.4044 15.7982 0.280805
16.4044 15.7982 0.280805
16.4044 15.7982 0.280805
16.2149 16.2004 0.281169
15.8014 16.2899 0.285903
16.5878 16.0758 0.292983
16.3691 16.6522 0.276316
16.3691 16.6522 0.276316
16.3691 16.6522 0.276316
16.3186 15.9869 0.262088
16.7991 16.3194 0.286686
16.5653 16.1223 0.26533
16.6534 16.4 0.271909
16.5586 16.1188 0.277091
16.1491 16.4674 0.261162
16.7566 15.8149 0.257682
16.1569 16.3102 0.28165
16.1569 16.3102 0.28165
15.8422 15.7084 0.25218
16.7982 16.3789 0.279915
16.7982 16.3789 0.279915
16.4261 16.1519 0.259574
16.4545 16.3091 0.279847
16.4545 16.3091 0.279847
16.188 16.3462 0.266854
16.6123 15.8975 0.261292
16.6123 15.8975 0.261292
16.4887 16.367 0.258105
15.9153 16.5926 0.255967
15.9889 16.2994 0.269568
15.9245 16.3496 0.271121
15.9245 16.3496 0.271121
15.9245 16.3496 0.271121
16.4256 16.1385 0.272099
16.1886 16.3143 0.275336
16.1886 16.3143 0.275336
15.9817 16.0186 0.27163
15.9817 16.0186 0.27163
15.943 15.6147 0.262408
16.0146 16.0471 0.272089
16.0146 16.0471 0.272089
16.4015 16.1303 0.27197
16.2776 16.1597 0.272026
16.3279 16.4418 0.26384
15.9767 16.5169 0.270489
16.5021 16.0516 0.270694
16.5021 16.0516 0.270694
15.8825 16.4901 0.274649
15.8825 16.4901 0.274649
16.3039 16.147 0.269809
16.0954 15.98 0.255054
16.0154 16.0785 0.276835
15.9623 16.2243 0.286685
15.9623 16.2243 0.286685
15.622 16.3614 0.290624
15.9358 15.8879 0.269348
16.4107 16.7668 0.285479
16.4053 15.9636 0.267397
15.9471 16.7447 0.277948
15.9192 15.7299 0.269634
16.4681 16.195 0.278953
16.4681 16.195 0.278953
16.1873 16.2015 0.247536
16.17 16.6837 0.265153
16.17 16.6837 0.265153
16.5864 16.3965 0.26613
16.5864 16.3965 0.26613
16.4114 16.7539 0.285891
16.0298 16.0468 0.265742
16.0298 16.0468 0.265742
16.2393 15.9331 0.276463
16.1474 16.2631 0.284549
16.0659 16.7955 0.276424
15.7626 16.2608 0.278868
16.6796 15.6306 0.263478
16.6796 15.6306 0.263478
16.1909 15.7875 0.275298
16.0345 15.8337 0.284714
16.1568 16.7237 0.288187
16.533 15.9759 0.271286
16.533 15.9759 0.271286
16.533 15.9759 0.271286
16.2785 16.2463 0.282074
16.5336 15.8937 0.269084
16.1464 15.8622 0.279343
15.7426 16.1021 0.246064
16.2166 16.5106 0.269204
16.6198 16.2002 0.258701
16.6198 16.2002 0.258701
16.4259 16.2454 0.275529
16.4259 16.2454 0.275529
16.0922 16.3141 0.283757
15.9313 16.4418 0.281591
15.7384 16.5899 0.275337
15.7384 16.5899 0.275337
16.445 16.2056 0.281532
16.4271 17.0222 0.255689
16.4271 17.0222 0.255689
15.7777 16.5606 0.26098
15.5135 15.7701 0.289451
16.3701 16.1521 0.271407
16.3701 16.1521 0.271407
16.0902 15.6543 0.297425
16.0902 15.6543 0.297425
16.2928 15.925 0.276596
16.0161 16.4249 0.270399
16.4715 16.2535 0.273519
16.4715 16.2535 0.273519
16.2858 16.5074 0.269357
16.1454 16.5622 0.279878
16.1454 16.5622 0.279878
16.1454 16.5622 0.279878
16.5369 16.1679 0.292295
15.9094 15.9803 0.26331
16.198 16.7239 0.272368
16.198 16.7239 0.272368
15.8022 16.4149 0.284493
16.2068 16.2994 0.26235
15.6249 15.6819 0.259174
16.0595 16.0917 0.28193
16.0595 16.0917 0.28193
16.0595 16.0917 0.28193
16.3091 16.6514 0.264942
16.3091 16.6514 0.264942
16.4574 15.7555 0.285226
16.4574 15.7555 0.285226
16.4574 15.7555 0.285226
16.0131 16.8884 0.264781
16.2379 16.464 0.272343
16.2379 16.464 0.272343
16.053 16.7634 0.277826
16.6664 16.7188 0.275807
16.6664 16.7188 0.275807
16.1484 16.3688 0.258419
16.338 15.998 0.26756
16.2291 16.4818 0.281937
16.378 16.3677 0.278439
15.8175 16.2829 0.288823
15.9706 16.1926 0.268618
15.8995 16.2199 0.270503
16.1442 16.0101 0.292072
16.084 16.1501 0.273148
16.084 16.1501 0.273148
15.8787 16.1041 0.261719
15.8787 16.1041 0.261719
15.8787 16.1041 0.261719
16.0712 15.7201 0.259574
15.981 16.2554 0.270649
15.9793 16.4394 0.264339
16.1465 17.0999 0.281085
16.2288 15.6119 0.262255
16.0039 15.953 0.286607
16.2842 16.0971 0.275401
16.2842 16.0971 0.275401
16.6165 16.1751 0.265516
16.3154 16.634 0.282672
16.392 16.05 0.271564
16.392 16.05 0.271564
16.4879 16.2024 0.269131
16.661 16.0649 0.275078
16.661 16.0649 0.275078
16.2641 16.3782 0.268652
16.2641 16.3782 0.268652
16.4785 15.964 0.264421
16.4553 15.6211 0.260867
16.2749 16.2389 0.258775
16.2749 16.2389 0.258775
16.4876 15.6179 0.283058
16.988 15.4294 0.287121
16.328 16.6086 0.28206
16.6767 16.7692 0.29439
16.6767 16.7692 0.29439
16.5792 16.7621 0.271072
16.0723 16.494 0.263772
16.8377 16.7567 0.268118
16.1985 16.6144 0.283917
16.4349 15.753 0.261981
16.6573 16.4541 0.259263
16.1953 16.5951 0.284239
16.1953 16.5951 0.284239
16.2088 16.3269 0.247166
16.3791 16.1289 0.262829
16.2816 15.8586 0.279411
16.3947 16.0522 0.276383
16.2144 16.1729 0.266772
16.3766 16.2593 0.273801
16.5059 16.492 0.290749
16.4103 16.4798 0.261886
16.4729 16.0672 0.274853
16.5935 16.3611 0.263884
16.428 16.416 0.259194
16.5376 15.8967 0.278181
16.5376 15.8967 0.278181
16.2321 15.9089 0.283275
16.5646 16.3258 0.267156
16.6821 15.9814 0.263817
16.2811 16.0845 0.284212
16.3361 16.2919 0.286288
16.1569 16.2009 0.277509
16.081 15.7802 0.273839
16.3201 16.531 0.274576
16.7936 15.757 0.272109
16.7936 15.757 0.272109
16.6105 16.2918 0.295533
16.0981 16.4565 0.264331
16.7139 17.0399 0.283247
16.7139 17.0399 0.283247
16.3972 16.0781 0.266928
16.2393 16.4577 0.265763
16.3237 16.213 0.274658
16.6527 15.8794 0.265596
16.5015 15.771 0.268213
16.2262 16.4607 0.278578
16.0754 16.1027 0.273018
16.1854 16.546 0.262917
15.5979 16.3177 0.271239
16.2686 16.336 0.257535
16.2569 15.9531 0.280265
16.1845 16.164 0.271113
16.1716 17.1321 0.278454
16.1716 17.1321 0.278454
16.2077 16.3067 0.267204
16.2077 16.3067 0.267204
16.0181 16.1611 0.296334
16.5893 16.443 0.286807
16.187 16.436 0.274581
16.4298 15.9113 0.275965
16.2356 16.1309 0.276333
16.3373 16.2563 0.261758
16.1226 15.8954 0.291421
16.1669 16.2547 0.288162
15.901 16.2368 0.262931
15.901 16.2368 0.262931
16.2663 15.8991 0.278358
16.2663 15.8991 0.278358
16.208 16.404 0.262225
15.9368 16.9629 0.261278
16.2747 16.0933 0.260837
16.3248 16.4324 0.270007
16.1777 16.6973 0.266683
16.2207 16.5497 0.282901
16.4836 15.8149 0.287419
16.4836 15.8149 0.287419
16.4489 16.2918 0.276739
15.9261 16.1493 0.285157
16.3033 15.7681 0.283435
16.3033 15.7681 0.283435
16.6276 16.4484 0.293142
15.5737 16.245 0.26517
15.5737 16.245 0.26517
16.1186 16.6565 0.255027
15.7649 16.7349 0.265338
16.4657 16.6767 0.265319
16.26 16.6574 0.276587
16.1761 16.367 0.258089
16.4801 16.6206 0.279379
16.4801 16.6206 0.279379
16.2574 16.7985 0.261387
16.2574 16.7985 0.261387
16.2574 16.7985 0.261387
15.9039 15.9712 0.269536
15.9039 15.9712 0.269536
16.2321 16.8199 0.280783
16.1162 16.3684 0.280691
16.1162 16.3684 0.280691
16.3565 16.3375 0.26756
16.2962 16.9685 0.256831
16.1096 16.5642 0.275954
15.8058 16.6911 0.266469
16.7671 15.9581 0.264989
16.3106 16.2915 0.273108
16.5431 15.8799 0.285471
16.2656 16.7379 0.269581
16.5508 16.2562 0.259299
16.4621 16.0164 0.268341
15.9712 15.7364 0.280808
16.1935 15.6271 0.273829
16.2467 16.0319 0.274514
16.2467 16.0319 0.274514
16.2467 16.0319 0.274514
16.2467 16.0319 0.274514
16.4729 16.1269 0.263094
16.4729 16.1269 0.263094
16.5036 16.0578 0.274774
16.1283 17.1421 0.268734
16.4468 16.0431 0.284887
16.4034 16.4198 0.258828
16.355 16.2849 0.251307
16.355 16.2849 0.251307
16.1871 16.2883 0.283119
16.1871 16.2883 0.283119
16.4159 16.442 0.248634
16.087 16.1675 0.264095
16.1562 16.5861 0.276737
15.8317 15.6218 0.289625
15.8317 15.6218 0.289625
16.4402 16.2576 0.282588
16.4402 16.2576 0.282588
16.4833 16.2538 0.275073
16.4303 16.3448 0.29534
16.2175 16.6095 0.270636
16.1405 16.3386 0.284495
16.5243 16.4186 0.29398
15.8683 16.3018 0.276635
16.3629 16.2568 0.26615
16.3629 16.2568 0.26615
16.0472 16.4361 0.272996
16.51 16.2985 0.290767
16.2517 15.9189 0.265181
16.3369 16.1142 0.275278
16.2223 16.4827 0.250996
16.1768 16.0459 0.274321
16.0992 16.07 0.257829
15.5052 15.9914 0.292796
15.5052 15.9914 0.292796
15.9865 16.0779 0.271257
15.9865 16.0779 0.271257
16.3203 15.7704 0.257686
16.3203 15.7704 0.257686
16.0694 16.1645 0.254112
16.0399 16.2458 0.285463
16.3052 16.4946 0.249073
16.3052 16.4946 0.249073
15.8874 16.5095 0.256149
16.4013 16.4169 0.252838
16.4013 16.4169 0.252838
15.8398 16.1112 0.274801
15.8403 16.2667 0.260627
15.8403 16.2667 0.260627
16.1756 16.2988 0.284708
15.9377 16.6536 0.26528
15.9377 16.6536 0.26528
17.0731 15.6193 0.282453
16.5645 15.9696 0.274417
16.5645 15.9696 0.274417
15.6526 16.386 0.281161
16.2884 16.3107 0.272185
16.2884 16.3107 0.272185
16.1709 16.5929 0.291583
16.2559 16.1295 0.295412
15.5918 16.8898 0.27507
16.4103 16.8905 0.272518
16.1749 16.2746 0.274311
16.1749 16.2746 0.274311
16.3456 16.601 0.280358
15.8639 16.1696 0.295696
15.8639 16.1696 0.295696
16.1686 16.1529 0.290093
16.718 16.7112 0.271317
16.0692 15.8714 0.266119
15.9612 16.2614 0.264884
15.9406 16.5045 0.270083
16.3118 16.8309 0.286548
16.7492 16.4947 0.261836
15.9348 16.7838 0.269476
16.9661 16.5127 0.262087
16.414 16.1273 0.286308
16.448 16.1974 0.279428
16.166 16.5981 0.2811
15.7314 16.218 0.257327
16.0021 16.5957 0.282069
16.0021 16.5957 0.282069
16.2989 15.9803 0.277686
16.484 16.0442 0.290861
16.4805 16.4368 0.277933
16.4805 16.4368 0.277933
16.4805 16.4368 0.277933
15.9929 16.6001 0.265446
16.1222 16.4245 0.271006
16.8229 16.7355 0.276827
16.498 16.1571 0.282598
15.768 16.2828 0.26894
15.768 16.2828 0.26894
16.0172 16.2973 0.26431
16.3118 16.1527 0.279775
16.4418 16.1089 0.259716
16.6783 16.1752 0.277694
16.6783 16.1752 0.277694
16.3701 16.6859 0.251302
15.9978 15.957 0.28979
15.7697 15.9834 0.275298
16.2688 16.1168 0.26948
16.8637 16.6953 0.282589
16.6715 16.2613 0.280556
16.7412 16.0385 0.257714
16.7412 16.0385 0.257714
16.3859 16.4065 0.257407
15.8037 15.9701 0.258921
15.8037 15.9701 0.258921
16.3564 16.0003 0.281206
16.3564 16.0003 0.281206
16.5756 15.9207 0.269203
16.0321 15.5424 0.270314
16.8178 16.2432 0.260061
16.649 16.0667 0.273992
16.0117 16.173 0.278913
16.473 16.1774 0.255209
16.4926 15.9929 0.279517
16.7328 16.3946 0.285041
16.2347 16.499 0.277866
15.6807 16.1699 0.282021
16.7671 16.9398 0.269368
16.7671 16.9398 0.269368
15.7356 16.3633 0.270681
16.7705 16.0929 0.269849
15.9883 16.8865 0.276228
15.9883 16.8865 0.276228
16.1392 16.4164 0.280513
15.7826 15.9244 0.282961
15.9019 16.2133 0.260563
15.9019 16.2133 0.260563
15.9019 16.2133 0.260563
16.3552 16.3757 0.265259
16.6816 16.4398 0.262473
16.4311 16.5256 0.28151
16.1069 16.236 0.276776
16.0484 16.0244 0.267192
16.0484 16.0244 0.267192
16.6724 16.6056 0.264804
16.6724 16.6056 0.264804
16.3007 16.749 0.277944
16.1049 16.6414 0.271188
15.786 16.3069 0.277028
16.5056 16.1618 0.269103
16.5056 16.1618 0.269103
15.7592 16.376 0.266275
17.1152 16.3516 0.281323
17.1152 16.3516 0.281323
15.9032 16.6002 0.281417
15.7352 16.297 0.28511
16.5284 16.5179 0.282174
16.1853 16.0563 0.280372
16.1853 16.0563 0.280372
16.0165 16.4704 0.291667
16.7677 16.6612 0.26869
16.7677 16.6612 0.26869
15.851 16.2415 0.276443
15.851 16.2415 0.276443
16.3418 16.2941 0.278694
16.2505 15.8442 0.286532
16.2505 15.8442 0.286532
16.2168 16.154 0.275149
16.3642 16.1125 0.274725
16.3642 16.1125 0.274725
16.6997 16.3502 0.264899
16.1014 15.9679 0.278172
16.1014 15.9679 0.278172
16.529 15.9139 0.270777
16.0478 16.2018 0.262814
16.0478 16.2018 0.262814
16.061 16.6838 0.280128
16.5744 16.2104 0.259638
16.1522 16.2593 0.278681
16.7796 15.7129 0.288536
16.5771 16.1399 0.256273
16.3259 16.3447 0.265054
16.8123 16.4673 0.261496
16.6796 16.1393 0.275421
16.2923 16.351 0.271759
16.5144 16.5763 0.270177
16.7291 16.167 0.272711
16.4197 16.2753 0.264659
16.3399 16.2964 0.283584
15.8234 16.2711 0.278407
16.3868 16.5552 0.278648
16.3868 16.5552 0.278648
16.1419 16.5953 0.276509
16.4591 16.5492 0.277796
16.2247 16.4129 0.283402
16.2247 16.4129 0.283402
16.8402 16.5404 0.274473
16.3222 16.7375 0.276534
16.3267 15.9812 0.278065
16.3267 15.9812 0.278065
16.2579 16.293 0.254383
16.3087 16.3135 0.27296
16.2171 16.0276 0.280673
16.2171 16.0276 0.280673
16.2171 16.0276 0.280673
16.062 16.6278 0.271095
16.1087 16.3139 0.262025
16.3576 16.2348 0.275931
16.384 16.2476 0.28521
16.2033 16.3502 0.27641
16.3702 16.5327 0.278084
15.9381 16.781 0.287653
15.9381 16.781 0.287653
16.1581 16.0935 0.278451
16.4221 16.0432 0.264582
16.4221 16.0432 0.264582
15.9116 16.6129 0.27287
16.2171 16.0177 0.280629
16.0339 16.3381 0.270461
16.6255 16.0799 0.284688
16.6255 16.0799 0.284688
16.6255 16.0799 0.284688
16.3423 16.1613 0.277749
16.4216 16.237 0.280607
16.3568 16.7406 0.28427
15.9893 15.9801 0.277574
16.6996 15.9659 0.26894
16.6996 15.9659 0.26894
16.4369 16.2953 0.274958
16.2865 15.9935 0.275266
16.2865 15.9935 0.275266
16.2472 16.5963 0.277007
16.6222 16.8529 0.260523
16.6222 16.8529 0.260523
16.1816 16.3831 0.273725
16.662 16.2829 0.280558
15.2279 16.2639 0.278944
15.2279 16.2639 0.278944
16.2691 16.307 0.280094
16.0553 16.1007 0.291604
16.0553 16.1007 0.291604
16.0553 16.1007 0.291604
15.9255 15.9897 0.277185
15.9255 15.9897 0.277185
16.1819 15.7666 0.274
16.1819 15.7666 0.274
16.169 16.6833 0.273458
15.7871 16.4847 0.270375
15.7849 16.4739 0.26349
16.4983 16.3529 0.268268
16.4983 16.3529 0.268268
16.4983 16.3529 0.268268
15.8102 16.513 0.275868
15.943 16.02 0.275563
16.9422 16.2238 0.264069
16.5976 16.3384 0.275589
15.6809 15.6559 0.281328
15.6809 15.6559 0.281328
16.1218 16.498 0.277406
16.1218 16.498 0.277406
16.5533 16.3165 0.272242
16.1177 15.8758 0.269614
16.316 16.6148 0.281656
15.8746 15.9948 0.27805
15.8746 15.9948 0.27805
15.9607 16.0507 0.277425
15.9607 16.0507 0.277425
16.8361 16.3873 0.285663
16.0884 16.6929 0.256207
16.5113 16.0778 0.265517
16.063 15.8776 0.269798
17.1191 16.2542 0.289961
16.0894 15.6563 0.281714
16.0894 15.6563 0.281714
15.8523 16.2404 0.258767
16.5712 16.2142 0.281339
16.4172 16.2785 0.283788
16.1674 16.8213 0.275667
16.1674 16.8213 0.275667
16.6031 16.2224 0.284763
16.0947 16.4329 0.256899
16.0363 16.0826 0.270698
16.6117 15.8425 0.281632
16.6117 15.8425 0.281632
16.5589 15.7713 0.276996
16.5589 15.7713 0.276996
16.0729 16.2211 0.278917
16.0729 16.2211 0.278917
16.4754 16.3138 0.253841
17.0148 15.9507 0.287737
16.0469 16.5215 0.287846
15.915 16.0796 0.265341
16.421 16.8171 0.283988
16.1722 16.6749 0.276942
16.5555 16.1196 0.305335
16.719 16.0202 0.255227
16.4665 15.9442 0.269944
16.4665 15.9442 0.269944
16.5197 15.7289 0.267481
15.4632 16.0085 0.274179
15.9877 16.2601 0.294939
16.3629 16.2163 0.277138
16.365 15.9177 0.265284
16.365 15.9177 0.265284
16.172 16.1325 0.277902
16.172 16.1325 0.277902
15.9035 16.526 0.274187
16.216 16.0361 0.274786
16.216 16.0361 0.274786
16.0233 15.7631 0.260822
16.0233 15.7631 0.260822
15.844 16.4739 0.265731
16.415 16.6845 0.262878
17.0797 15.8311 0.284606
17.0797 15.8311 0.284606
16.0201 15.9512 0.262784
15.6538 16.1042 0.275257
16.2386 16.5117 0.275641
16.011 16.1238 0.28117
16.011 16.1238 0.28117
15.9793 16.6216 0.278204
16.2027 16.0623 0.283781
16.4462 15.9645 0.27074
15.3852 16.0593 0.29114
16.0083 16.5026 0.275093
16.0083 16.5026 0.275093
16.0796 16.7535 0.268969
16.0796 16.7535 0.268969
16.1291 16.0117 0.260162
16.1094 15.9222 0.271732
16.0979 16.5084 0.282244
16.0979 16.5084 0.282244
16.4199 15.8973 0.274505
16.3392 16.3108 0.286757
16.1665 16.5564 0.271007
16.6382 16.6815 0.294939
16.434 16.3601 0.260492
15.9324 16.1045 0.26891
16.7782 15.7906 0.24792
15.9806 16.33 0.275447
16.087 16.1161 0.270123
16.3496 16.0113 0.274286
16.3689 16.388 0.281569
16.3689 16.388 0.281569
16.8039 17.0124 0.284692
16.2073 15.9064 0.292828
8.20984 8.22644 0.32596
8.18118 8.05825 0.326451
8.18118 8.05825 0.326451
7.89444 7.95622 0.319333
7.89444 7.95622 0.319333
7.89444 7.95622 0.319333
7.89444 7.95622 0.319333
7.89444 7.95622 0.319333
7.89444 7.95622 0.319333
8.18942 8.38121 0.320082
8.18942 8.38121 0.320082
8.18942 8.38121 0.320082
8.24238 8.39511 0.301652
8.24238 8.39511 0.301652
7.89668 7.59493 0.306974
7.89668 7.59493 0.306974
7.89668 7.59493 0.306974
7.89668 7.59493 0.306974
7.89668 7.59493 0.306974
7.80489 7.81642 0.317918
7.80489 7.81642 0.317918
7.80489 7.81642 0.317918
7.80489 7.81642 0.317918
7.80489 7.81642 0.317918
7.80489 7.81642 0.317918
7.80489 7.81642 0.317918
7.80489 7.81642 0.317918
7.80489 7.81642 0.317918
8.71688 8.5244 0.309968
8.71688 8.5244 0.309968
7.78668 8.30077 0.309872
8.21599 8.09792 0.317708
8.21599 8.09792 0.317708
8.04595 7.8266 0.32251
8.04595 7.8266 0.32251
8.04595 7.8266 0.32251
8.04595 7.8266 0.32251
8.19021 8.59118 0.318258
8.19021 8.59118 0.318258
8.39691 7.46896 0.311831
8.39691 7.46896 0.311831
8.39691 7.46896 0.311831
8.3831 8.24212 0.287649
8.3831 8.24212 0.287649
8.3831 8.24212 0.287649
8.3831 8.24212 0.287649
8.3831 8.24212 0.287649
8.3831 8.24212 0.287649
8.3831 8.24212 0.287649
8.3831 8.24212 0.287649
8.3831 8.24212 0.287649
8.0181 7.82601 0.306649
8.0181 7.82601 0.306649
8.0181 7.82601 0.306649
8.47058 8.9505 0.302417
8.47058 8.9505 0.302417
8.47058 8.9505 0.302417
8.47058 8.9505 0.302417
8.47058 8.9505 0.302417
8.20945 8.05292 0.318854
8.21973 8.14029 0.317438
8.21973 8.14029 0.317438
8.21973 8.14029 0.317438
8.21973 8.14029 0.317438
8.21973 8.14029 0.317438
8.21973 8.14029 0.317438
8.21973 8.14029 0.317438
8.21973 8.14029 0.317438
8.21973 8.14029 0.317438
8.21973 8.14029 0.317438
7.81411 8.18458 0.308339
7.81411 8.18458 0.308339
7.81411 8.18458 0.308339
7.81411 8.18458 0.308339
7.81411 8.18458 0.308339
8.22216 8.2403 0.315013
8.02975 8.63465 0.331244
8.7682 7.97176 0.328911
8.7682 7.97176 0.328911
8.14714 8.63444 0.323664
8.14714 8.63444 0.323664
8.14714 8.63444 0.323664
8.14714 8.63444 0.323664
8.14714 8.63444 0.323664
8.14714 8.63444 0.323664
8.14714 8.63444 0.323664
8.14714 8.63444 0.323664
8.14714 8.63444 0.323664
8.14714 8.63444 0.323664
8.14714 8.63444 0.323664
8.27751 8.55224 0.316021
7.89616 7.99082 0.324239
7.89616 7.99082 0.324239
7.89616 7.99082 0.324239
7.9699 8.15694 0.314356
7.9699 8.15694 0.314356
7.9699 8.15694 0.314356
7.9699 8.15694 0.314356
7.9699 8.15694 0.314356
7.9699 8.15694 0.314356
7.9699 8.15694 0.314356
7.9699 8.15694 0.314356
8.13384 8.09259 0.313796
8.13384 8.09259 0.313796
8.13384 8.09259 0.313796
8.13384 8.09259 0.313796
8.19332 8.53449 0.311349
8.19332 8.53449 0.311349
8.19332 8.53449 0.311349
8.19332 8.53449 0.311349
8.14066 8.54179 0.316959
8.14066 8.54179 0.316959
8.14066 8.54179 0.316959
8.14066 8.54179 0.316959
8.14066 8.54179 0.316959
11.7759 11.3212 0.30983
11.2316 11.7449 0.307983
11.2316 11.7449 0.307983
11.2316 11.7449 0.307983
11.2316 11.7449 0.307983
11.2316 11.7449 0.307983
11.2316 11.7449 0.307983
11.6053 11.0517 0.306897
11.6053 11.0517 0.306897
11.6053 11.0517 0.306897
11.6053 11.0517 0.306897
11.6053 11.0517 0.306897
11.6053 11.0517 0.306897
16.171 15.4697 0.275064
16.171 15.4697 0.275064
15.8556 16.5699 0.279256
16.7327 16.1287 0.280001
16.2953 16.5596 0.269499
16.2953 16.5596 0.269499
16.2172 16.4753 0.259727
16.2848 16.4493 0.263508
16.0883 16.0819 0.279134
16.6368 16.1579 0.258577
16.7731 16.2178 0.277374
16.0863 16.2712 0.272489
16.2742 16.3953 0.264986
16.4986 16.3784 0.274146
15.964 15.646 0.286936
16.5238 16.4692 0.266345
15.9072 16.058 0.285182
16.4488 15.9773 0.276526
16.2464 16.0183 0.260135
16.2464 16.4528 0.276821
16.2464 16.4528 0.276821
16.2296 16.0334 0.255507
15.9767 16.5649 0.270218
15.9767 16.5649 0.270218
16.0816 16.4599 0.291591
16.2152 15.5717 0.258476
16.5624 16.064 0.272505
16.086 16.2955 0.28101
15.9365 15.849 0.282608
16.3168 15.9814 0.283922
16.3018 15.9609 0.290728
16.496 15.9463 0.280898
16.25 16.3746 0.300838
16.327 16.4808 0.288792
16.5491 16.2224 0.278586
16.162 15.6817 0.266708
16.1113 16.0072 0.280525
16.1113 16.0072 0.280525
16.1113 16.0072 0.280525
16.3867 15.6932 0.269575
15.9724 16.6663 0.269209
16.5829 16.6398 0.251441
15.8125 16.2647 0.272012
16.0032 16.7571 0.264541
16.0032 16.7571 0.264541
16.1003 16.052 0.26854
16.1003 16.052 0.26854
16.0466 16.4807 0.279273
16.0817 15.7462 0.268325
16.2646 16.1575 0.290153
16.2646 16.1575 0.290153
16.3122 15.7105 0.271693
15.86 15.7745 0.269461
16.1972 16.1745 0.264185
16.1972 16.1745 0.264185
16.2441 16.5612 0.286775
16.5021 16.0696 0.267907
16.0974 16.2656 0.256991
16.4828 16.2941 0.273304
16.4828 16.2941 0.273304
16.5605 16.2481 0.264008
16.2568 16.0698 0.278384
16.6495 15.851 0.277497
15.5006 16.2734 0.272926
16.0746 16.4711 0.275392
16.0746 16.4711 0.275392
16.5948 15.9533 0.263693
16.3277 16.2324 0.27547
16.6227 15.8487 0.267822
16.1235 16.2359 0.269754
16.3435 16.5646 0.267544
16.9277 16.2416 0.292258
16.9277 16.2416 0.292258
16.4638 16.1078 0.284385
16.3139 16.0498 0.273998
16.3229 16.4677 0.274021
16.3229 16.4677 0.274021
16.3229 16.4677 0.274021
16.3229 16.4677 0.274021
16.3229 16.4677 0.274021
16.7925 16.4113 0.272927
15.9944 15.9754 0.279892
15.9944 15.9754 0.279892
15.9944 15.9754 0.279892
16.4055 16.4538 0.264281
16.6463 15.595 0.261175
15.8923 16.6717 0.288088
7.66294 8.46493 0.301748
7.66294 8.46493 0.301748
7.66294 8.46493 0.301748
7.66294 8.46493 0.301748
7.66294 8.46493 0.301748
7.66294 8.46493 0.301748
7.66294 8.46493 0.301748
7.88102 7.92588 0.325124
7.88102 7.92588 0.325124
8.08169 8.49595 0.324035
8.08169 8.49595 0.324035
8.08169 8.49595 0.324035
8.08169 8.49595 0.324035
8.08169 8.49595 0.324035
8.08169 8.49595 0.324035
8.08169 8.49595 0.324035
8.08169 8.49595 0.324035
8.08169 8.49595 0.324035
8.40402 7.88904 0.306519
5.79833 6.56081 0.316339
5.79833 6.56081 0.316339
5.79833 6.56081 0.316339
5.79833 6.56081 0.316339
6.29548 6.35448 0.308294
6.29548 6.35448 0.308294
6.29548 6.35448 0.308294
6.12226 6.62412 0.312025
6.12226 6.62412 0.312025
6.12226 6.62412 0.312025
16.4382 16.6763 0.278434
16.1739 16.644 0.286919
15.8547 16.1885 0.255575
16.1443 16.9245 0.265191
16.1019 16.7065 0.277799
16.0772 16.4327 0.277805
16.5479 16.8434 0.268809
16.3535 16.1059 0.274941
16.2136 16.1002 0.281817
15.6081 16.7359 0.273113
16.4434 16.1415 0.27623
16.4434 16.1415 0.27623
16.0726 16.6272 0.291033
16.3713 16.2533 0.280443
16.3481 16.2889 0.28216
16.0796 15.6262 0.267353
15.9346 16.1829 0.278302
16.2556 16.7366 0.277082
16.5782 16.4243 0.262366
16.5196 15.8446 0.268472
16.5196 15.8446 0.268472
15.9359 16.1269 0.279564
15.9359 16.1269 0.279564
15.9448 15.9252 0.262673
15.9448 15.9252 0.262673
16.585 16.5917 0.266834
16.145 16.7616 0.279146
15.9875 16.3121 0.271075
16.1407 16.1267 0.265998
16.0829 15.914 0.276401
16.1238 16.1148 0.2687
16.5162 16.5743 0.28565
15.9635 16.2245 0.273333
16.3312 16.0004 0.283863
15.804 16.1452 0.269063
16.3483 16.1106 0.262048
16.3729 16.0353 0.277057
16.3729 16.0353 0.277057
16.3064 15.734 0.267593
16.0727 16.6319 0.272715
16.344 16.1833 0.259301
16.344 16.1833 0.259301
16.2986 16.0569 0.295908
16.0289 15.9724 0.258042
16.801 16.0786 0.269581
16.1602 16.392 0.268367
16.1602 16.392 0.268367
16.7 16.099 0.281989
16.4875 16.6012 0.274098
16.2132 16.4227 0.289228
16.4534 16.0774 0.267396
16.4534 16.0774 0.267396
16.4733 16.005 0.275678
16.2799 16.7792 0.2731
15.9112 16.2474 0.276613
16.1032 15.7251 0.268308
16.1032 15.7251 0.268308
16.818 16.239 0.285828
16.818 16.239 0.285828
16.0878 16.5178 0.274977
16.0595 15.8614 0.287036
16.0595 15.8614 0.287036
16.463 15.8184 0.276862
16.463 15.8184 0.276862
16.3743 16.6169 0.273622
16.5795 16.5824 0.281415
16.5795 16.5824 0.281415
16.598 16.073 0.259662
16.2292 16.455 0.281703
16.2292 16.455 0.281703
16.2292 16.455 0.281703
16.1726 15.889 0.278659
15.9173 16.1475 0.278628
16.3339 15.8298 0.267566
16.3693 16.4207 0.275604
16.0047 16.5943 0.273073
15.7514 15.6674 0.260873
16.5423 15.9299 0.273059
16.5019 16.128 0.26085
16.525 16.394 0.278249
16.7441 16.0053 0.289319
16.5049 15.7419 0.277373
16.3304 16.1529 0.280405
16.2139 15.8793 0.274645
16.4866 16.4916 0.280281
16.4866 16.4916 0.280281
15.9973 15.6914 0.274747
16.2122 16.1855 0.260575
16.4836 15.8855 0.280015
16.2845 16.0237 0.273127
16.3975 16.5373 0.268906
15.7152 16.1015 0.280934
15.8297 16.0283 0.286454
16.3594 16.6733 0.27512
15.627 16.7646 0.283688
15.627 16.7646 0.283688
16.1054 15.2629 0.278613
16.249 16.389 0.276297
16.7893 15.942 0.280385
16.7775 16.7636 0.272663
16.0395 16.4 0.271658
10.981 9.80138 0.297542
10.4893 10.3684 0.313712
9.95661 10.7169 0.302543
9.95661 10.7169 0.302543
10.0405 10.3015 0.320336
10.0405 10.3015 0.320336
10.0405 10.3015 0.320336
10.0405 10.3015 0.320336
10.0405 10.3015 0.320336
10.7226 10.5224 0.291372
10.7226 10.5224 0.291372
10.7226 10.5224 0.291372
10.7226 10.5224 0.291372
10.7226 10.5224 0.291372
10.3529 10.0516 0.298707
9.7687 10.3585 0.312274
9.7687 10.3585 0.312274
9.7687 10.3585 0.312274
9.7687 10.3585 0.312274
9.79905 10.7202 0.312757
9.79905 10.7202 0.312757
9.79905 10.7202 0.312757
6.29179 6.76115 0.324705
6.29179 6.76115 0.324705
6.29179 6.76115 0.324705
6.04959 5.9256 0.336923
6.65796 6.10279 0.314698
6.65796 6.10279 0.314698
6.65796 6.10279 0.314698
6.65796 6.10279 0.314698
6.65796 6.10279 0.314698
6.65796 6.10279 0.314698
6.65796 6.10279 0.314698
6.65796 6.10279 0.314698
6.65796 6.10279 0.314698
6.65796 6.10279 0.314698
6.65796 6.10279 0.314698
6.65796 6.10279 0.314698
6.65796 6.10279 0.314698
6.65796 6.10279 0.314698
6.65796 6.10279 0.314698
6.65796 6.10279 0.314698
6.65796 6.10279 0.314698
6.65796 6.10279 0.314698
7.07164 6.70849 0.291529
7.07164 6.70849 0.291529
7.07164 6.70849 0.291529
7.07164 6.70849 0.291529
7.07164 6.70849 0.291529
7.07164 6.70849 0.291529
7.07164 6.70849 0.291529
7.07164 6.70849 0.291529
7.07164 6.70849 0.291529
7.07164 6.70849 0.291529
7.07164 6.70849 0.291529
7.07164 6.70849 0.291529
7.07164 6.70849 0.291529
7.93305 8.57611 0.325545
7.93305 8.57611 0.325545
7.93305 8.57611 0.325545
7.93305 8.57611 0.325545
8.04567 8.0016 0.312574
8.04567 8.0016 0.312574
8.04567 8.0016 0.312574
8.04567 8.0016 0.312574
7.89681 8.03177 0.308072
7.89681 8.03177 0.308072
7.92345 7.7345 0.307983
7.92345 7.7345 0.307983
8.29265 8.36911 0.310468
