14.6298 14.9667 0.282827
24.9357 24.9884 0.245234
15.433 16.0527 0.296806
9.75382 8.97282 0.30782
31.5866 32.349 0.191783
6.12699 6.26278 -0.00087697
36.1519 36.7716 0.188195
16.3974 16.354 0.296558
10.1126 10.2139 0.294161
35.9219 36.3527 0.202182
11.3271 11.9821 0.313649
20.5183 20.1938 0.271574
26.1601 26.1484 0.213712
22.4534 22.2854 0.27058
32.2394 32.5038 0.210947
15.8112 16.2818 0.307003
14.0084 14.2219 0.274043
19.2348 18.4538 0.256467
22.9623 22.8103 0.264614
11.3528 11.3776 0.301853
20.8324 20.6257 0.259427
10.7197 10.6194 0.333591
11.3271 11.9821 0.313649
11.2885 11.4187 0.317347
11.9919 12.8229 0.308825
10.7409 10.57 0.300085
16.1467 16.6228 0.27007
6.41059 6.44927 0.336636
13.6923 13.3428 0.288881
26.1582 26.495 0.24146
11.9624 12.0525 0.304642
15.8888 15.7885 0.324489
10.7409 10.57 0.300085
29.8161 29.4916 0.21569
18.298 17.9685 0.298419
10.1126 10.2139 0.294161
33.3591 33.2865 0.199768
26.4694 26.3968 0.239085
22.4251 22.3525 0.260377
32.0726 31.5235 0.190663
19.3146 19.691 0.27672
11.3528 11.3776 0.301853
15.831 16.2275 0.283055
9.98836 9.22669 0.294127
16.2032 15.9965 0.292768
16.2032 15.9965 0.292768
9.39852 9.87457 0.312378
22.4409 23.2066 0.273534
16.5589 16.1939 0.25512
11.9624 12.0525 0.304642
30.0577 29.3271 0.216039
35.9867 35.6174 0.212688
22.2132 21.7731 0.255546
10.1509 9.62505 0.317959
29.131 29.149 0.230373
8.73661 9.07348 0.303305
14.3047 14.2334 0.283516
10.1509 9.62505 0.317959
14.6298 14.9667 0.282827
11.2885 11.4187 0.317347
14.3047 14.2334 0.283516
13.2839 13.3401 0.290723
24.5492 24.3814 0.235597
11.2885 11.4187 0.317347
11.3271 11.9821 0.313649
16.5589 16.1939 0.25512
15.4497 15.3771 0.290848
22.4251 22.3525 0.260377
14.7453 14.6678 0.281354
22.4534 22.2854 0.27058
18.7137 18.1928 0.256871
32.1572 32.1754 0.182777
7.7201 7.56812 0.329119
7.77147 7.61535 0.299868
25.9579 26.0593 0.228832
11.3271 11.9821 0.313649
25.4012 25.2057 0.261885
6.41059 6.44927 0.336636
27.4563 27.4745 0.214933
10.7536 10.8893 0.309914
12.7243 13.344 0.286517
22.2132 21.7731 0.255546
16.3348 15.9698 0.283498
18.298 17.9685 0.298419
9.5903 10.0193 0.311043
22.8236 22.4544 0.277171
30.4248 30.6274 0.215191
31.7296 31.4051 0.193089
34.256 33.475 0.203221
30.4248 30.6274 0.215191
29.8641 30.1664 0.220856
14.0762 13.8435 0.277601
11.9919 12.8229 0.308825
32.9867 32.975 0.19424
9.877 9.52748 0.313101
8.73661 9.07348 0.303305
24.8543 25.2307 0.245901
27.641 28.0375 0.242506
31.5866 32.349 0.191783
29.8158 29.7156 0.235263
30.3777 30.1826 0.23085
30.0657 29.974 0.231058
30.0657 29.974 0.231058
30.3353 30.2627 0.219922
30.3353 30.2627 0.219922
30.3353 30.2627 0.219922
29.8696 29.7693 0.246342
29.8696 29.7693 0.246342
29.8696 29.7693 0.246342
29.8696 29.7693 0.246342
29.9629 29.9512 0.214394
29.9629 29.9512 0.214394
29.9629 29.9512 0.214394
29.9629 29.9512 0.214394
29.9629 29.9512 0.214394
29.9629 29.9512 0.214394
29.9629 29.9512 0.214394
29.9629 29.9512 0.214394
29.9629 29.9512 0.214394
29.9629 29.9512 0.214394
29.6268 29.8294 0.220767
29.9734 30.0297 0.222866
29.9734 30.0297 0.222866
29.9734 30.0297 0.222866
29.9734 30.0297 0.222866
29.9734 30.0297 0.222866
29.9734 30.0297 0.222866
29.9734 30.0297 0.222866
29.9734 30.0297 0.222866
29.7948 30.0283 0.224377
30.2587 29.4777 0.215743
30.2587 29.4777 0.215743
30.1438 30.2339 0.208947
30.1438 30.2339 0.208947
30.1438 30.2339 0.208947
30.1438 30.2339 0.208947
29.5281 30.3592 0.229349
29.5281 30.3592 0.229349
29.5281 30.3592 0.229349
29.5281 30.3592 0.229349
29.5281 30.3592 0.229349
29.9649 29.5492 0.209787
29.9649 29.5492 0.209787
29.9649 29.5492 0.209787
29.9649 29.5492 0.209787
29.9649 29.5492 0.209787
29.9649 29.5492 0.209787
29.9649 29.5492 0.209787
29.9649 29.5492 0.209787
30.1466 29.9919 0.2038
29.8057 29.936 0.236725
30.125 30.3658 0.211434
30.1911 30.6102 0.231745
30.1911 30.6102 0.231745
30.0256 29.8664 0.245364
30.0256 29.8664 0.245364
30.0256 29.8664 0.245364
30.0256 29.8664 0.245364
29.9799 30.5955 0.213705
29.9799 30.5955 0.213705
29.9799 30.5955 0.213705
29.9799 30.5955 0.213705
29.9799 30.5955 0.213705
29.9799 30.5955 0.213705
29.9799 30.5955 0.213705
29.9799 30.5955 0.213705
29.9799 30.5955 0.213705
29.9799 30.5955 0.213705
29.9799 30.5955 0.213705
29.9799 30.5955 0.213705
29.9799 30.5955 0.213705
10.6522 11.0286 0.308417
10.6522 11.0286 0.308417
10.6522 11.0286 0.308417
10.6522 11.0286 0.308417
10.6522 11.0286 0.308417
10.6522 11.0286 0.308417
10.6522 11.0286 0.308417
10.4129 10.8999 0.296605
10.9967 10.842 0.291048
10.9967 10.842 0.291048
10.9967 10.842 0.291048
10.9967 10.842 0.291048
10.9967 10.842 0.291048
10.9967 10.842 0.291048
10.9967 10.842 0.291048
10.9967 10.842 0.291048
10.9967 10.842 0.291048
10.9967 10.842 0.291048
10.9967 10.842 0.291048
10.8312 11.0964 0.311875
10.8312 11.0964 0.311875
10.8312 11.0964 0.311875
10.8312 11.0964 0.311875
10.8456 11.3356 0.321148
10.8456 11.3356 0.321148
10.8456 11.3356 0.321148
20.6768 20.8903 0.25793
20.6768 20.8903 0.25793
20.6768 20.8903 0.25793
33.762 33.8196 0.228988
33.7773 33.313 0.210385
33.7773 33.313 0.210385
34.4731 33.8233 0.211488
33.7592 34.0237 0.219772
34.038 34.1842 0.19916
34.038 34.1842 0.19916
33.7688 33.4553 0.211305
33.9143 33.8363 0.210489
33.9143 33.8363 0.210489
34.3312 34.399 0.213136
33.4928 34.2509 0.21023
33.4928 34.2509 0.21023
33.4928 34.2509 0.21023
34.3242 33.8365 0.218765
34.3242 33.8365 0.218765
34.2866 34.3303 0.212541
34.2866 34.3303 0.212541
34.2866 34.3303 0.212541
34.4508 34.1585 0.220854
34.4508 34.1585 0.220854
34.0414 33.7271 0.215337
34.0414 33.7271 0.215337
34.0414 33.7271 0.215337
33.2127 33.8462 0.211669
33.2127 33.8462 0.211669
34.0752 34.143 0.223837
33.9077 34.4199 0.215859
33.9077 34.4199 0.215859
33.9077 34.4199 0.215859
34.3237 34.7261 0.221974
34.3237 34.7261 0.221974
34.1575 34.1803 0.207338
34.1575 34.1803 0.207338
34.1575 34.1803 0.207338
34.1575 34.1803 0.207338
34.1269 34.2521 0.225124
34.1269 34.2521 0.225124
34.31 34.0926 0.201673
33.6438 33.7628 0.218083
33.6438 33.7628 0.218083
33.9481 34.4738 0.227177
33.9481 34.4738 0.227177
33.9481 34.4738 0.227177
34.2676 34.0734 0.209092
34.2676 34.0734 0.209092
34.2676 34.0734 0.209092
34.2676 34.0734 0.209092
34.5551 34.021 0.199539
34.5551 34.021 0.199539
33.8145 33.6943 0.20579
33.6144 33.838 0.20749
33.8244 34.0947 0.21962
33.7583 34.3745 0.216975
33.7583 34.3745 0.216975
33.7583 34.3745 0.216975
34.5376 34.3647 0.222159
34.5376 34.3647 0.222159
34.3825 33.5281 0.220771
34.3825 33.5281 0.220771
34.3825 33.5281 0.220771
34.3743 33.505 0.218539
34.3743 33.505 0.218539
6.34454 6.11268 0.301483
6.34454 6.11268 0.301483
6.34454 6.11268 0.301483
6.34454 6.11268 0.301483
6.6024 6.19172 0.325415
6.6024 6.19172 0.325415
6.6024 6.19172 0.325415
6.6024 6.19172 0.325415
6.6024 6.19172 0.325415
6.6024 6.19172 0.325415
6.6024 6.19172 0.325415
5.79895 6.35468 0.314323
5.79895 6.35468 0.314323
5.79895 6.35468 0.314323
5.79895 6.35468 0.314323
5.51925 6.54841 -0.0106684
10.378 10.2374 0.288076
10.378 10.2374 0.288076
10.378 10.2374 0.288076
10.568 10.6739 0.312579
10.568 10.6739 0.312579
10.9786 11.0713 0.313281
10.9786 11.0713 0.313281
10.9786 11.0713 0.313281
10.9786 11.0713 0.313281
10.9786 11.0713 0.313281
10.9786 11.0713 0.313281
10.9786 11.0713 0.313281
10.9786 11.0713 0.313281
10.9786 11.0713 0.313281
10.9786 11.0713 0.313281
10.9786 11.0713 0.313281
10.9786 11.0713 0.313281
10.9786 11.0713 0.313281
10.9786 11.0713 0.313281
10.9786 11.0713 0.313281
10.9786 11.0713 0.313281
23.5224 23.7429 0.250782
23.5224 23.7429 0.250782
23.7444 23.1061 0.271919
23.7444 23.1061 0.271919
23.7444 23.1061 0.271919
23.7444 23.1061 0.271919
23.7444 23.1061 0.271919
24.0611 23.4616 0.244943
24.0611 23.4616 0.244943
24.0611 23.4616 0.244943
24.0611 23.4616 0.244943
24.0611 23.4616 0.244943
24.0611 23.4616 0.244943
24.0062 23.5733 0.258792
24.0062 23.5733 0.258792
24.0062 23.5733 0.258792
24.0062 23.5733 0.258792
24.0062 23.5733 0.258792
24.0062 23.5733 0.258792
24.0176 24.4579 0.269935
24.0176 24.4579 0.269935
24.0176 24.4579 0.269935
24.0176 24.4579 0.269935
23.3463 24.3515 0.249713
23.3463 24.3515 0.249713
23.3463 24.3515 0.249713
23.3463 24.3515 0.249713
23.3463 24.3515 0.249713
23.3463 24.3515 0.249713
23.3463 24.3515 0.249713
23.3463 24.3515 0.249713
12.4235 12.4385 0.308457
12.4235 12.4385 0.308457
12.4235 12.4385 0.308457
12.4235 12.4385 0.308457
12.4235 12.4385 0.308457
12.4235 12.4385 0.308457
12.4235 12.4385 0.308457
12.4235 12.4385 0.308457
12.4235 12.4385 0.308457
12.4235 12.4385 0.308457
12.4235 12.4385 0.308457
12.2397 13.2525 0.297834
12.2397 13.2525 0.297834
12.2397 13.2525 0.297834
12.2397 13.2525 0.297834
12.2397 13.2525 0.297834
12.2397 13.2525 0.297834
12.2397 13.2525 0.297834
12.2397 13.2525 0.297834
12.2397 13.2525 0.297834
12.2397 13.2525 0.297834
33.2564 32.9442 0.207567
33.3279 32.4057 0.204203
33.3279 32.4057 0.204203
32.7129 33.0769 0.193802
32.7129 33.0769 0.193802
32.7129 33.0769 0.193802
32.7129 33.0769 0.193802
32.7129 33.0769 0.193802
32.7129 33.0769 0.193802
33.2074 33.2245 0.189304
32.5498 33.3666 0.187745
33.027 33.2224 0.217716
33.027 33.2224 0.217716
33.027 33.2224 0.217716
33.027 33.2224 0.217716
33.027 33.2224 0.217716
33.027 33.2224 0.217716
33.027 33.2224 0.217716
33.1568 33.1674 0.197874
32.1962 33.3808 0.185217
32.1962 33.3808 0.185217
32.1962 33.3808 0.185217
32.1962 33.3808 0.185217
32.1962 33.3808 0.185217
32.2977 32.9187 0.211609
32.2977 32.9187 0.211609
32.2977 32.9187 0.211609
32.2977 32.9187 0.211609
33.1841 33.4416 0.200831
33.236 32.6338 0.204909
33.5202 32.9807 0.202414
33.5202 32.9807 0.202414
33.5202 32.9807 0.202414
33.5202 32.9807 0.202414
32.4173 32.9971 0.216167
32.4173 32.9971 0.216167
32.4173 32.9971 0.216167
32.4173 32.9971 0.216167
33.5509 33.0523 0.20426
33.1296 32.6886 0.190918
32.6894 33.2491 0.206595
32.6894 33.2491 0.206595
32.6894 33.2491 0.206595
32.6894 33.2491 0.206595
32.6894 33.2491 0.206595
32.6894 33.2491 0.206595
33.1788 33.0152 0.198989
32.5517 32.957 0.203327
