44.6577 44.5851 0.170055
54.9251 54.1441 0.141447
26.4694 26.3968 0.239085
75.2464 75.6655 0.116426
52.4489 52.1512 0.157302
57.139 57.2748 0.136187
47.8832 48.22 0.159838
7.76867 7.80736 0.344634
32.9867 32.975 0.19424
52.0378 52.8689 0.153841
66.2602 66.3129 0.113796
36.8631 37.1039 0.180969
58.355 58.3798 0.149322
7.76867 7.80736 0.344634
7.76867 7.80736 0.344634
75.6855 74.9238 0.0978256
43.3624 43.1878 0.186984
46.703 46.1539 0.173539
9.75382 8.97282 0.30782
53.7174 52.806 0.159456
9.22828 9.25309 0.302213
10.1126 10.2139 0.294161
59.8474 59.6523 0.116285
11.9624 12.0525 0.304642
51.7232 51.7795 0.145452
27.641 28.0375 0.242506
35.3149 36.0773 0.203059
32.7507 33.5131 0.205309
26.1813 26.1325 0.242214
77.729 77.091 0.104162
32.9867 32.975 0.19424
81.1004 81.4918 0.101123
24.0654 23.9651 0.270039
25.9579 26.0593 0.228832
66.4424 66.3506 0.124353
55.2546 55.8532 0.146988
64.6694 64.3199 0.125939
6.26297 5.93353 0.0169025
13.3332 13.3111 0.296966
24.5492 24.3814 0.235597
15.8888 15.7885 0.324489
15.5643 15.9557 0.307769
81.9043 81.7088 0.108653
50.8006 49.7109 0.183161
84.4657 85.0813 0.0838051
32.9867 32.975 0.19424
22.683 22.7532 0.264134
22.683 22.7532 0.264134
16.0716 15.1602 0.320489
22.2132 21.7731 0.255546
37.6007 37.2314 0.221086
16.3974 16.354 0.296558
26.1582 26.495 0.24146
65.3895 65.7958 0.125388
74.1862 74.4886 0.115835
32.9867 32.975 0.19424
58.3884 58.8644 0.148393
36.701 36.6893 0.183929
58.3686 58.4212 0.148593
33.9152 34.2175 0.219411
11.9624 12.0525 0.304642
69.049 69.1793 0.104342
24.0654 23.9651 0.270039
20.5183 20.1938 0.271574
30.6947 30.7218 0.218197
9.38676 9.21869 0.309483
53.2279 53.7149 0.12647
31.4839 31.8388 0.201705
7.76867 7.80736 0.344634
22.2132 21.7731 0.255546
26.4694 26.3968 0.239085
54.0428 53.8477 0.147964
83.288 83.5287 0.073099
6.26867 7.09974 0.304316
30.0577 29.3271 0.216039
11.3271 11.9821 0.313649
14.0762 13.8435 0.277601
71.8291 71.796 0.105311
18.298 17.9685 0.298419
11.3271 11.9821 0.313649
30.0577 29.3271 0.216039
74.488 74.7616 0.116559
25.1179 25.0261 0.255791
11.3271 11.9821 0.313649
30.0577 29.3271 0.216039
46.6861 46.5659 0.176038
61.4567 61.2976 0.144794
39.0225 39.5091 0.159494
55.1923 55.4568 0.148509
61.875 60.8515 0.121686
24.0514 24.0696 0.253401
26.1693 26.5756 0.238898
7.76867 7.80736 0.344634
9.38676 9.21869 0.309483
34.6982 34.6865 0.183086
23.631 23.794 0.277553
36.6415 37.1175 0.189836
69.1825 68.8847 0.100427
9.22828 9.25309 0.302213
31.9523 31.9993 0.190278
28.3994 28.513 0.221715
28.3994 28.513 0.221715
28.3994 28.513 0.221715
28.3994 28.513 0.221715
28.3994 28.513 0.221715
28.3994 28.513 0.221715
28.3994 28.513 0.221715
28.3994 28.513 0.221715
28.3994 28.513 0.221715
28.3994 28.513 0.221715
28.3994 28.513 0.221715
28.3994 28.513 0.221715
28.3994 28.513 0.221715
28.3994 28.513 0.221715
28.3994 28.513 0.221715
28.3994 28.513 0.221715
28.3994 28.513 0.221715
28.3994 28.513 0.221715
28.3994 28.513 0.221715
28.3994 28.513 0.221715
28.3994 28.513 0.221715
28.3994 28.513 0.221715
28.3994 28.513 0.221715
28.3994 28.513 0.221715
28.3994 28.513 0.221715
28.3994 28.513 0.221715
28.1003 28.0434 0.236959
28.1003 28.0434 0.236959
28.1003 28.0434 0.236959
28.1003 28.0434 0.236959
28.1003 28.0434 0.236959
28.1003 28.0434 0.236959
28.1003 28.0434 0.236959
28.1003 28.0434 0.236959
28.1003 28.0434 0.236959
28.1003 28.0434 0.236959
28.1003 28.0434 0.236959
28.1003 28.0434 0.236959
28.1003 28.0434 0.236959
28.1003 28.0434 0.236959
28.1003 28.0434 0.236959
28.1003 28.0434 0.236959
28.1003 28.0434 0.236959
28.1003 28.0434 0.236959
28.1003 28.0434 0.236959
28.1003 28.0434 0.236959
28.1003 28.0434 0.236959
28.1003 28.0434 0.236959
30.0099 30.2446 0.231235
30.0099 30.2446 0.231235
30.0099 30.2446 0.231235
30.0099 30.2446 0.231235
30.0099 30.2446 0.231235
30.0099 30.2446 0.231235
30.0099 30.2446 0.231235
30.0099 30.2446 0.231235
30.0099 30.2446 0.231235
30.0099 30.2446 0.231235
30.0099 30.2446 0.231235
30.0099 30.2446 0.231235
30.0099 30.2446 0.231235
30.0099 30.2446 0.231235
30.0099 30.2446 0.231235
30.0099 30.2446 0.231235
30.0099 30.2446 0.231235
30.0099 30.2446 0.231235
30.0099 30.2446 0.231235
30.0099 30.2446 0.231235
30.0099 30.2446 0.231235
30.0099 30.2446 0.231235
30.0099 30.2446 0.231235
30.0099 30.2446 0.231235
30.0099 30.2446 0.231235
30.0099 30.2446 0.231235
30.0099 30.2446 0.231235
30.0099 30.2446 0.231235
30.0099 30.2446 0.231235
30.0099 30.2446 0.231235
30.0099 30.2446 0.231235
30.0099 30.2446 0.231235
30.0099 30.2446 0.231235
30.0099 30.2446 0.231235
30.0099 30.2446 0.231235
30.0099 30.2446 0.231235
30.0099 30.2446 0.231235
30.0099 30.2446 0.231235
30.0099 30.2446 0.231235
30.0099 30.2446 0.231235
30.0099 30.2446 0.231235
30.0099 30.2446 0.231235
30.0099 30.2446 0.231235
30.0099 30.2446 0.231235
30.0099 30.2446 0.231235
30.0099 30.2446 0.231235
30.0099 30.2446 0.231235
30.0099 30.2446 0.231235
30.0099 30.2446 0.231235
30.0099 30.2446 0.231235
30.0099 30.2446 0.231235
30.0099 30.2446 0.231235
65.2168 65.3608 0.08374
65.2168 65.3608 0.08374
65.2168 65.3608 0.08374
65.2168 65.3608 0.08374
65.2168 65.3608 0.08374
65.2168 65.3608 0.08374
65.2168 65.3608 0.08374
65.2168 65.3608 0.08374
65.2168 65.3608 0.08374
65.2168 65.3608 0.08374
65.4031 65.2263 0.11056
65.0199 65.6618 0.109265
64.7866 65.4625 0.106087
64.7866 65.4625 0.106087
64.7866 65.4625 0.106087
64.7866 65.4625 0.106087
64.7866 65.4625 0.106087
64.7866 65.4625 0.106087
64.7866 65.4625 0.106087
64.7866 65.4625 0.106087
65.2192 65.4954 0.092216
65.2192 65.4954 0.092216
65.2192 65.4954 0.092216
65.2192 65.4954 0.092216
65.3862 65.0455 0.105309
65.3998 65.8134 0.11041
65.3998 65.8134 0.11041
65.3998 65.8134 0.11041
65.3998 65.8134 0.11041
65.3998 65.8134 0.11041
65.3998 65.8134 0.11041
65.3998 65.8134 0.11041
65.3998 65.8134 0.11041
65.3998 65.8134 0.11041
65.3998 65.8134 0.11041
65.3998 65.8134 0.11041
65.3998 65.8134 0.11041
65.1169 64.7998 0.111344
65.1169 64.7998 0.111344
65.1169 64.7998 0.111344
65.1169 64.7998 0.111344
65.1169 64.7998 0.111344
65.1169 64.7998 0.111344
65.4754 65.601 0.10596
65.4754 65.601 0.10596
65.4754 65.601 0.10596
65.6944 65.2436 0.11618
65.6944 65.2436 0.11618
65.6944 65.2436 0.11618
65.6944 65.2436 0.11618
65.364 65.5719 0.108743
65.364 65.5719 0.108743
65.364 65.5719 0.108743
65.364 65.5719 0.108743
65.364 65.5719 0.108743
65.364 65.5719 0.108743
65.364 65.5719 0.108743
65.5105 65.4245 0.119547
65.5105 65.4245 0.119547
65.5105 65.4245 0.119547
65.5105 65.4245 0.119547
65.5105 65.4245 0.119547
65.5105 65.4245 0.119547
65.5105 65.4245 0.119547
65.5105 65.4245 0.119547
65.5105 65.4245 0.119547
65.5105 65.4245 0.119547
65.5105 65.4245 0.119547
65.5105 65.4245 0.119547
65.5105 65.4245 0.119547
65.1735 64.9888 0.10515
65.1735 64.9888 0.10515
65.1735 64.9888 0.10515
65.1735 64.9888 0.10515
65.1735 64.9888 0.10515
65.1735 64.9888 0.10515
65.1735 64.9888 0.10515
65.1735 64.9888 0.10515
50.583 50.3 0.169861
50.583 50.3 0.169861
50.583 50.3 0.169861
50.8676 50.3128 0.169534
50.8676 50.3128 0.169534
50.8676 50.3128 0.169534
50.8676 50.3128 0.169534
50.8676 50.3128 0.169534
50.8676 50.3128 0.169534
50.8676 50.3128 0.169534
50.8676 50.3128 0.169534
50.8676 50.3128 0.169534
13.4188 13.5186 0.310817
72.9707 73.4584 0.0863782
73.3978 73.5703 0.102221
72.5261 73.3682 0.108708
72.9226 72.8923 0.0932562
72.9226 72.8923 0.0932562
73.2385 73.2099 0.0986816
73.2385 73.2099 0.0986816
73.2385 73.2099 0.0986816
73.2385 73.2099 0.0986816
