20.0698 20.4067 0.249354
20.9975 20.802 0.281958
17.2035 17.437 0.27525
17.5553 17.4006 0.254672
9.16539 9.652 0.294968
9.75382 8.97282 0.30782
20.4404 20.911 0.273662
14.9372 15.478 0.295899
9.00312 8.8353 0.307807
19.0876 18.357 0.267841
17.4042 17.8942 0.284772
16.1507 15.8128 0.316045
18.9724 19.252 0.257804
14.0762 13.8435 0.277601
20.4432 20.6767 0.269184
14.7453 14.6678 0.281354
19.8943 19.5448 0.276576
10.1808 10.3834 0.298408
9.75382 8.97282 0.30782
20.1572 19.4266 0.254175
8.04784 7.85237 0.332648
10.5016 9.95256 0.308835
8.73661 9.07348 0.303305
16.1507 15.8128 0.316045
15.9913 16.3975 0.317726
10.8235 10.8798 0.310114
10.1126 10.2139 0.294161
11.4454 11.648 0.316461
18.0388 17.2771 0.264018
16.5589 16.1939 0.25512
12.5519 12.0508 0.297585
19.7253 19.1763 0.279894
15.196 15.163 0.280068
14.9508 14.654 0.284919
12.8344 12.7537 0.30069
14.0085 13.8404 0.28942
11.6142 11.2764 0.318521
10.4728 10.266 0.299113
15.4497 15.3771 0.290848
17.5483 17.4708 0.271696
14.0762 13.8435 0.277601
16.3348 15.9698 0.283498
9.38817 9.19904 0.313763
15.196 15.163 0.280068
13.3332 13.3111 0.296966
19.5242 19.7268 0.279834
8.10812 8.84108 0.344488
6.41059 6.44927 0.336636
19.6051 18.9954 0.28901
7.28648 7.68299 0.328781
22.4676 22.2725 0.271305
10.8235 10.8798 0.310114
9.22828 9.25309 0.302213
13.8849 13.8519 0.273875
20.7734 21.0142 0.25624
14.0084 14.2219 0.274043
13.8835 14.0193 0.283585
20.1765 21.0076 0.274155
12.8991 13.2541 0.307206
19.3748 19.0055 0.275815
18.9724 19.252 0.257804
7.77147 7.61535 0.299868
10.1126 10.2139 0.294161
17.7906 17.441 0.271897
20.3495 20.1787 0.27466
6.12699 6.26278 -0.00087697
16.3348 15.9698 0.283498
19.4517 19.1539 0.288362
20.7599 20.0293 0.271924
16.5589 16.1939 0.25512
14.6695 15.0063 0.289435
9.75382 8.97282 0.30782
15.0194 14.9863 0.283881
14.3047 14.2334 0.283516
20.2944 20.8352 0.273593
11.2283 11.1849 0.30566
5.95039 6.71278 0.00192008
11.3271 11.9821 0.313649
22.2809 22.7 0.2722
22.1423 21.2309 0.282797
11.6135 11.8469 0.320072
14.0084 14.2219 0.274043
13.3332 13.3111 0.296966
9.22828 9.25309 0.302213
14.9555 14.2265 0.292377
10.3778 10.4792 0.28731
8.04784 7.85237 0.332648
15.8112 16.2818 0.307003
14.6298 14.9667 0.282827
8.92775 9.20139 0.323956
8.47849 8.40586 0.311079
10.4728 10.266 0.299113
11.4454 11.648 0.316461
10.5016 9.95256 0.308835
20.6725 21.0093 0.267103
18.8795 19.3555 0.261025
11.8142 12.3041 0.329594
15.4822 15.9013 0.298858
6.4195 6.29928 0.00329886
14.9508 14.654 0.284919
9.54707 9.37244 0.310013
9.41646 9.39438 0.306127
9.6557 9.67395 0.297438
9.6557 9.67395 0.297438
9.6557 9.67395 0.297438
9.73601 9.5409 0.311832
12.4921 12.7056 0.292599
12.4921 12.7056 0.292599
12.4921 12.7056 0.292599
12.2138 12.4782 0.301504
12.2138 12.4782 0.301504
12.2138 12.4782 0.301504
12.2138 12.4782 0.301504
12.2138 12.4782 0.301504
12.2138 12.4782 0.301504
12.2138 12.4782 0.301504
12.2138 12.4782 0.301504
12.2138 12.4782 0.301504
12.2138 12.4782 0.301504
12.2138 12.4782 0.301504
12.2138 12.4782 0.301504
12.2138 12.4782 0.301504
12.2138 12.4782 0.301504
12.8172 12.6494 0.291375
12.8172 12.6494 0.291375
12.8172 12.6494 0.291375
12.0514 12.448 0.312761
12.0514 12.448 0.312761
12.0514 12.448 0.312761
12.0514 12.448 0.312761
12.0514 12.448 0.312761
12.4878 12.8247 0.301772
12.4878 12.8247 0.301772
12.7612 12.7794 0.295932
12.7612 12.7794 0.295932
12.7612 12.7794 0.295932
12.7612 12.7794 0.295932
13.0836 12.4456 0.303777
13.0836 12.4456 0.303777
13.0836 12.4456 0.303777
13.0836 12.4456 0.303777
13.0836 12.4456 0.303777
13.0836 12.4456 0.303777
12.3338 12.3586 0.300706
12.3338 12.3586 0.300706
12.3338 12.3586 0.300706
12.1098 12.6506 0.308262
12.1098 12.6506 0.308262
12.1098 12.6506 0.308262
12.1098 12.6506 0.308262
12.1098 12.6506 0.308262
12.2709 12.7575 0.293461
12.5295 12.4377 0.310533
12.5295 12.4377 0.310533
12.5295 12.4377 0.310533
12.5295 12.4377 0.310533
12.5295 12.4377 0.310533
12.5295 12.4377 0.310533
11.8421 12.179 0.301798
11.8421 12.179 0.301798
11.8421 12.179 0.301798
12.5753 11.8446 0.306593
12.5753 11.8446 0.306593
12.5753 11.8446 0.306593
12.5753 11.8446 0.306593
12.4359 12.8421 0.319055
12.4359 12.8421 0.319055
12.4359 12.8421 0.319055
12.4359 12.8421 0.319055
12.4359 12.8421 0.319055
12.4359 12.8421 0.319055
12.4359 12.8421 0.319055
12.799 12.7264 0.299398
12.799 12.7264 0.299398
12.799 12.7264 0.299398
12.799 12.7264 0.299398
12.799 12.7264 0.299398
12.799 12.7264 0.299398
12.799 12.7264 0.299398
12.3336 12.0091 0.306244
12.3336 12.0091 0.306244
12.3336 12.0091 0.306244
12.3336 12.0091 0.306244
12.3336 12.0091 0.306244
12.3336 12.0091 0.306244
12.3336 12.0091 0.306244
12.3336 12.0091 0.306244
12.3336 12.0091 0.306244
12.3336 12.0091 0.306244
12.5556 12.5943 0.323169
12.6766 12.1275 0.303818
12.0905 12.2931 0.300242
12.0905 12.2931 0.300242
12.0905 12.2931 0.300242
12.0905 12.2931 0.300242
12.0905 12.2931 0.300242
12.0905 12.2931 0.300242
12.0905 12.2931 0.300242
12.0905 12.2931 0.300242
12.0905 12.2931 0.300242
21.8629 22.0741 0.270799
21.8629 22.0741 0.270799
22.375 21.9009 0.272798
21.689 21.9978 0.275989
22.305 21.9603 0.260933
22.305 21.9603 0.260933
21.989 21.9203 0.263323
21.6363 22.1054 0.265476
22.3525 21.7413 0.273537
22.4872 21.5554 0.27421
21.6938 22.0414 0.260749
21.6938 22.0414 0.260749
22.4026 22.1307 0.278933
22.3278 22.3262 0.254628
22.0804 22.1318 0.27469
22.0804 22.1318 0.27469
22.0804 22.1318 0.27469
22.5353 22.4579 0.261335
22.4688 21.7899 0.248591
21.9236 22.2813 0.260657
21.9236 22.2813 0.260657
22.5041 22.5581 0.267011
21.979 22.1028 0.250911
22.2463 21.9158 0.259246
22.2463 21.9158 0.259246
21.9601 22.2486 0.261912
21.9601 22.2486 0.261912
22.2732 21.6405 0.271761
22.4523 22.1958 0.272036
22.034 22.5946 0.237832
22.4518 21.9097 0.254425
22.4518 21.9097 0.254425
22.4518 21.9097 0.254425
22.3288 21.6646 0.251828
22.5497 22.1343 0.265812
22.0023 21.8832 0.262153
22.0023 21.8832 0.262153
21.7669 22.3953 0.267213
22.6174 22.1338 0.269048
22.6772 21.7854 0.280618
22.6772 21.7854 0.280618
22.5826 22.2889 0.25392
22.5826 22.2889 0.25392
22.5826 22.2889 0.25392
22.206 22.1125 0.288166
22.206 22.1125 0.288166
22.387 22.586 0.269542
22.0579 21.9473 0.243564
22.4397 22.0178 0.255267
22.4397 22.0178 0.255267
22.4651 22.4553 0.262084
21.9191 22.2501 0.271738
21.9191 22.2501 0.271738
21.9481 22.3014 0.267371
22.2897 22.0216 0.268689
22.2897 22.0216 0.268689
22.0027 21.7389 0.25135
22.4514 21.4238 0.257212
21.9047 22.3148 0.27726
21.9047 22.3148 0.27726
21.6466 22.2909 0.279816
21.8948 22.3411 0.267007
21.7734 21.8707 0.270088
22.0032 22.2884 0.258658
22.0032 22.2884 0.258658
22.0032 22.2884 0.258658
22.1283 22.3176 0.275181
21.4855 22.3778 0.280847
22.1486 21.8564 0.267322
22.5137 22.3647 0.263929
21.8172 22.0238 0.259088
21.8172 22.0238 0.259088
22.5179 22.0373 0.240215
22.5179 22.0373 0.240215
21.9155 22.7132 0.267229
21.9155 22.7132 0.267229
22.1842 21.9911 0.268015
22.1962 21.947 0.275589
22.1962 21.947 0.275589
22.1707 21.8568 0.247075
21.9643 22.5921 0.258379
21.9492 21.9985 0.261276
21.7872 22.421 0.247695
22.1998 22.0259 0.252982
22.2137 22.0575 0.28603
22.123 21.5567 0.280263
22.123 21.5567 0.280263
21.7995 22.1219 0.252258
21.7805 22.1039 0.278701
21.7805 22.1039 0.278701
22.0632 22.0912 0.252271
22.0632 22.0912 0.252271
22.3361 21.576 0.262354
21.99 22.162 0.275515
21.9773 22.6088 0.268465
22.1506 22.1757 0.269996
22.8184 22.3932 0.269364
22.8184 22.3932 0.269364
22.8184 22.3932 0.269364
22.4642 21.3431 0.252538
22.3317 22.2491 0.276604
21.9278 22.5282 0.260175
22.201 21.9501 0.26834
22.201 21.9501 0.26834
22.201 21.9501 0.26834
22.201 21.9501 0.26834
22.3911 22.2693 0.267776
21.8804 22.1071 0.284475
21.8804 22.1071 0.284475
22.0836 21.7207 0.255343
22.0836 21.7207 0.255343
22.1777 22.3583 0.256098
21.8543 22.0721 0.260998
21.8543 22.0721 0.260998
21.8543 22.0721 0.260998
22.2262 22.284 0.262803
22.2262 22.284 0.262803
22.069 22.1869 0.242174
22.1521 22.1107 0.272684
22.1521 22.1107 0.272684
21.7545 22.2888 0.279413
22.4105 22.3603 0.262434
22.4105 22.3603 0.262434
21.9011 22.1925 0.260787
22.0928 22.3017 0.252104
22.4532 22.0838 0.280575
22.4532 22.0838 0.280575
21.827 22.1792 0.273135
21.3572 22.246 0.262228
21.3572 22.246 0.262228
22.0812 21.8712 0.271545
22.0812 21.8712 0.271545
21.948 22.3498 0.255131
22.2471 22.5139 0.25021
22.2471 22.5139 0.25021
21.8604 22.1674 0.266846
21.7782 22.4319 0.260779
21.7782 22.4319 0.260779
21.7782 22.4319 0.260779
22.3477 22.1005 0.276021
22.3915 22.1675 0.264039
22.2645 21.7722 0.266377
21.746 22.2377 0.280128
22.3823 21.9555 0.261191
22.3823 21.9555 0.261191
22.5333 21.8763 0.277722
22.5333 21.8763 0.277722
22.0924 22.4401 0.2686
21.9768 22.557 0.277447
21.9462 21.9482 0.270297
22.1935 21.5323 0.266944
22.0684 22.0045 0.262359
22.3201 22.3838 0.259936
22.252 21.9397 0.247721
22.5349 21.9099 0.262511
21.9579 21.6907 0.256814
22.299 21.8364 0.265625
21.9875 22.3765 0.269021
21.9875 22.3765 0.269021
22.517 22.1311 0.266001
22.4447 22.3611 0.266288
22.0023 21.904 0.262335
22.0995 22.233 0.26545
22.0995 22.233 0.26545
21.6324 21.9265 0.25678
21.8572 22.3203 0.27126
22.0959 22.593 0.263631
22.0959 22.593 0.263631
22.1503 22.5832 0.25227
22.2759 22.279 0.262371
22.2759 22.279 0.262371
22.2759 22.279 0.262371
22.0708 22.1288 0.267203
22.2836 22.0002 0.276539
22.278 21.5045 0.269865
21.731 22.3753 0.250163
21.731 22.3753 0.250163
21.9124 22.3499 0.257462
21.9124 22.3499 0.257462
22.1551 22.9912 0.259937
22.1551 22.9912 0.259937
21.8331 22.3516 0.276876
21.8586 22.3217 0.275783
21.8586 22.3217 0.275783
22.1642 21.929 0.278754
21.9281 21.5344 0.278488
22.1305 22.3145 0.273075
22.3967 21.6863 0.272126
22.3967 21.6863 0.272126
22.0617 22.403 0.266752
21.8955 22.4275 0.269697
21.3936 22.0269 0.272198
22.2598 21.6799 0.255525
22.2598 21.6799 0.255525
22.2558 22.005 0.265351
21.9379 22.1531 0.263119
22.13 21.9682 0.265668
22.0838 22.1884 0.257353
22.382 21.8952 0.259629
22.5765 21.865 0.260844
22.1633 21.7178 0.262599
22.02 22.2486 0.286959
22.3285 22.0559 0.25049
21.8351 22.4532 0.267869
21.7735 21.7147 0.278788
21.7735 21.7147 0.278788
22.0006 22.0314 0.255785
21.9787 21.9237 0.265846
21.9787 21.9237 0.265846
22.1539 22.2016 0.24118
22.15 22.4827 0.267952
22.5645 21.7379 0.265767
22.291 22.3757 0.284746
22.291 22.3757 0.284746
22.1853 21.9872 0.254793
22.462 22.3729 0.255847
22.462 22.3729 0.255847
21.8486 22.1901 0.277692
21.6908 22.1361 0.252791
22.3512 21.8894 0.265462
22.3512 21.8894 0.265462
22.3512 21.8894 0.265462
22.3512 21.8894 0.265462
21.9931 21.639 0.257761
22.0982 21.5382 0.267117
22.0982 21.5382 0.267117
22.1899 21.9331 0.281661
22.2939 22.1126 0.276038
22.63 22.0363 0.259028
21.8483 22.2626 0.270092
21.6563 22.5052 0.261384
21.3771 22.354 0.256633
21.3771 22.354 0.256633
21.3771 22.354 0.256633
21.9519 22.0419 0.233594
21.9519 22.0419 0.233594
22.0831 22.2924 0.255498
22.0848 22.4992 0.251377
21.7829 22.1355 0.245155
21.7829 22.1355 0.245155
21.6989 22.2638 0.271196
22.1559 21.5838 0.265957
22.1559 21.5838 0.265957
22.1559 21.5838 0.265957
21.739 22.5671 0.276364
22.064 22.0845 0.249925
21.7788 22.3748 0.263865
21.7666 22.368 0.259801
22.0718 22.2734 0.260902
22.0718 22.2734 0.260902
22.6109 22.5593 0.255912
22.6109 22.5593 0.255912
22.0261 21.9149 0.259708
22.4207 22.1586 0.282291
22.4207 22.1586 0.282291
22.3391 21.9981 0.261953
22.1855 22.3687 0.265319
21.8592 22.2043 0.255618
21.9726 22.3867 0.270285
21.9726 22.3867 0.270285
22.1742 22.1913 0.249583
22.1742 22.1913 0.249583
21.9641 21.6438 0.268057
21.9641 21.6438 0.268057
22.2282 22.3604 0.278971
21.6245 22.1607 0.267078
22.5151 21.8238 0.262231
22.0699 22.097 0.278665
22.0699 22.097 0.278665
22.31 22.1245 0.271089
22.117 22.0669 0.252092
22.117 22.0669 0.252092
22.0877 21.8495 0.255347
22.4725 21.7791 0.267252
22.3564 22.4791 0.264687
22.3564 22.4791 0.264687
22.6994 22.0007 0.26573
22.6994 22.0007 0.26573
22.0927 22.0368 0.269303
22.0927 22.0368 0.269303
22.4537 22.5853 0.257181
22.4537 22.5853 0.257181
21.5332 22.1231 0.260055
22.3647 22.1424 0.273106
21.9026 22.0615 0.279271
22.1881 22.2585 0.262864
21.8701 21.7297 0.270413
21.965 22.2304 0.251685
21.819 22.2633 0.28101
21.819 22.2633 0.28101
21.7337 22.6523 0.265947
21.7337 22.6523 0.265947
21.97 22.0336 0.258343
21.97 22.0336 0.258343
21.6917 22.1554 0.274663
21.8138 22.2435 0.27
21.8138 22.2435 0.27
22.3698 21.743 0.271588
22.6878 22.4893 0.253808
22.6383 21.916 0.273929
22.6383 21.916 0.273929
21.8334 22.0117 0.270141
21.8116 22.2872 0.267727
22.0739 21.6855 0.261795
22.1156 21.9945 0.271571
22.1156 21.9945 0.271571
22.8978 21.689 0.269538
22.8978 21.689 0.269538
22.1903 21.6357 0.262484
22.361 21.6196 0.259089
22.3936 22.0758 0.264935
21.7287 22.2137 0.2535
22.3718 22.1509 0.245374
21.844 21.3062 0.263301
21.6631 21.8735 0.257109
21.8452 22.2035 0.260035
21.7476 22.3136 0.266252
21.9395 21.8551 0.266999
21.9395 21.8551 0.266999
22.038 22.0948 0.263314
22.2351 22.1119 0.273909
22.2805 21.4934 0.278259
22.2805 21.4934 0.278259
21.9688 22.0622 0.266673
21.9688 22.0622 0.266673
21.9688 22.0622 0.266673
22.1899 22.0334 0.262641
21.7855 22.5514 0.275866
21.7855 22.5514 0.275866
22.3618 22.5276 0.259803
22.0941 22.1552 0.274245
22.0125 22.7109 0.273752
22.0125 22.7109 0.273752
22.0125 22.7109 0.273752
22.5589 22.4665 0.258116
22.5589 22.4665 0.258116
21.6301 21.9762 0.274319
22.021 21.7467 0.262788
22.021 21.7467 0.262788
22.0207 21.9388 0.263183
22.5155 22.3104 0.271495
22.5366 21.7538 0.275617
22.5762 22.1883 0.267099
21.6073 21.7148 0.268295
21.6635 22.1926 0.265461
21.8383 21.9586 0.255177
21.9425 22.0471 0.259159
22.7186 22.2678 0.280303
22.7186 22.2678 0.280303
22.7186 22.2678 0.280303
22.5661 21.8686 0.278262
22.0411 22.0373 0.25513
21.7694 22.2429 0.259407
21.9585 21.8044 0.260068
22.2175 22.8402 0.285349
22.7151 21.6637 0.26736
22.3431 22.3438 0.273576
21.488 21.8248 0.254326
21.488 21.8248 0.254326
22.3891 22.0421 0.26375
22.1588 22.3782 0.260919
22.1588 22.3782 0.260919
22.1622 22.042 0.265455
21.8189 21.9123 0.254411
22.5331 21.7313 0.264309
21.9356 22.6036 0.263888
22.0085 22.2922 0.269549
22.2739 22.0106 0.268997
22.2739 22.0106 0.268997
22.1823 21.9155 0.271056
22.1823 21.9155 0.271056
22.0446 22.5005 0.26822
22.4754 22.2277 0.264731
22.3135 22.1243 0.271069
22.1609 21.3673 0.25259
21.9145 22.2008 0.264213
21.7709 22.2752 0.249851
22.0862 21.8658 0.258181
22.2658 22.2335 0.270646
22.2246 22.212 0.282923
22.3199 22.5312 0.257716
22.3199 22.5312 0.257716
22.3199 22.5312 0.257716
21.9656 21.8303 0.2682
21.9656 21.8303 0.2682
21.9021 22.4576 0.246039
21.6941 21.7727 0.256126
21.9392 22.1 0.255869
21.9392 22.1 0.255869
22.1174 22.5486 0.266759
22.1412 22.0889 0.278734
22.0362 21.9468 0.271962
21.9458 22.2585 0.255801
21.892 21.8891 0.267466
21.892 21.8891 0.267466
21.892 21.8891 0.267466
21.892 21.8891 0.267466
21.7589 22.5376 0.277032
22.5253 22.174 0.262815
22.1064 21.8763 0.268193
22.1569 21.8358 0.254313
22.1569 21.8358 0.254313
21.744 22.4536 0.273563
22.5924 22.4836 0.271291
22.1092 21.3957 0.26835
21.8539 22.3031 0.261718
22.0133 22.4036 0.257226
22.0379 22.3271 0.280773
22.0379 22.3271 0.280773
22.0393 22.5352 0.261403
22.228 22.0538 0.260298
22.2243 21.6432 0.270412
22.2458 22.4788 0.28523
22.5489 22.7961 0.260502
22.0635 21.974 0.259745
22.3972 21.83 0.265525
22.2066 21.932 0.268693
22.2066 21.932 0.268693
22.2066 21.932 0.268693
21.587 21.8221 0.269096
22.1422 21.924 0.271013
21.6261 22.41 0.27435
22.2088 21.9779 0.26244
22.6121 21.8134 0.291488
22.6121 21.8134 0.291488
22.2348 22.4136 0.271104
21.9797 22.1331 0.259446
21.9797 22.1331 0.259446
22.1824 22.3864 0.256972
22.6855 22.6484 0.257334
22.6855 22.6484 0.257334
22.272 22.3525 0.265474
22.272 22.3525 0.265474
21.6142 21.9997 0.263936
21.6142 21.9997 0.263936
22.076 22.2497 0.25667
22.076 22.2497 0.25667
22.4786 22.2499 0.24498
22.2377 22.4124 0.270975
22.2377 22.4124 0.270975
21.7528 22.0179 0.255069
21.8048 22.1819 0.261895
21.8048 22.1819 0.261895
21.8048 22.1819 0.261895
21.8048 22.1819 0.261895
22.1587 21.8713 0.277683
22.6216 22.4192 0.262431
21.4306 22.2344 0.275573
21.4306 22.2344 0.275573
22.1393 22.402 0.260802
22.0699 22.0342 0.276293
21.6516 21.8119 0.292494
21.6516 21.8119 0.292494
21.6516 21.8119 0.292494
22.1201 22.0559 0.260789
22.1156 21.86 0.255722
21.8788 22.3044 0.266689
21.8788 22.3044 0.266689
22.3624 22.1839 0.270535
22.1905 21.6214 0.243166
22.426 22.3273 0.263156
22.2737 21.831 0.28206
22.1174 21.7138 0.247678
21.7683 22.2684 0.281292
22.1891 21.9725 0.262735
22.48 22.5422 0.275581
22.3168 22.4619 0.273814
22.3168 22.4619 0.273814
21.8968 22.4441 0.278111
22.553 21.8264 0.27979
22.0652 21.8308 0.268602
21.6652 21.8725 0.251075
22.1148 22.0318 0.256252
22.196 22.0408 0.280264
22.4634 22.1992 0.272737
22.4634 22.1992 0.272737
22.5517 21.9373 0.262836
21.687 21.9192 0.263966
21.7694 21.669 0.269179
22.2097 22.8706 0.264362
21.2736 22.2999 0.26234
21.9557 22.2242 0.259712
22.0698 21.7398 0.249262
22.0698 21.7398 0.249262
21.9213 21.8875 0.239959
22.4546 22.0719 0.266206
22.4546 22.0719 0.266206
22.4096 21.815 0.260686
21.9173 22.2952 0.269128
22.1612 21.8631 0.248469
22.1612 21.8631 0.248469
22.885 21.7596 0.274167
22.5289 22.53 0.273938
22.0246 22.0613 0.26572
22.205 22.1252 0.254168
21.9943 22.1178 0.267221
22.1908 21.7894 0.275281
21.6733 22.3051 0.257921
21.838 21.8029 0.259028
21.838 21.8029 0.259028
21.6201 22.2831 0.277197
22.2324 22.8965 0.260009
22.2324 22.8965 0.260009
22.6537 22.5714 0.265373
22.4585 21.8883 0.264301
22.2118 21.5956 0.269844
22.4221 21.8838 0.257745
22.3768 22.0354 0.243102
22.3768 22.0354 0.243102
22.3768 22.0354 0.243102
22.4575 22.7197 0.266355
22.1665 21.807 0.274216
22.0737 21.4599 0.281929
22.0737 21.4599 0.281929
21.9763 21.9741 0.273058
22.0177 22.411 0.273654
22.0177 22.411 0.273654
22.0177 22.411 0.273654
22.5772 22.0251 0.270913
21.9648 22.4338 0.26446
22.0639 21.6525 0.280534
22.0639 21.6525 0.280534
21.6889 22.392 0.262975
21.6889 22.392 0.262975
21.8119 21.8559 0.25488
22.2054 22.6662 0.25997
21.9644 22.5076 0.262833
22.5511 22.5985 0.260381
21.8737 22.2135 0.26006
22.0144 22.541 0.249444
22.0303 22.2416 0.258695
22.0669 22.5477 0.26151
22.1688 21.7263 0.245829
21.9736 22.2163 0.251321
22.0037 21.7211 0.238749
22.5032 22.0155 0.258333
22.5032 22.0155 0.258333
22.1947 22.2145 0.266253
22.4883 21.8824 0.246517
21.7992 22.2221 0.271038
22.2491 21.9795 0.263166
22.4598 22.0303 0.259725
22.4598 22.0303 0.259725
22.0649 22.0722 0.254608
22.0649 22.0722 0.254608
22.0543 22.1678 0.253339
22.4239 22.5304 0.280592
21.9016 22.1005 0.254016
21.8869 21.5751 0.265963
21.8869 21.5751 0.265963
22.1695 22.1106 0.287321
22.3234 21.7273 0.264017
21.7682 22.5111 0.261284
21.7682 22.5111 0.261284
21.5572 22.0158 0.268174
22.308 22.7158 0.263583
22.8972 22.1263 0.270992
22.3782 22.1516 0.255232
21.8095 22.144 0.256895
21.6368 22.6805 0.255227
22.4134 21.7411 0.278082
21.8059 22.4081 0.261458
21.8059 22.4081 0.261458
22.5302 21.7035 0.264079
22.6402 21.6193 0.277063
22.0198 22.392 0.247151
21.9143 22.094 0.258805
21.9143 22.094 0.258805
22.0411 22.0552 0.262452
21.7623 22.0658 0.239951
22.0156 22.4653 0.271706
21.9115 21.8883 0.260876
22.5342 22.4656 0.25669
22.143 22.3928 0.257381
22.143 22.3928 0.257381
22.143 22.3928 0.257381
22.143 22.3928 0.257381
21.5912 22.1091 0.260601
21.5912 22.1091 0.260601
22.2669 22.3413 0.26949
21.7655 21.5989 0.275726
22.3646 22.0176 0.275209
22.4486 22.2768 0.234249
22.2206 21.7761 0.285758
21.7732 22.4651 0.268631
22.3094 22.2543 0.269528
22.6036 21.848 0.25337
21.866 22.2797 0.263171
22.1066 22.6154 0.252888
22.4189 22.6621 0.276482
22.1139 21.7865 0.271451
22.3832 21.9657 0.266915
22.3832 21.9657 0.266915
22.2689 22.1441 0.269908
22.2689 22.1441 0.269908
22.2689 22.1441 0.269908
22.3581 22.2205 0.259177
22.2315 22.1616 0.2655
22.3223 21.8038 0.271082
21.7605 22.7776 0.263162
22.4822 22.2403 0.274014
22.0084 21.7872 0.285794
21.9137 22.4152 0.262696
22.2894 22.2272 0.26439
22.0851 22.59 0.259491
22.0291 21.778 0.265646
22.6865 21.9842 0.27298
22.4711 21.5747 0.284388
22.4711 21.5747 0.284388
21.8787 22.2686 0.266669
22.3307 21.859 0.277751
22.0728 22.3498 0.250725
22.0728 22.3498 0.250725
21.7353 21.897 0.269306
21.7353 21.897 0.269306
21.9983 21.7923 0.263813
23.0585 22.1104 0.269931
22.3215 21.9587 0.27357
22.3215 21.9587 0.27357
22.0025 21.8724 0.263157
22.0025 21.8724 0.263157
22.3352 22.4619 0.275357
21.922 22.0779 0.266444
21.8432 22.2091 0.268545
22.2676 22.054 0.253721
22.5887 21.56 0.255535
22.152 22.8023 0.264267
22.152 22.8023 0.264267
7.89024 7.54457 0.330363
7.476 7.89427 0.311304
7.476 7.89427 0.311304
7.476 7.89427 0.311304
7.87571 7.0914 0.333629
7.87571 7.0914 0.333629
7.87571 7.0914 0.333629
7.87571 7.0914 0.333629
7.87571 7.0914 0.333629
7.87571 7.0914 0.333629
7.87571 7.0914 0.333629
7.87571 7.0914 0.333629
7.77799 7.12934 0.321387
7.77799 7.12934 0.321387
7.77799 7.12934 0.321387
7.77799 7.12934 0.321387
7.77799 7.12934 0.321387
7.77799 7.12934 0.321387
7.77799 7.12934 0.321387
6.53242 6.96412 0.297608
6.53242 6.96412 0.297608
6.53242 6.96412 0.297608
6.66762 6.77182 0.294221
6.66762 6.77182 0.294221
6.66762 6.77182 0.294221
6.66762 6.77182 0.294221
6.66762 6.77182 0.294221
6.66762 6.77182 0.294221
6.66762 6.77182 0.294221
6.66762 6.77182 0.294221
6.66762 6.77182 0.294221
6.66762 6.77182 0.294221
6.66762 6.77182 0.294221
6.60703 6.75257 0.299973
6.60703 6.75257 0.299973
6.60703 6.75257 0.299973
6.60703 6.75257 0.299973
6.60703 6.75257 0.299973
6.60703 6.75257 0.299973
6.60703 6.75257 0.299973
6.60703 6.75257 0.299973
6.60703 6.75257 0.299973
6.60703 6.75257 0.299973
6.81721 7.4308 0.286161
6.81721 7.4308 0.286161
6.81721 7.4308 0.286161
6.81721 7.4308 0.286161
6.81721 7.4308 0.286161
6.81721 7.4308 0.286161
6.81721 7.4308 0.286161
6.81721 7.4308 0.286161
6.81721 7.4308 0.286161
6.93216 7.00193 0.298712
6.93216 7.00193 0.298712
6.93216 7.00193 0.298712
6.93216 7.00193 0.298712
6.93216 7.00193 0.298712
6.93216 7.00193 0.298712
6.93216 7.00193 0.298712
6.61795 6.59937 0.293653
6.61795 6.59937 0.293653
6.61795 6.59937 0.293653
6.61795 6.59937 0.293653
6.78728 6.95984 0.29794
6.63332 6.5266 0.300818
6.63332 6.5266 0.300818
6.63332 6.5266 0.300818
6.63332 6.5266 0.300818
6.63332 6.5266 0.300818
6.63332 6.5266 0.300818
6.63332 6.5266 0.300818
6.63332 6.5266 0.300818
6.63332 6.5266 0.300818
6.63332 6.5266 0.300818
6.63332 6.5266 0.300818
6.63332 6.5266 0.300818
6.63332 6.5266 0.300818
6.63332 6.5266 0.300818
6.63332 6.5266 0.300818
6.63332 6.5266 0.300818
6.63332 6.5266 0.300818
6.63332 6.5266 0.300818
6.63332 6.5266 0.300818
6.63332 6.5266 0.300818
6.63332 6.5266 0.300818
6.63332 6.5266 0.300818
6.63332 6.5266 0.300818
6.63332 6.5266 0.300818
6.63332 6.5266 0.300818
6.63332 6.5266 0.300818
6.63332 6.5266 0.300818
6.63332 6.5266 0.300818
6.84105 6.41879 0.302038
6.84105 6.41879 0.302038
6.84105 6.41879 0.302038
6.84105 6.41879 0.302038
6.84105 6.41879 0.302038
6.84105 6.41879 0.302038
6.84105 6.41879 0.302038
6.84105 6.41879 0.302038
6.70699 6.82731 0.301244
6.70699 6.82731 0.301244
6.70699 6.82731 0.301244
6.70699 6.82731 0.301244
6.93263 6.2149 0.298844
6.93263 6.2149 0.298844
6.83227 7.18397 0.308942
6.83227 7.18397 0.308942
6.83227 7.18397 0.308942
6.83227 7.18397 0.308942
6.83227 7.18397 0.308942
6.83227 7.18397 0.308942
6.83227 7.18397 0.308942
6.83227 7.18397 0.308942
6.83227 7.18397 0.308942
6.83227 7.18397 0.308942
6.83227 7.18397 0.308942
6.83227 7.18397 0.308942
6.83227 7.18397 0.308942
6.83227 7.18397 0.308942
6.83227 7.18397 0.308942
6.83227 7.18397 0.308942
6.31898 6.95303 0.302864
6.31898 6.95303 0.302864
6.91844 7.16013 0.295534
6.91844 7.16013 0.295534
6.4554 6.01948 0.298766
6.4554 6.01948 0.298766
6.4554 6.01948 0.298766
6.4554 6.01948 0.298766
6.4554 6.01948 0.298766
6.32531 6.99748 0.316417
5.90886 7.00496 0.305543
5.90886 7.00496 0.305543
5.90886 7.00496 0.305543
5.90886 7.00496 0.305543
5.90886 7.00496 0.305543
6.738 6.56346 0.282544
6.738 6.56346 0.282544
6.738 6.56346 0.282544
6.738 6.56346 0.282544
6.738 6.56346 0.282544
6.738 6.56346 0.282544
6.738 6.56346 0.282544
6.738 6.56346 0.282544
6.738 6.56346 0.282544
6.738 6.56346 0.282544
6.738 6.56346 0.282544
6.738 6.56346 0.282544
6.738 6.56346 0.282544
6.738 6.56346 0.282544
6.85346 6.93738 0.305889
6.25159 6.29939 0.303098
6.7463 6.88481 0.307905
6.7463 6.88481 0.307905
6.7463 6.88481 0.307905
6.62533 6.64393 0.313971
6.62533 6.64393 0.313971
6.58137 6.89087 0.289935
6.58137 6.89087 0.289935
6.58137 6.89087 0.289935
6.58137 6.89087 0.289935
6.58137 6.89087 0.289935
6.58137 6.89087 0.289935
6.58137 6.89087 0.289935
6.58137 6.89087 0.289935
6.58137 6.89087 0.289935
6.41132 6.45603 0.300189
6.41132 6.45603 0.300189
6.75938 6.72031 0.301475
6.75938 6.72031 0.301475
6.75938 6.72031 0.301475
6.75938 6.72031 0.301475
6.75938 6.72031 0.301475
6.75938 6.72031 0.301475
20.7053 20.9519 0.258501
20.7774 20.2429 0.275419
20.7774 20.2429 0.275419
20.862 20.8123 0.280561
20.9063 20.8306 0.26774
20.5465 20.8473 0.26979
20.5465 20.8473 0.26979
20.4304 20.5011 0.279808
20.4197 20.52 0.271794
20.4197 20.52 0.271794
20.568 20.5784 0.273108
20.6124 20.4548 0.264847
20.6124 20.4548 0.264847
20.2411 20.8268 0.269824
20.4741 20.7514 0.280079
21.0394 20.5395 0.259246
20.6306 20.7215 0.26388
20.6306 20.7215 0.26388
21.2665 20.6438 0.264038
20.8161 20.6193 0.276699
21.0155 20.9678 0.272871
21.0155 20.9678 0.272871
21.0155 20.9678 0.272871
20.5108 20.7368 0.277552
20.5108 20.7368 0.277552
20.4336 20.7408 0.266081
20.346 20.7696 0.25932
20.2046 20.7048 0.269811
20.6771 20.0541 0.272697
20.6771 20.0541 0.272697
20.7444 20.7725 0.280878
20.7444 20.7725 0.280878
21.0395 20.9072 0.263441
20.4294 20.9412 0.278267
20.4294 20.9412 0.278267
20.7841 20.6299 0.267146
20.7208 20.7804 0.261695
20.7208 20.7804 0.261695
20.0088 20.3691 0.255328
21.0192 20.3029 0.266389
21.1699 20.8726 0.28471
20.8485 20.7321 0.26382
20.8485 20.7321 0.26382
20.8485 20.7321 0.26382
20.5979 20.2684 0.2653
21.2065 20.2936 0.247688
21.2065 20.2936 0.247688
20.7957 21.0594 0.2644
20.7957 21.0594 0.2644
20.7957 21.0594 0.2644
19.9819 20.7149 0.263635
20.2386 20.4883 0.285996
20.5664 20.9144 0.27369
20.8666 20.6949 0.268801
20.8666 20.6949 0.268801
20.8666 20.6949 0.268801
20.7699 20.625 0.281993
20.7699 20.625 0.281993
20.7699 20.625 0.281993
20.7699 20.625 0.281993
20.7699 20.625 0.281993
20.8323 20.4088 0.2834
20.8323 20.4088 0.2834
20.8323 20.4088 0.2834
20.9156 20.4672 0.261402
20.6121 20.7658 0.275032
20.6121 20.7658 0.275032
20.6121 20.7658 0.275032
20.6121 20.7658 0.275032
20.6121 20.7658 0.275032
20.6121 20.7658 0.275032
20.9402 20.1565 0.25377
20.9402 20.1565 0.25377
20.4872 20.5081 0.275138
20.2339 20.8533 0.246957
20.2339 20.8533 0.246957
20.7026 20.6956 0.253437
20.7026 20.6956 0.253437
21.1192 20.5206 0.263737
21.1192 20.5206 0.263737
20.7217 20.8666 0.285001
21.4371 21.1067 0.261971
20.608 20.6655 0.255493
20.608 20.6655 0.255493
20.6146 20.3641 0.271668
20.9456 20.3343 0.253193
20.5787 20.534 0.274374
20.9865 21.0819 0.2703
20.9865 21.0819 0.2703
20.7812 20.3373 0.266125
20.5357 20.65 0.265466
20.5357 20.65 0.265466
20.4135 20.96 0.271019
20.4135 20.96 0.271019
20.8845 20.2465 0.267268
20.778 20.7089 0.26198
20.8627 20.5713 0.258935
20.5688 20.1305 0.265796
20.5688 20.1305 0.265796
20.5688 20.1305 0.265796
20.6643 20.776 0.275421
20.7165 20.9204 0.255188
20.7863 20.6995 0.274482
20.9603 20.7947 0.27179
20.9603 20.7947 0.27179
20.387 20.7235 0.257224
20.858 20.3599 0.287742
20.6014 20.7144 0.263413
20.6723 20.4725 0.282683
20.5486 20.6543 0.281025
20.6166 20.2366 0.271595
20.6166 20.2366 0.271595
20.6166 20.2366 0.271595
20.3073 20.3673 0.278457
20.3073 20.3673 0.278457
20.3073 20.3673 0.278457
19.9891 20.5724 0.288863
20.6398 20.3972 0.25869
21.0496 20.3252 0.262257
20.7978 21.0702 0.255386
20.8285 20.8584 0.271503
20.437 20.4424 0.259081
20.437 20.4424 0.259081
20.437 20.4424 0.259081
20.1073 20.2332 0.265788
20.8067 20.6196 0.261468
20.8067 20.6196 0.261468
20.8067 20.6196 0.261468
20.7247 20.8703 0.275882
20.8043 20.6651 0.277541
20.8043 20.6651 0.277541
20.8043 20.6651 0.277541
21.0758 20.7062 0.275005
20.506 20.5476 0.263634
20.1969 20.2395 0.270631
20.1969 20.2395 0.270631
20.1969 20.2395 0.270631
20.2814 21.0689 0.284502
20.2814 21.0689 0.284502
20.2814 21.0689 0.284502
20.2814 21.0689 0.284502
20.2814 21.0689 0.284502
20.2814 21.0689 0.284502
21.1174 20.4627 0.267892
20.6966 20.562 0.265968
20.6966 20.562 0.265968
21.2047 21.1135 0.265868
21.2047 21.1135 0.265868
21.124 20.5413 0.259036
20.65 20.875 0.25831
20.5442 20.9339 0.264888
20.5405 21.4033 0.271073
20.8501 20.5916 0.274336
20.8501 20.5916 0.274336
20.8464 20.3089 0.27105
20.4177 20.6723 0.260055
20.4363 20.7724 0.265916
20.4363 20.7724 0.265916
20.8401 20.846 0.251859
20.3982 20.795 0.261495
20.8774 20.5268 0.271811
20.9473 20.6491 0.2779
20.1052 21.2167 0.291069
20.1052 21.2167 0.291069
20.8519 20.7737 0.265237
20.8519 20.7737 0.265237
20.8519 20.7737 0.265237
20.7268 20.3436 0.271515
20.1054 20.567 0.274692
20.1054 20.567 0.274692
20.4191 20.8006 0.259674
20.7523 20.4798 0.268758
20.9341 20.4231 0.275827
20.9341 20.4231 0.275827
20.9607 20.1392 0.253546
20.7133 21.4868 0.278684
20.1307 20.7463 0.273425
20.1307 20.7463 0.273425
20.1307 20.7463 0.273425
20.1307 20.7463 0.273425
20.3977 20.4629 0.262674
20.3977 20.4629 0.262674
20.3977 20.4629 0.262674
20.9 20.7252 0.272545
20.9 20.7252 0.272545
20.8861 20.9658 0.269269
20.2932 20.697 0.291036
20.2932 20.697 0.291036
20.2932 20.697 0.291036
20.2932 20.697 0.291036
20.2932 20.697 0.291036
20.5763 21.0161 0.25892
20.5763 21.0161 0.25892
20.0624 21.1775 0.2544
20.5639 20.4045 0.256471
20.5639 20.4045 0.256471
20.7606 20.3925 0.259126
14.5079 14.6705 0.277043
14.5079 14.6705 0.277043
14.6553 14.7707 0.280583
14.6553 14.7707 0.280583
14.6553 14.7707 0.280583
15.0889 14.0603 0.293994
15.0889 14.0603 0.293994
15.0889 14.0603 0.293994
15.0889 14.0603 0.293994
15.0889 14.0603 0.293994
15.0889 14.0603 0.293994
15.0889 14.0603 0.293994
14.2972 14.6163 0.282196
14.2972 14.6163 0.282196
14.2972 14.6163 0.282196
14.2972 14.6163 0.282196
14.2972 14.6163 0.282196
14.2972 14.6163 0.282196
14.5453 14.1633 0.284257
14.5453 14.1633 0.284257
14.7769 14.4717 0.271893
14.7769 14.4717 0.271893
14.7769 14.4717 0.271893
14.7769 14.4717 0.271893
14.4042 14.6592 0.278698
14.4042 14.6592 0.278698
14.6832 14.4232 0.270046
14.4973 14.8108 0.300634
14.4973 14.8108 0.300634
15.062 14.4837 0.304337
15.062 14.4837 0.304337
15.062 14.4837 0.304337
15.062 14.4837 0.304337
15.062 14.4837 0.304337
14.7587 14.8739 0.281024
14.4219 14.5639 0.286364
14.4219 14.5639 0.286364
14.4219 14.5639 0.286364
14.4219 14.5639 0.286364
14.4219 14.5639 0.286364
14.2948 14.0904 0.269901
14.2948 14.0904 0.269901
14.2948 14.0904 0.269901
14.9651 14.7234 0.302214
14.9651 14.7234 0.302214
15.0932 14.4567 0.291882
15.0932 14.4567 0.291882
15.0932 14.4567 0.291882
15.0932 14.4567 0.291882
15.0932 14.4567 0.291882
15.0932 14.4567 0.291882
15.0932 14.4567 0.291882
15.0932 14.4567 0.291882
15.0932 14.4567 0.291882
14.8816 14.7511 0.311246
14.8816 14.7511 0.311246
15.2406 14.0623 0.277105
14.3517 14.5956 0.268592
14.3517 14.5956 0.268592
14.3517 14.5956 0.268592
14.3517 14.5956 0.268592
12.8384 12.6762 0.302164
12.8384 12.6762 0.302164
6.55192 6.86243 0.282482
6.55192 6.86243 0.282482
6.55192 6.86243 0.282482
6.55192 6.86243 0.282482
6.55192 6.86243 0.282482
6.55192 6.86243 0.282482
6.55192 6.86243 0.282482
6.55192 6.86243 0.282482
6.55192 6.86243 0.282482
6.73684 6.91389 0.3039
6.73684 6.91389 0.3039
6.73684 6.91389 0.3039
6.73684 6.91389 0.3039
6.73684 6.91389 0.3039
6.78422 6.22107 0.309291
6.78422 6.22107 0.309291
6.78422 6.22107 0.309291
6.78422 6.22107 0.309291
6.78422 6.22107 0.309291
6.78422 6.22107 0.309291
6.78422 6.22107 0.309291
6.78422 6.22107 0.309291
6.78422 6.22107 0.309291
6.78422 6.22107 0.309291
6.78422 6.22107 0.309291
6.78422 6.22107 0.309291
6.78422 6.22107 0.309291
6.78422 6.22107 0.309291
6.78422 6.22107 0.309291
6.78422 6.22107 0.309291
6.78422 6.22107 0.309291
7.27919 6.45089 0.300834
7.27919 6.45089 0.300834
7.27919 6.45089 0.300834
6.46444 7.08859 0.310127
6.46444 7.08859 0.310127
6.46444 7.08859 0.310127
16.5091 16.3374 0.306774
16.5091 16.3374 0.306774
16.4289 15.9632 0.30249
15.3347 15.9167 0.289292
15.3347 15.9167 0.289292
15.3347 15.9167 0.289292
15.3347 15.9167 0.289292
15.3347 15.9167 0.289292
15.3347 15.9167 0.289292
15.3347 15.9167 0.289292
16.3952 16.3169 0.306371
16.3952 16.3169 0.306371
16.3952 16.3169 0.306371
16.3952 16.3169 0.306371
15.8877 16.6724 0.285107
16.1618 15.8718 0.301388
16.1618 15.8718 0.301388
16.1618 15.8718 0.301388
18.2132 18.8829 0.290046
18.0061 18.0248 0.291464
18.0061 18.0248 0.291464
18.0061 18.0248 0.291464
18.0061 18.0248 0.291464
18.1776 18.3491 0.282684
18.1776 18.3491 0.282684
18.1776 18.3491 0.282684
18.1776 18.3491 0.282684
18.627 18.1258 0.274206
18.4156 18.3921 0.285311
18.1503 18.2625 0.292068
17.8087 18.8212 0.299764
17.8087 18.8212 0.299764
18.0763 18.3145 0.289539
18.0763 18.3145 0.289539
17.5442 18.5128 0.282249
17.5442 18.5128 0.282249
17.5442 18.5128 0.282249
17.5442 18.5128 0.282249
18.0209 18.4733 0.28044
18.1192 18.0234 0.283348
18.1192 18.0234 0.283348
18.1192 18.0234 0.283348
18.1192 18.0234 0.283348
18.1192 18.0234 0.283348
18.1192 18.0234 0.283348
18.0107 18.1728 0.286734
18.0107 18.1728 0.286734
18.4366 17.8672 0.288847
18.4366 17.8672 0.288847
18.4366 17.8672 0.288847
18.4366 17.8672 0.288847
18.4366 17.8672 0.288847
18.4366 17.8672 0.288847
18.4366 17.8672 0.288847
18.4366 17.8672 0.288847
18.4366 17.8672 0.288847
18.4366 17.8672 0.288847
18.4366 17.8672 0.288847
18.4366 17.8672 0.288847
18.4366 17.8672 0.288847
18.2911 18.5443 0.289324
18.2911 18.5443 0.289324
18.2911 18.5443 0.289324
18.2911 18.5443 0.289324
17.5786 18.8704 0.296343
18.5066 18.1016 0.293267
18.5066 18.1016 0.293267
18.5066 18.1016 0.293267
18.5279 18.3525 0.294448
18.5279 18.3525 0.294448
18.6101 18.4771 0.297627
18.6896 18.2603 0.272129
18.9077 18.1172 0.270749
18.9077 18.1172 0.270749
18.9077 18.1172 0.270749
17.8747 18.0157 0.28418
17.8747 18.0157 0.28418
18.5413 18.3894 0.291655
18.5413 18.3894 0.291655
18.1888 18.5212 0.277676
18.1888 18.5212 0.277676
18.1888 18.5212 0.277676
18.1888 18.5212 0.277676
18.1784 18.5084 0.283106
17.8383 18.4292 0.287146
18.6299 18.5085 0.282301
18.7296 18.3118 0.284864
18.1481 18.2452 0.281595
18.1481 18.2452 0.281595
18.1481 18.2452 0.281595
18.2466 18.3489 0.287773
18.2466 18.3489 0.287773
18.2466 18.3489 0.287773
18.2466 18.3489 0.287773
18.2466 18.3489 0.287773
18.2466 18.3489 0.287773
18.2466 18.3489 0.287773
18.2466 18.3489 0.287773
18.2649 18.5391 0.293981
17.9174 18.2562 0.276381
