8.47849 8.40586 0.311079
6.17317 6.44682 0.306846
8.21252 8.69956 0.305264
10.9447 10.7886 0.286177
12.0146 11.8944 0.322536
10.2639 10.8836 0.305908
8.23837 8.66738 0.310123
11.5746 11.6133 0.324316
12.1342 11.7692 0.301045
11.3467 12.1778 0.325044
9.39852 9.87457 0.312378
8.78117 8.44332 0.333806
7.84539 7.69072 0.299296
12.6533 12.9902 0.294145
7.86086 7.6541 0.315561
7.76867 7.80736 0.344634
12.0773 11.2963 0.311438
11.8609 11.8175 0.299034
10.3412 9.42977 0.326834
6.63728 6.66439 0.29874
10.2639 10.8836 0.305908
6.57683 6.64695 0.314997
8.04784 7.85237 0.332648
12.0514 12.448 0.312761
6.4195 6.29928 0.00329886
6.0564 5.53544 0.309091
6.62413 6.67677 0.295468
10.8235 10.8798 0.310114
8.04784 7.85237 0.332648
8.29573 8.83653 0.324694
5.95039 6.71278 0.00192008
12.8344 12.7537 0.30069
12.6103 12.4557 0.283275
6.29217 6.34845 0.315809
9.26166 9.73771 0.301283
8.23784 8.08172 0.290084
10.4961 11.0369 0.316036
9.75382 8.97282 0.30782
6.01834 6.25177 0.000834648
11.6549 11.3581 0.309689
11.6223 11.5449 0.301446
13.299 13.6359 0.294118
9.22828 9.25309 0.302213
5.95039 6.71278 0.00192008
7.2269 8.05797 0.324845
10.4961 11.0369 0.316036
10.72 10.3954 0.314017
11.6207 11.9972 0.316863
7.32288 7.86367 0.329727
8.47849 8.40586 0.311079
8.21252 8.69956 0.305264
9.28337 8.84325 0.305543
7.32288 7.86367 0.329727
12.9018 13.1044 0.292589
9.00312 8.8353 0.307807
11.2771 12.01 0.344275
9.75382 8.97282 0.30782
9.22828 9.25309 0.302213
8.04784 7.85237 0.332648
10.3778 10.4792 0.28731
10.4239 10.0994 0.304409
12.921 13.4618 0.300609
11.3271 11.9821 0.313649
12.5589 12.9879 0.298442
8.08239 7.78463 0.323966
13.9308 13.4049 0.297704
10.5496 11.0395 0.31154
9.35381 9.84377 0.314881
7.65865 7.3692 0.331659
11.8142 12.3041 0.329594
6.29217 6.34845 0.315809
6.12699 6.26278 -0.00087697
10.2639 10.8836 0.305908
6.12699 6.26278 -0.00087697
10.6655 9.93492 0.304758
12.6033 12.5259 0.300299
13.1196 12.5937 0.305358
10.9446 10.4187 0.310374
12.1968 12.1534 0.314106
6.31797 6.82728 0.296647
7.86086 7.6541 0.315561
10.7197 10.6194 0.333591
12.7091 12.7272 0.302158
11.8142 12.3041 0.329594
8.61458 8.19892 0.305694
10.4719 10.7742 0.309575
10.6001 10.8645 0.309277
10.738 10.5313 0.292261
13.3701 13.7992 0.290788
9.38817 9.19904 0.313763
10.8235 10.8798 0.310114
13.3332 13.3111 0.296966
9.38817 9.19904 0.313763
8.21252 8.69956 0.305264
6.41141 5.80163 0.326401
9.47628 9.74146 0.316703
10.72 10.3954 0.314017
10.332 10.1801 0.31267
10.6558 10.786 0.323974
7.97426 7.99251 0.317397
10.0303 10.8222 0.301408
10.0303 10.8222 0.301408
10.0303 10.8222 0.301408
10.0303 10.8222 0.301408
10.0303 10.8222 0.301408
10.0303 10.8222 0.301408
10.0303 10.8222 0.301408
10.6492 11.0782 0.296607
10.6492 11.0782 0.296607
10.6492 11.0782 0.296607
10.5169 10.5052 0.292034
10.4239 10.0994 0.304409
10.4239 10.0994 0.304409
10.4932 10.1955 0.310451
10.4932 10.1955 0.310451
10.346 10.8166 0.306496
10.346 10.8166 0.306496
10.346 10.8166 0.306496
10.346 10.8166 0.306496
10.7993 10.8174 0.300323
10.1808 10.3834 0.298408
10.1808 10.3834 0.298408
10.1808 10.3834 0.298408
10.1808 10.3834 0.298408
10.1808 10.3834 0.298408
10.1808 10.3834 0.298408
10.6936 10.6161 0.298464
10.6936 10.6161 0.298464
10.6936 10.6161 0.298464
10.5274 10.5837 0.300506
10.5274 10.5837 0.300506
10.5274 10.5837 0.300506
10.3489 10.5823 0.302018
10.8121 10.8822 0.299695
10.8121 10.8822 0.299695
10.0692 10.3847 0.30296
10.0692 10.3847 0.30296
10.3423 9.90214 0.291107
10.3423 9.90214 0.291107
10.0821 10.9132 0.30699
10.5189 10.1033 0.287428
10.5189 10.1033 0.287428
10.5189 10.1033 0.287428
10.3597 10.49 0.314366
10.3597 10.49 0.314366
10.9322 10.8888 0.296052
10.9322 10.8888 0.296052
10.4589 10.4259 0.290596
10.4589 10.4259 0.290596
10.5352 10.8003 0.302267
10.5352 10.8003 0.302267
10.5352 10.8003 0.302267
10.7451 11.1642 0.309386
10.6064 9.69503 0.319983
10.6064 9.69503 0.319983
10.6064 9.69503 0.319983
10.6064 9.69503 0.319983
9.23279 8.71183 0.308224
9.23279 8.71183 0.308224
9.49142 9.77101 0.309157
9.49142 9.77101 0.309157
9.41297 9.71531 0.324011
9.41297 9.71531 0.324011
9.11926 9.47421 0.32746
9.84495 9.11587 0.323923
9.84495 9.11587 0.323923
9.84495 9.11587 0.323923
9.84495 9.11587 0.323923
9.84856 9.68074 0.303976
9.84856 9.68074 0.303976
9.47308 9.18326 0.323413
9.47308 9.18326 0.323413
9.47308 9.18326 0.323413
9.47308 9.18326 0.323413
9.47308 9.18326 0.323413
9.36513 9.38995 0.313307
9.36513 9.38995 0.313307
9.39852 9.87457 0.312378
9.39852 9.87457 0.312378
9.39852 9.87457 0.312378
9.37871 9.43135 0.312578
9.37871 9.43135 0.312578
9.5346 9.20516 0.332522
9.5346 9.20516 0.332522
9.5346 9.20516 0.332522
9.5346 9.20516 0.332522
9.5346 9.20516 0.332522
8.95356 9.68652 0.340657
8.95356 9.68652 0.340657
10.8785 11.0919 0.300372
10.8785 11.0919 0.300372
10.8785 11.0919 0.300372
10.6623 11.261 0.307756
10.6623 11.261 0.307756
10.6623 11.261 0.307756
10.2639 10.8836 0.305908
10.8464 11.126 0.30433
10.8464 11.126 0.30433
10.8464 11.126 0.30433
10.8464 11.126 0.30433
6.29858 6.74519 0.297382
6.29858 6.74519 0.297382
6.29858 6.74519 0.297382
6.29858 6.74519 0.297382
6.29858 6.74519 0.297382
6.29858 6.74519 0.297382
6.79357 6.91291 0.304262
6.79357 6.91291 0.304262
6.79357 6.91291 0.304262
6.51343 6.74933 0.29177
6.51343 6.74933 0.29177
6.51343 6.74933 0.29177
6.51343 6.74933 0.29177
6.51343 6.74933 0.29177
6.51343 6.74933 0.29177
6.51343 6.74933 0.29177
6.51343 6.74933 0.29177
6.51343 6.74933 0.29177
6.51343 6.74933 0.29177
6.56391 6.28266 0.296057
6.56391 6.28266 0.296057
6.56391 6.28266 0.296057
6.56391 6.28266 0.296057
6.56391 6.28266 0.296057
6.56391 6.28266 0.296057
6.56391 6.28266 0.296057
6.56391 6.28266 0.296057
6.56391 6.28266 0.296057
6.56391 6.28266 0.296057
6.56391 6.28266 0.296057
6.29863 6.77111 0.301921
6.29863 6.77111 0.301921
6.29863 6.77111 0.301921
6.29863 6.77111 0.301921
6.29863 6.77111 0.301921
6.29863 6.77111 0.301921
6.29863 6.77111 0.301921
6.29863 6.77111 0.301921
7.03497 7.06358 0.302856
6.8512 6.90521 0.310053
6.8512 6.90521 0.310053
6.8512 6.90521 0.310053
6.8512 6.90521 0.310053
6.8512 6.90521 0.310053
6.8512 6.90521 0.310053
6.8512 6.90521 0.310053
6.64916 6.86272 0.287171
6.64916 6.86272 0.287171
6.64916 6.86272 0.287171
6.64916 6.86272 0.287171
6.64916 6.86272 0.287171
6.64916 6.86272 0.287171
6.64916 6.86272 0.287171
6.64916 6.86272 0.287171
6.8964 7.22775 0.295952
6.8964 7.22775 0.295952
6.8964 7.22775 0.295952
6.8964 7.22775 0.295952
6.8964 7.22775 0.295952
6.8964 7.22775 0.295952
6.54018 6.29149 0.296038
6.54018 6.29149 0.296038
6.54018 6.29149 0.296038
6.54018 6.29149 0.296038
6.54018 6.29149 0.296038
6.54018 6.29149 0.296038
6.54018 6.29149 0.296038
7.22177 6.49158 0.310992
7.22177 6.49158 0.310992
7.22177 6.49158 0.310992
7.22177 6.49158 0.310992
6.7 6.71676 0.302924
6.7 6.71676 0.302924
6.7 6.71676 0.302924
6.7 6.71676 0.302924
6.7 6.71676 0.302924
6.7 6.71676 0.302924
6.7 6.71676 0.302924
6.77022 6.57383 0.290987
6.77022 6.57383 0.290987
6.77022 6.57383 0.290987
6.77022 6.57383 0.290987
6.77022 6.57383 0.290987
6.77022 6.57383 0.290987
6.08686 6.43719 0.296733
6.08686 6.43719 0.296733
6.08686 6.43719 0.296733
6.08686 6.43719 0.296733
6.10785 6.66611 0.283347
6.10785 6.66611 0.283347
6.10785 6.66611 0.283347
6.10785 6.66611 0.283347
6.10785 6.66611 0.283347
6.10785 6.66611 0.283347
6.10785 6.66611 0.283347
6.10785 6.66611 0.283347
6.83841 7.00134 0.296991
6.83841 7.00134 0.296991
6.83841 7.00134 0.296991
6.83841 7.00134 0.296991
6.83841 7.00134 0.296991
6.83841 7.00134 0.296991
6.83841 7.00134 0.296991
6.83841 7.00134 0.296991
6.83841 7.00134 0.296991
6.83841 7.00134 0.296991
6.83841 7.00134 0.296991
6.83841 7.00134 0.296991
6.83841 7.00134 0.296991
6.83841 7.00134 0.296991
6.93961 6.94171 0.289453
6.93961 6.94171 0.289453
6.98563 6.99027 0.289516
6.98563 6.99027 0.289516
6.98563 6.99027 0.289516
6.85498 6.5511 0.298067
6.85498 6.5511 0.298067
6.85498 6.5511 0.298067
6.85498 6.5511 0.298067
6.60192 6.62978 0.312226
7.58417 7.26375 0.314958
7.58417 7.26375 0.314958
7.58417 7.26375 0.314958
7.58417 7.26375 0.314958
7.58417 7.26375 0.314958
7.58417 7.26375 0.314958
7.58417 7.26375 0.314958
7.58417 7.26375 0.314958
7.58417 7.26375 0.314958
7.58417 7.26375 0.314958
7.58417 7.26375 0.314958
7.58417 7.26375 0.314958
7.58417 7.26375 0.314958
7.58417 7.26375 0.314958
7.58417 7.26375 0.314958
7.58417 7.26375 0.314958
7.30399 7.58199 0.304031
7.30399 7.58199 0.304031
7.30399 7.58199 0.304031
7.30399 7.58199 0.304031
7.30399 7.58199 0.304031
7.32462 7.70698 0.32981
7.32462 7.70698 0.32981
7.32462 7.70698 0.32981
7.32462 7.70698 0.32981
7.70718 7.35637 0.32227
7.96753 7.11492 0.319427
7.96753 7.11492 0.319427
7.83925 7.57558 0.320748
7.83925 7.57558 0.320748
7.83925 7.57558 0.320748
7.83925 7.57558 0.320748
7.83925 7.57558 0.320748
7.83925 7.57558 0.320748
7.83925 7.57558 0.320748
7.28939 7.23721 0.332412
7.28939 7.23721 0.332412
7.28939 7.23721 0.332412
7.74128 7.4256 0.310621
7.74128 7.4256 0.310621
7.74128 7.4256 0.310621
7.74128 7.4256 0.310621
8.02457 7.66606 0.313323
7.82329 7.94214 0.322696
7.82329 7.94214 0.322696
7.82329 7.94214 0.322696
7.7989 7.80163 0.323034
7.7989 7.80163 0.323034
7.7989 7.80163 0.323034
7.7989 7.80163 0.323034
8.00052 7.78776 0.327631
8.00052 7.78776 0.327631
7.50891 7.92206 0.30894
8.27888 7.9665 0.344299
7.60452 7.76445 0.326346
7.60452 7.76445 0.326346
7.60452 7.76445 0.326346
7.60452 7.76445 0.326346
7.60452 7.76445 0.326346
7.60452 7.76445 0.326346
7.60452 7.76445 0.326346
7.60452 7.76445 0.326346
7.60452 7.76445 0.326346
7.60452 7.76445 0.326346
7.96872 7.61668 0.326533
7.96872 7.61668 0.326533
7.96872 7.61668 0.326533
7.96872 7.61668 0.326533
7.87406 7.97396 0.30976
7.89964 8.07541 0.344953
7.89964 8.07541 0.344953
7.89964 8.07541 0.344953
7.89964 8.07541 0.344953
7.89964 8.07541 0.344953
7.94519 7.54845 0.319269
7.67611 7.65132 0.333349
7.67611 7.65132 0.333349
7.67611 7.65132 0.333349
7.67611 7.65132 0.333349
7.67611 7.65132 0.333349
7.67611 7.65132 0.333349
7.67611 7.65132 0.333349
7.29744 7.28087 0.314213
7.29744 7.28087 0.314213
7.29744 7.28087 0.314213
7.29744 7.28087 0.314213
7.84235 8.35419 0.31632
7.44107 7.15076 0.328029
7.44107 7.15076 0.328029
7.44107 7.15076 0.328029
7.77459 7.43799 0.323484
7.77459 7.43799 0.323484
7.77459 7.43799 0.323484
7.77459 7.43799 0.323484
7.70347 7.62619 0.315542
7.6004 7.56672 0.294381
7.44943 7.38667 0.313953
7.44943 7.38667 0.313953
7.44943 7.38667 0.313953
7.88519 8.34561 0.341216
7.88519 8.34561 0.341216
7.88519 8.34561 0.341216
8.03268 7.38042 0.313565
7.74007 7.62631 0.330813
7.74007 7.62631 0.330813
7.74007 7.62631 0.330813
7.74007 7.62631 0.330813
7.74007 7.62631 0.330813
7.36322 7.83403 0.306461
7.36322 7.83403 0.306461
8.2993 7.50448 0.322605
8.2993 7.50448 0.322605
8.2993 7.50448 0.322605
8.2993 7.50448 0.322605
8.2993 7.50448 0.322605
8.2993 7.50448 0.322605
8.2993 7.50448 0.322605
8.2993 7.50448 0.322605
8.43745 7.20066 0.327147
8.43745 7.20066 0.327147
8.43745 7.20066 0.327147
7.23633 7.74441 0.332683
7.23633 7.74441 0.332683
7.97532 7.20095 0.329737
7.97532 7.20095 0.329737
7.97532 7.20095 0.329737
7.97532 7.20095 0.329737
7.97532 7.20095 0.329737
7.97532 7.20095 0.329737
7.97532 7.20095 0.329737
7.97532 7.20095 0.329737
7.67052 8.12924 0.318859
7.67052 8.12924 0.318859
7.67052 8.12924 0.318859
7.67052 8.12924 0.318859
7.67052 8.12924 0.318859
7.67052 8.12924 0.318859
7.67052 8.12924 0.318859
7.67052 8.12924 0.318859
7.67052 8.12924 0.318859
7.67052 8.12924 0.318859
7.67052 8.12924 0.318859
7.67052 8.12924 0.318859
7.67052 8.12924 0.318859
7.67052 8.12924 0.318859
7.5913 7.95965 0.314812
7.5913 7.95965 0.314812
7.5913 7.95965 0.314812
8.22464 7.6481 0.334619
7.60508 7.91756 0.320526
7.60508 7.91756 0.320526
7.60508 7.91756 0.320526
7.60508 7.91756 0.320526
7.60508 7.91756 0.320526
7.60508 7.91756 0.320526
7.60508 7.91756 0.320526
7.60508 7.91756 0.320526
7.60508 7.91756 0.320526
7.60508 7.91756 0.320526
7.60508 7.91756 0.320526
7.44464 8.2412 0.31629
7.44464 8.2412 0.31629
7.2621 7.69357 0.323572
7.2621 7.69357 0.323572
7.2621 7.69357 0.323572
7.2621 7.69357 0.323572
6.98957 7.49815 0.32135
6.98957 7.49815 0.32135
7.48762 7.53739 0.332282
8.22582 7.73144 0.326644
8.22582 7.73144 0.326644
8.22582 7.73144 0.326644
8.22582 7.73144 0.326644
8.22582 7.73144 0.326644
8.22582 7.73144 0.326644
8.22582 7.73144 0.326644
8.22582 7.73144 0.326644
8.22582 7.73144 0.326644
7.59703 8.18747 0.330421
7.59703 8.18747 0.330421
7.59703 8.18747 0.330421
7.56084 7.91898 0.326025
7.56084 7.91898 0.326025
7.81576 7.25374 0.299915
7.81576 7.25374 0.299915
7.81576 7.25374 0.299915
7.81576 7.25374 0.299915
8.32845 7.44096 0.312316
8.32845 7.44096 0.312316
8.32845 7.44096 0.312316
8.32845 7.44096 0.312316
6.8423 7.97237 0.314736
7.54471 7.89454 0.312595
7.54471 7.89454 0.312595
7.54471 7.89454 0.312595
7.54471 7.89454 0.312595
7.54471 7.89454 0.312595
7.54471 7.89454 0.312595
7.54471 7.89454 0.312595
7.4009 7.16158 0.314048
7.4009 7.16158 0.314048
7.4009 7.16158 0.314048
7.4009 7.16158 0.314048
7.79058 7.84901 0.328902
8.03226 7.62882 0.316804
8.03226 7.62882 0.316804
7.76578 7.94565 0.325247
7.76578 7.94565 0.325247
7.76578 7.94565 0.325247
7.76578 7.94565 0.325247
8.11211 7.51604 0.314387
8.11211 7.51604 0.314387
7.66227 7.57925 0.307268
7.66227 7.57925 0.307268
13.4809 13.222 0.302904
13.4809 13.222 0.302904
13.4809 13.222 0.302904
13.5335 13.4571 0.281994
13.5335 13.4571 0.281994
13.3222 13.0017 0.282693
13.3222 13.0017 0.282693
13.3399 13.3624 0.298618
12.9196 13.1692 0.286333
13.2135 13.6206 0.294628
13.2221 13.4014 0.283379
13.7845 13.3416 0.302327
13.7572 13.184 0.300648
13.7546 13.4629 0.293653
13.395 13.3794 0.277658
13.395 13.3794 0.277658
13.395 13.3794 0.277658
13.7363 12.8191 0.290954
12.6581 13.1435 0.295009
13.0216 13.3668 0.30039
13.1997 13.0413 0.282042
13.6723 13.1016 0.298943
12.9503 13.3311 0.304261
13.2064 13.4388 0.304832
13.2739 13.2404 0.284842
13.2739 13.2404 0.284842
13.2739 13.2404 0.284842
13.5059 13.2808 0.28519
13.3603 13.1107 0.292463
13.1541 13.3917 0.293056
12.7291 13.3271 0.295999
12.7291 13.3271 0.295999
12.997 13.186 0.309112
13.2275 13.1197 0.306782
13.2275 13.1197 0.306782
14.248 13.4039 0.291755
13.0752 13.4503 0.300854
13.8336 13.4089 0.30026
12.9916 12.9433 0.295599
14.0719 13.1681 0.286036
13.2085 13.311 0.310654
12.9266 13.8157 0.275553
12.9266 13.8157 0.275553
13.2516 12.8569 0.318816
13.5607 13.259 0.308268
12.9861 13.4651 0.303946
13.2102 13.1939 0.288668
13.2473 13.5331 0.292575
13.6373 13.6158 0.303231
13.6373 13.6158 0.303231
13.0162 12.9706 0.291066
13.4714 12.6672 0.294671
13.4714 12.6672 0.294671
12.7505 13.1134 0.291794
12.7505 13.1134 0.291794
13.4306 13.5404 0.279876
13.4306 13.5404 0.279876
12.6879 13.0632 0.302039
13.7891 13.2746 0.292217
14.0186 13.1946 0.296035
13.7276 13.3301 0.307529
13.384 13.3856 0.283994
14.0112 13.352 0.289494
13.0395 13.3256 0.295169
13.789 13.4214 0.308716
13.2518 13.7728 0.307738
13.2934 12.9982 0.307482
13.6447 13.1196 0.27776
13.3566 12.7815 0.284383
12.8488 13.364 0.301057
13.3809 13.2821 0.304114
13.9724 13.6382 0.300407
13.3002 13.3935 0.300698
12.9695 13.6641 0.304222
12.9695 13.6641 0.304222
13.4861 13.466 0.319458
13.4089 12.9275 0.271587
13.4572 13.1238 0.307446
13.1149 13.2206 0.302054
13.5071 13.183 0.287542
13.5071 13.183 0.287542
13.1016 13.6179 0.296092
13.2865 13.0927 0.292863
13.0843 13.4545 0.318277
13.4062 13.2495 0.279494
13.2675 13.0621 0.294629
13.0545 13.1848 0.306921
13.2799 12.4529 0.295724
13.1308 13.8985 0.290155
13.4737 12.9278 0.290795
13.4737 12.9278 0.290795
13.4738 13.783 0.288234
13.4311 12.5382 0.307875
13.4311 12.5382 0.307875
13.1066 12.9352 0.292707
13.0639 12.8211 0.30393
13.0639 12.8211 0.30393
13.3662 13.3413 0.28198
13.6126 13.3466 0.274044
13.2874 13.0789 0.281394
13.2874 13.0789 0.281394
13.6579 13.1166 0.29349
13.2645 13.0943 0.293602
13.4559 13.3749 0.31259
13.1347 12.6697 0.300307
13.1081 13.2184 0.289522
12.251 13.4015 0.292641
13.0987 13.3196 0.291196
13.1228 12.9741 0.285167
13.4779 13.3225 0.292365
13.5874 12.4411 0.290701
13.1983 13.1016 0.277398
13.3046 12.764 0.305805
13.9721 13.2742 0.287172
13.2363 13.1861 0.2837
13.609 13.4673 0.291651
13.0612 13.4316 0.310086
13.0612 13.4316 0.310086
13.0612 13.4316 0.310086
13.4391 13.9573 0.309067
13.0984 12.9563 0.284918
13.0984 12.9563 0.284918
13.3709 13.2033 0.297777
13.5641 12.9812 0.289448
13.4698 13.205 0.297832
12.9686 13.7593 0.299338
13.3282 13.4727 0.299051
12.8719 13.2421 0.307527
13.1042 13.3899 0.300628
12.8528 13.4259 0.272045
13.4081 13.402 0.29093
13.2906 12.6281 0.28468
13.6501 13.166 0.299512
13.6501 13.166 0.299512
13.5988 13.2118 0.29141
13.2235 13.037 0.286628
13.2235 13.037 0.286628
13.684 13.5044 0.302486
13.684 13.5044 0.302486
13.3695 13.3595 0.305875
13.5025 13.5829 0.30088
13.0551 12.7996 0.306661
13.0551 12.7996 0.306661
13.0551 12.7996 0.306661
13.0551 12.7996 0.306661
13.2854 13.1656 0.298092
13.2854 13.1656 0.298092
13.1214 13.4927 0.280844
13.1442 13.6739 0.305284
13.3896 13.2941 0.286856
13.3896 13.2941 0.286856
13.0912 13.1533 0.287472
13.5811 12.7708 0.292063
13.2856 13.498 0.302493
13.2183 13.3865 0.296309
13.2183 13.3865 0.296309
13.0717 13.4002 0.280261
13.2665 12.9568 0.293508
13.4555 13.6191 0.28258
13.1667 13.7365 0.29842
13.5106 13.9504 0.278342
13.5106 13.9504 0.278342
13.0749 13.597 0.308093
13.0795 13.4028 0.280314
12.7526 13.3585 0.289826
13.4502 13.1538 0.301545
13.6301 13.1619 0.305229
13.6301 13.1619 0.305229
13.6301 13.1619 0.305229
13.4191 13.4875 0.298606
13.4933 12.8812 0.306826
13.4933 12.8812 0.306826
13.3442 13.1404 0.305519
13.1362 13.4533 0.302072
12.8469 13.1753 0.296521
13.6009 13.4725 0.290519
12.7775 13.4557 0.298766
12.7775 13.4557 0.298766
12.7167 13.054 0.298814
13.453 12.9854 0.300754
12.9973 13.0488 0.310159
13.6246 13.5938 0.300198
13.3808 13.804 0.314084
13.3808 13.804 0.314084
12.9573 13.1134 0.27375
13.0618 13.2685 0.301135
13.4216 13.2754 0.301921
12.9402 13.2688 0.29849
13.6854 13.2046 0.282311
13.079 13.4026 0.302212
13.5138 13.1723 0.312251
13.501 13.4583 0.277475
13.3915 13.56 0.299366
13.3915 13.56 0.299366
13.5954 13.3615 0.289797
13.5498 13.2178 0.302736
13.2072 13.1259 0.294339
13.2072 13.1259 0.294339
12.9385 13.6742 0.294206
13.2282 13.8668 0.317758
13.7198 13.1239 0.292321
12.9767 13.4532 0.288837
12.9767 13.4532 0.288837
13.0645 13.2213 0.294625
13.7434 13.5721 0.299441
13.7434 13.5721 0.299441
13.7434 13.5721 0.299441
13.1229 13.1578 0.300007
13.304 13.0538 0.287839
13.4645 13.6406 0.308957
12.6976 13.7837 0.28751
13.439 12.8482 0.313641
13.2125 13.4434 0.288363
13.2125 13.4434 0.288363
12.9864 13.0385 0.301337
12.8627 13.4903 0.285639
13.0318 13.6304 0.29329
13.0318 13.6304 0.29329
13.4692 13.4558 0.281861
12.2784 13.4737 0.297266
13.5455 13.4529 0.289238
13.5455 13.4529 0.289238
13.3307 13.251 0.296659
13.1265 13.6065 0.30161
13.1265 13.6065 0.30161
12.9663 13.0664 0.302317
13.587 13.789 0.304044
12.9465 13.145 0.288988
12.9465 13.145 0.288988
12.9465 13.145 0.288988
12.9465 13.145 0.288988
12.7267 13.7361 0.300757
13.2485 13.3639 0.281673
13.2485 13.3639 0.281673
13.5538 13.466 0.283198
13.0597 13.1562 0.290909
13.1498 13.2165 0.301621
13.0113 13.5174 0.283836
13.3626 13.3281 0.301656
12.7604 13.0208 0.305377
13.4308 13.1746 0.284353
12.5568 12.9571 0.309599
12.5568 12.9571 0.309599
12.9681 12.8891 0.303164
13.4719 13.094 0.276177
13.722 13.6211 0.30068
13.0164 13.2188 0.299599
12.826 13.3007 0.304579
12.826 13.3007 0.304579
12.826 13.3007 0.304579
13.2296 13.2053 0.306549
13.2609 13.0484 0.297106
13.2265 13.327 0.295181
13.1461 12.9602 0.316474
13.1461 12.9602 0.316474
13.0321 13.5415 0.296407
13.0321 13.5415 0.296407
13.2233 13.3623 0.286533
12.7497 13.488 0.294876
12.7497 13.488 0.294876
13.2167 12.8851 0.298477
13.2167 12.8851 0.298477
13.2167 12.8851 0.298477
13.2167 12.8851 0.298477
13.2169 13.0456 0.292714
13.126 13.5774 0.303584
13.126 13.5774 0.303584
13.154 13.4725 0.309407
13.3447 13.1135 0.311757
13.3447 13.1135 0.311757
13.3357 13.4885 0.309737
13.1553 13.4255 0.294005
13.5646 13.4181 0.317081
13.5646 13.4181 0.317081
13.2549 13.4149 0.282996
13.6687 13.5614 0.294034
13.1312 13.0949 0.309829
12.8747 13.1031 0.300762
12.8747 13.1031 0.300762
12.8747 13.1031 0.300762
13.2001 13.3156 0.288336
13.6545 13.179 0.288018
13.5966 13.1641 0.29218
13.4975 13.6751 0.319101
13.4975 13.6751 0.319101
13.4975 13.6751 0.319101
13.4975 13.6751 0.319101
13.4239 13.5553 0.298373
12.5252 12.9931 0.300032
13.7835 13.4695 0.296904
13.27 12.9578 0.286181
13.2724 12.8866 0.279895
13.168 13.3513 0.304028
12.8636 12.6672 0.310528
13.1906 13.3563 0.305088
13.6864 13.5764 0.295859
13.3729 13.2909 0.301435
13.3729 13.2909 0.301435
13.753 13.1998 0.302068
13.753 13.1998 0.302068
13.573 12.9986 0.299691
13.5973 13.1106 0.286327
13.3151 13.0146 0.295479
13.5222 13.2151 0.295635
12.9478 13.4389 0.30162
12.8157 13.3484 0.276855
12.9925 12.9206 0.304645
12.8843 13.4993 0.301775
13.2154 13.4898 0.27899
13.2154 13.4898 0.27899
12.8565 13.5405 0.284519
12.8565 13.5405 0.284519
12.8565 13.5405 0.284519
13.5583 13.4024 0.284198
13.5583 13.4024 0.284198
13.5583 13.4024 0.284198
13.5185 12.6579 0.282292
12.9325 13.1583 0.280352
13.1317 13.3375 0.313065
13.2634 13.4062 0.275592
13.2634 13.4062 0.275592
13.3983 12.8563 0.294337
13.3067 13.3605 0.307375
13.5933 13.1059 0.290265
13.4395 13.499 0.27281
13.163 13.0841 0.294534
13.1793 13.1009 0.278925
13.1793 13.1009 0.278925
13.5751 13.8636 0.305071
13.6057 13.3359 0.287393
13.2102 13.8694 0.292371
13.2102 13.8694 0.292371
13.2102 13.8694 0.292371
13.2695 13.3778 0.291391
13.0586 13.1265 0.323508
13.4844 13.5139 0.305243
13.5851 13.2834 0.309552
12.9776 13.4451 0.287857
12.5967 13.0245 0.283197
13.0226 13.4389 0.300275
13.0226 13.4389 0.300275
12.7671 12.7791 0.276099
13.8226 13.4444 0.299888
13.1169 13.0594 0.299173
13.1169 13.0594 0.299173
13.0611 13.5301 0.296999
13.3572 13.6965 0.28883
13.3572 13.6965 0.28883
13.3572 13.6965 0.28883
13.4827 14.0603 0.285392
13.1544 13.4707 0.277649
13.3534 13.3245 0.28404
13.3534 13.3245 0.28404
13.099 13.1747 0.295205
13.4539 13.8881 0.293834
13.4539 13.8881 0.293834
13.5763 12.6154 0.296028
13.4385 13.9417 0.293068
13.4386 13.3969 0.28893
13.4386 13.3969 0.28893
13.5616 13.0302 0.304703
12.6214 13.3333 0.31123
12.6214 13.3333 0.31123
12.6214 13.3333 0.31123
13.5121 13.1447 0.295967
13.4928 12.9861 0.293653
13.492 13.5644 0.271434
13.2083 13.4693 0.287715
13.3514 13.1522 0.294712
13.3514 13.1522 0.294712
13.3535 13.2002 0.277137
13.8518 13.4897 0.288229
13.8518 13.4897 0.288229
13.3493 13.2724 0.290536
13.3493 13.2724 0.290536
13.2895 13.4249 0.304395
13.1478 13.1074 0.314094
13.1239 13.3843 0.301009
13.0698 13.3049 0.300286
13.0698 13.3049 0.300286
13.0698 13.3049 0.300286
12.9969 13.423 0.305042
12.9969 13.423 0.305042
13.057 13.1718 0.301283
13.3273 13.0323 0.311739
13.3582 13.4426 0.28774
13.4135 13.1374 0.300009
13.4741 13.3084 0.293988
13.4741 13.3084 0.293988
13.3294 13.4731 0.308371
13.3294 13.4731 0.308371
13.3294 13.4731 0.308371
13.6261 13.2347 0.30388
13.2546 13.3445 0.295121
12.9959 13.0845 0.307776
13.1065 13.2203 0.300514
13.1065 13.2203 0.300514
12.944 13.0038 0.29837
13.0238 13.6351 0.269428
13.3364 13.3534 0.297774
13.0944 13.3693 0.288742
13.0944 13.3693 0.288742
13.1045 13.4265 0.298624
13.7772 13.7498 0.297006
13.5303 13.5081 0.295717
13.0727 13.1056 0.306726
13.0942 13.5293 0.284796
13.4084 13.3087 0.300926
13.3514 13.7284 0.312585
13.3514 13.7284 0.312585
13.0708 13.1845 0.285089
13.2056 12.8212 0.29607
12.9851 12.9445 0.292639
13.6737 13.0252 0.30853
13.1153 13.3225 0.278883
13.5182 13.551 0.301871
12.7834 13.1352 0.312414
12.7834 13.1352 0.312414
13.0537 13.9247 0.279786
13.0537 13.9247 0.279786
13.9366 13.7643 0.3019
13.2751 13.3151 0.281681
13.2751 13.3151 0.281681
13.2751 13.3151 0.281681
13.5069 13.3028 0.300257
12.915 13.4018 0.290917
13.4028 13.8464 0.290515
13.6386 12.9971 0.311537
13.8111 13.672 0.299757
13.8111 13.672 0.299757
13.5721 13.214 0.270465
13.5721 13.214 0.270465
12.9797 13.4207 0.291041
13.2564 13.0467 0.286015
13.1372 13.1983 0.298431
13.3847 13.1418 0.29508
13.0795 13.3651 0.304517
13.5196 13.0298 0.299399
12.8453 12.8074 0.299845
13.5918 13.5152 0.29059
13.1713 13.3537 0.284992
12.8947 13.0077 0.29157
13.375 13.5213 0.291833
13.375 13.5213 0.291833
12.8902 13.81 0.317518
13.4765 13.2539 0.295375
13.4765 13.2539 0.295375
13.2167 13.0782 0.299768
13.2167 13.0782 0.299768
13.5061 13.1528 0.289271
13.0576 13.6027 0.299134
13.3445 13.5174 0.294399
13.3445 13.5174 0.294399
13.4128 12.8079 0.302403
13.2605 13.7232 0.299691
13.0466 13.138 0.304589
13.1371 13.4355 0.287197
13.5044 13.0265 0.308495
13.2888 13.3239 0.282369
13.2888 13.3239 0.282369
13.352 13.3489 0.313363
13.7189 13.6553 0.280411
13.7189 13.6553 0.280411
13.7598 13.484 0.301833
13.308 12.8836 0.299841
13.308 12.8836 0.299841
13.9471 13.2658 0.303478
12.8631 12.4845 0.294918
13.2867 13.6138 0.293855
12.8193 12.9936 0.297653
13.1331 13.5296 0.305809
13.7918 13.1625 0.27505
13.7918 13.1625 0.27505
13.1441 13.0823 0.303935
13.4034 13.6597 0.306878
13.013 13.4882 0.302315
13.013 13.4882 0.302315
13.4591 13.386 0.312634
13.4591 13.386 0.312634
13.4591 13.386 0.312634
12.8693 13.5892 0.323534
13.2543 13.3032 0.300431
13.5698 13.2035 0.303942
13.1749 13.2872 0.298695
13.3542 13.1737 0.301834
13.5576 13.4281 0.314248
13.2327 13.5443 0.288692
13.5425 13.6019 0.298653
13.1224 13.6052 0.302371
13.1659 12.9983 0.289996
12.9844 12.566 0.285475
12.9844 12.566 0.285475
13.0353 12.814 0.2939
13.7046 13.0827 0.316301
13.1236 13.5544 0.278772
14.0767 13.3435 0.294239
12.8692 12.7116 0.300454
13.421 13.0202 0.285261
13.421 13.0202 0.285261
13.2254 13.5355 0.295677
13.2254 13.5355 0.295677
12.9047 12.997 0.310953
12.4604 12.9368 0.296372
12.9612 13.1416 0.292783
12.9169 12.968 0.295641
12.9169 12.968 0.295641
13.3934 13.8268 0.291397
13.8086 13.5776 0.279551
13.3288 13.2703 0.315445
12.9914 13.1877 0.320617
12.9914 13.1877 0.320617
13.1896 13.5883 0.295835
13.1896 13.5883 0.295835
13.515 13.5781 0.286052
12.9967 13.155 0.321678
13.1511 13.663 0.270808
13.1709 12.9588 0.304107
13.6545 13.8576 0.292245
13.2424 13.1366 0.274479
12.7054 13.0665 0.296326
13.1422 13.1102 0.313055
13.2874 12.9606 0.317921
13.4276 12.9858 0.32266
12.9642 12.527 0.305574
13.2365 13.0865 0.288133
13.354 13.666 0.294238
12.833 13.0625 0.287629
13.1131 13.1227 0.316225
13.1034 13.2787 0.292531
13.1034 13.2787 0.292531
13.3098 13.2661 0.287994
13.3098 13.2661 0.287994
13.153 13.424 0.296847
13.3723 13.4837 0.292768
13.1826 13.1344 0.289576
13.6647 13.5935 0.284345
13.6647 13.5935 0.284345
13.1635 13.4446 0.292887
12.6293 13.2928 0.291307
13.6238 14.1544 0.313673
13.6238 14.1544 0.313673
13.2661 13.0409 0.292534
13.0824 12.8965 0.291759
13.0576 13.5858 0.304614
13.0576 13.5858 0.304614
12.8934 12.8806 0.306763
12.8934 12.8806 0.306763
13.0775 13.2652 0.305392
13.6816 12.8332 0.287355
13.6816 12.8332 0.287355
13.4038 13.1593 0.30633
13.4038 13.1593 0.30633
13.8594 13.0297 0.311743
13.8594 13.0297 0.311743
13.3107 13.3806 0.29898
13.4214 13.6472 0.278959
12.7477 13.4516 0.29104
13.8704 13.3785 0.287737
13.1928 13.1085 0.293399
13.1928 13.1085 0.293399
13.3652 13.1616 0.296295
13.9812 13.4923 0.308166
13.2503 12.9451 0.298904
13.3888 13.112 0.311756
13.3888 13.112 0.311756
13.4187 13.2912 0.291534
13.0708 13.3375 0.287865
13.3104 12.4866 0.297937
13.4343 13.2533 0.29913
13.1252 13.4302 0.30482
13.2929 13.4124 0.299856
13.147 13.1629 0.305049
13.147 13.1629 0.305049
13.2006 13.8597 0.291129
13.4283 12.9891 0.303591
13.6869 13.5344 0.298003
13.0892 13.1467 0.292336
13.4379 13.3304 0.290799
13.3919 13.2945 0.298644
13.1412 13.4116 0.30185
13.2377 13.1773 0.296884
13.2377 13.1773 0.296884
13.2377 13.1773 0.296884
13.6189 13.2169 0.293474
13.6189 13.2169 0.293474
13.589 13.1871 0.3108
13.2581 12.9653 0.311977
13.441 13.155 0.30233
13.2559 13.1331 0.30087
13.2559 13.1331 0.30087
14.0312 13.2205 0.296991
13.0719 13.2317 0.302718
13.0719 13.2317 0.302718
13.4321 13.3662 0.293246
13.4321 13.3662 0.293246
13.124 13.1031 0.292012
13.2334 13.3809 0.302586
13.2402 12.5756 0.288664
13.264 13.5231 0.298695
13.2526 13.1792 0.284214
13.2574 13.442 0.298461
13.2574 13.442 0.298461
13.5029 13.3316 0.279425
12.8994 13.0546 0.315618
12.8994 13.0546 0.315618
13.5284 13.5756 0.303807
13.5284 13.5756 0.303807
13.3006 13.2287 0.295959
13.1252 13.0145 0.298763
13.1252 13.0145 0.298763
12.8236 12.8574 0.300987
13.6746 13.1761 0.27917
13.153 13.6587 0.29205
12.9115 13.0356 0.283341
13.7683 13.5637 0.279894
13.6773 13.5866 0.291123
13.3357 12.778 0.294517
13.8523 13.1707 0.2946
13.3223 13.4769 0.2962
13.149 13.343 0.291219
13.4309 13.2438 0.293858
12.8218 13.4221 0.279122
13.2446 13.5087 0.279993
13.2446 13.5087 0.279993
13.5015 13.8765 0.310855
12.9246 13.4447 0.296863
13.7808 13.2445 0.293072
13.7808 13.2445 0.293072
13.7808 13.2445 0.293072
13.4274 13.085 0.277925
13.4274 13.085 0.277925
12.9155 12.9562 0.303701
13.7126 13.5015 0.284993
13.0698 13.2495 0.296537
13.3269 13.9118 0.302332
13.7778 13.5633 0.290234
13.5699 13.0867 0.307553
13.2041 12.8616 0.286226
13.2041 12.8616 0.286226
13.0325 13.1887 0.296778
13.3033 13.3075 0.304041
13.3033 13.3075 0.304041
13.8768 13.3743 0.30189
13.4518 13.094 0.295203
13.3327 13.1624 0.281057
13.3327 13.1624 0.281057
13.0116 13.1136 0.310704
13.3343 12.9218 0.303614
13.5208 13.0324 0.301693
13.2168 13.3543 0.301948
13.1849 13.6204 0.29627
13.1849 13.6204 0.29627
12.9402 14.0016 0.31417
12.9402 14.0016 0.31417
13.5761 13.7069 0.296144
13.5761 13.7069 0.296144
13.6792 13.5 0.281564
13.4865 13.1099 0.303794
13.4154 12.9522 0.280721
13.1491 13.0257 0.289063
12.7431 13.162 0.295645
13.5513 13.351 0.295336
12.7949 13.1157 0.2925
12.7949 13.1157 0.2925
12.7949 13.1157 0.2925
12.9793 13.3432 0.293181
12.9583 12.805 0.303518
12.9583 12.805 0.303518
12.0017 12.6349 0.29694
12.094 12.5646 0.277606
12.6741 13.0512 0.317666
12.6741 13.0512 0.317666
12.6741 13.0512 0.317666
12.3796 12.6145 0.318788
12.3796 12.6145 0.318788
12.7033 12.3174 0.325763
12.7033 12.3174 0.325763
12.5264 12.3359 0.306068
12.6924 12.5736 0.296285
12.1637 12.3795 0.283864
12.3033 12.0934 0.298086
12.7651 12.368 0.320185
12.7651 12.368 0.320185
12.454 12.5698 0.305295
12.454 12.5698 0.305295
12.454 12.5698 0.305295
12.8371 12.2812 0.296373
13.0951 12.7412 0.317352
13.0951 12.7412 0.317352
12.6298 12.4557 0.300522
12.6871 12.1726 0.300629
12.7045 11.6606 0.315201
12.7045 11.6606 0.315201
12.6476 12.2642 0.311834
12.428 12.9339 0.287645
12.428 12.9339 0.287645
12.428 12.9339 0.287645
12.6656 11.9303 0.298833
12.6656 11.9303 0.298833
12.0307 12.5672 0.311182
12.4552 12.4929 0.291113
12.3563 12.5316 0.310292
12.3563 12.5316 0.310292
12.6875 12.389 0.276141
12.2994 12.3399 0.311682
12.2994 12.3399 0.311682
12.2994 12.3399 0.311682
12.2994 12.3399 0.311682
12.2994 12.3399 0.311682
12.7016 12.3466 0.280849
12.3351 12.4491 0.30556
12.3547 12.3869 0.29381
12.3547 12.3869 0.29381
12.4363 12.4029 0.297437
12.4363 12.4029 0.297437
12.4666 12.461 0.318658
12.4998 12.4765 0.319308
12.4998 12.4765 0.319308
12.4998 12.4765 0.319308
12.1671 12.2128 0.295545
12.1671 12.2128 0.295545
12.2271 12.9411 0.293578
12.2271 12.9411 0.293578
12.4217 12.0873 0.314673
12.4217 12.0873 0.314673
12.4217 12.0873 0.314673
12.6737 12.6583 0.298383
11.8146 12.4207 0.294249
11.8146 12.4207 0.294249
12.4299 12.5788 0.308294
12.4299 12.5788 0.308294
12.4299 12.5788 0.308294
12.4299 12.5788 0.308294
12.4299 12.5788 0.308294
12.7123 12.5924 0.302654
11.9891 12.5741 0.331899
12.9614 11.9969 0.298275
12.4227 12.2569 0.308198
12.4227 12.2569 0.308198
12.5554 12.8458 0.286239
12.5554 12.8458 0.286239
12.3175 12.4585 0.296149
12.3175 12.4585 0.296149
12.3175 12.4585 0.296149
12.6996 12.5395 0.289419
12.6996 12.5395 0.289419
12.5969 12.0722 0.306677
12.6811 12.8611 0.305835
12.3494 12.7357 0.300375
12.3494 12.7357 0.300375
12.3494 12.7357 0.300375
12.6043 12.0902 0.311002
12.1874 12.388 0.306167
12.4267 12.0094 0.297742
12.4267 12.0094 0.297742
12.4267 12.0094 0.297742
12.5234 13.1589 0.293066
12.2108 13.0348 0.301836
12.2108 13.0348 0.301836
12.5047 12.3036 0.301828
12.6077 12.8188 0.308959
12.087 12.0438 0.311491
12.087 12.0438 0.311491
12.087 12.0438 0.311491
12.5497 12.4395 0.299642
11.8015 12.6005 0.287865
12.2574 12.3016 0.307112
11.9153 12.6091 0.312429
11.9153 12.6091 0.312429
11.9153 12.6091 0.312429
12.2478 12.6161 0.298553
12.2849 12.3856 0.311532
12.2849 12.3856 0.311532
12.3505 12.6233 0.296384
12.3505 12.6233 0.296384
12.3505 12.6233 0.296384
12.3505 12.6233 0.296384
12.3456 12.9693 0.300147
12.5643 12.6167 0.288867
12.0289 12.8755 0.316852
12.0289 12.8755 0.316852
12.4189 12.0596 0.273644
12.3032 12.6834 0.304357
12.3032 12.6834 0.304357
12.3874 12.3784 0.306585
12.3874 12.3784 0.306585
13.2018 12.4305 0.291728
12.4268 13.1183 0.292319
12.4668 12.1374 0.284613
12.3807 13.0389 0.311062
12.3807 13.0389 0.311062
12.2204 12.42 0.30949
11.9534 12.5622 0.312884
11.9534 12.5622 0.312884
12.5164 12.9609 0.289215
12.5164 12.9609 0.289215
12.5164 12.9609 0.289215
12.4804 12.1933 0.307964
12.4016 12.5516 0.306841
12.4766 12.6856 0.305534
12.4766 12.6856 0.305534
12.4766 12.6856 0.305534
12.3271 12.2453 0.312762
12.6585 12.3255 0.317779
12.5189 12.6546 0.29831
12.5189 12.6546 0.29831
12.5189 12.6546 0.29831
12.348 12.2994 0.305533
12.4976 12.1276 0.287665
12.4976 12.1276 0.287665
12.7671 12.0702 0.294286
12.2913 12.9078 0.29177
12.6569 12.0746 0.30456
12.3978 12.3296 0.301175
12.3978 12.3296 0.301175
12.2883 12.8612 0.307603
12.0365 12.742 0.312872
12.0365 12.742 0.312872
12.0365 12.742 0.312872
12.0365 12.742 0.312872
12.0365 12.742 0.312872
12.0365 12.742 0.312872
12.0365 12.742 0.312872
12.6591 11.9588 0.291703
11.9987 12.273 0.295891
12.4519 12.4386 0.304926
12.8594 12.6529 0.309881
12.8412 12.5395 0.328078
12.5604 12.9601 0.319003
12.8655 13.0372 0.3115
12.8655 13.0372 0.3115
12.0409 12.6622 0.308231
12.4061 12.9817 0.310987
12.4061 12.9817 0.310987
12.4061 12.9817 0.310987
12.4061 12.9817 0.310987
12.5316 12.6068 0.30059
12.7698 12.4985 0.318538
12.6144 12.4858 0.312722
12.8413 12.46 0.307561
12.8413 12.46 0.307561
12.8719 12.0814 0.308465
12.8719 12.0814 0.308465
12.3786 12.5544 0.290282
12.5879 12.3235 0.295188
12.5879 12.3235 0.295188
12.1298 12.5562 0.297541
12.5438 12.2658 0.300247
12.5438 12.2658 0.300247
13.0241 11.8855 0.30552
12.8323 12.4224 0.287443
12.4506 12.1604 0.297417
12.0091 12.2129 0.304266
13.2206 12.4841 0.289827
12.6055 12.4119 0.299293
13.1239 12.4168 0.326331
11.9709 12.2916 0.310752
11.9709 12.2916 0.310752
11.9709 12.2916 0.310752
12.7951 12.4035 0.307701
12.7951 12.4035 0.307701
12.7951 12.4035 0.307701
12.6435 12.6546 0.290272
12.7986 12.4466 0.308118
12.7986 12.4466 0.308118
12.7986 12.4466 0.308118
12.7359 12.7415 0.30044
12.7069 13.1904 0.300549
12.7069 13.1904 0.300549
12.7069 13.1904 0.300549
12.7069 13.1904 0.300549
12.6654 12.1428 0.293049
11.7823 12.8782 0.295851
12.2146 12.9178 0.290926
12.2146 12.9178 0.290926
12.4351 12.6907 0.309638
12.4351 12.6907 0.309638
12.5304 12.6985 0.292309
12.4916 12.8792 0.308085
12.4916 12.8792 0.308085
12.4916 12.8792 0.308085
12.4196 12.4752 0.281224
12.4154 12.4788 0.302778
12.1547 12.4995 0.295994
13.2057 12.4355 0.288824
12.1336 12.4769 0.308668
12.1336 12.4769 0.308668
12.2978 12.1984 0.304321
12.9174 12.6376 0.309553
11.877 12.4686 0.305475
11.877 12.4686 0.305475
11.877 12.4686 0.305475
12.1909 12.2868 0.299421
12.1909 12.2868 0.299421
12.1909 12.2868 0.299421
12.5642 12.4055 0.288918
12.2511 12.5055 0.277524
12.0457 12.6932 0.300747
12.0457 12.6932 0.300747
12.9401 12.2799 0.3057
12.2256 12.4714 0.299562
12.3371 12.8029 0.316271
12.7973 12.6414 0.287955
12.7973 12.6414 0.287955
12.8195 12.8275 0.308833
12.8195 12.8275 0.308833
12.4491 12.4711 0.307211
12.4491 12.4711 0.307211
12.1755 12.6596 0.289311
12.1755 12.6596 0.289311
12.3857 12.8153 0.29311
12.4962 12.4838 0.294943
12.6169 12.4081 0.302091
12.6169 12.4081 0.302091
12.5972 12.7261 0.315067
12.7456 12.5548 0.286318
12.7456 12.5548 0.286318
12.2387 12.167 0.302312
12.8321 12.084 0.310147
12.8321 12.084 0.310147
12.8321 12.084 0.310147
12.2428 13.0594 0.293307
12.4184 12.232 0.294477
12.7616 12.4526 0.314181
12.7616 12.4526 0.314181
12.7616 12.4526 0.314181
12.4539 12.6304 0.308192
12.4539 12.6304 0.308192
12.3221 12.5516 0.310415
12.881 12.4814 0.308142
12.0564 12.0331 0.301252
12.0564 12.0331 0.301252
12.2499 12.2002 0.31203
12.2499 12.2002 0.31203
12.0702 12.2621 0.312992
12.3804 12.2917 0.284732
12.7637 12.1405 0.301258
12.9255 12.7776 0.313057
12.9255 12.7776 0.313057
12.7361 12.272 0.290502
12.5706 12.5182 0.290223
12.5706 12.5182 0.290223
12.0329 13.0771 0.313206
12.1939 12.2989 0.280251
12.1939 12.2989 0.280251
12.9301 12.865 0.315844
12.9301 12.865 0.315844
13.0028 12.3078 0.301584
13.1255 12.5198 0.312214
11.9274 12.6211 0.299271
11.9274 12.6211 0.299271
12.4037 12.5992 0.320527
12.4037 12.5992 0.320527
12.3734 12.3973 0.318094
12.1083 12.1123 0.318903
12.447 12.7294 0.287472
12.4586 12.5014 0.311174
11.83 12.303 0.297678
12.0661 12.5076 0.31823
12.0661 12.5076 0.31823
12.0661 12.5076 0.31823
12.5042 11.8062 0.303131
12.8896 12.8867 0.319501
12.8896 12.8867 0.319501
12.3143 12.425 0.30699
12.3143 12.425 0.30699
12.9238 12.0964 0.301809
12.5723 12.7701 0.315778
12.5723 12.7701 0.315778
12.1224 12.651 0.311184
12.4403 12.3448 0.296371
12.4403 12.3448 0.296371
12.5184 12.5239 0.306178
12.4243 12.273 0.294944
12.4243 12.273 0.294944
12.4243 12.273 0.294944
12.7023 12.4009 0.285246
12.7023 12.4009 0.285246
12.7023 12.4009 0.285246
12.2421 11.8366 0.306195
12.4838 12.4501 0.300243
12.6413 12.5389 0.299617
12.7002 12.1464 0.297517
12.6405 12.2795 0.303726
12.6405 12.2795 0.303726
12.6405 12.2795 0.303726
12.6405 12.2795 0.303726
12.6405 12.2795 0.303726
12.6405 12.2795 0.303726
12.6334 12.5754 0.313878
12.6242 12.3555 0.300028
12.0646 12.9468 0.29551
12.8702 12.2711 0.293555
12.5689 12.6236 0.284336
12.4769 12.7331 0.312249
12.4769 12.7331 0.312249
12.3435 12.6468 0.31607
12.3435 12.6468 0.31607
11.9427 12.3752 0.292136
11.9427 12.3752 0.292136
13.0022 12.3234 0.304753
12.1262 12.882 0.292549
13.0352 12.7102 0.298126
13.0352 12.7102 0.298126
13.0352 12.7102 0.298126
12.2786 12.9479 0.303145
12.0069 12.3046 0.283375
12.0069 12.3046 0.283375
12.6229 12.6676 0.30418
12.8274 12.6418 0.317426
12.0742 12.9859 0.297156
12.0742 12.9859 0.297156
12.0742 12.9859 0.297156
12.7312 12.0772 0.323791
12.7312 12.0772 0.323791
12.2445 12.462 0.29014
12.2874 12.3334 0.308491
12.2874 12.3334 0.308491
12.529 12.4286 0.305543
13.0092 12.1755 0.30768
13.0092 12.1755 0.30768
12.6582 12.5525 0.310654
12.5684 11.9575 0.290702
12.5684 11.9575 0.290702
12.8919 12.5124 0.308007
12.8919 12.5124 0.308007
12.1826 12.1963 0.30667
12.1826 12.1963 0.30667
12.0082 11.6026 0.29827
12.346 12.6967 0.299447
12.5608 13.0198 0.306084
12.65 12.3451 0.310683
12.65 12.3451 0.310683
12.65 12.3451 0.310683
12.4804 12.3908 0.306644
12.4804 12.3908 0.306644
12.4021 12.2196 0.304827
12.4021 12.2196 0.304827
12.4021 12.2196 0.304827
12.4021 12.2196 0.304827
12.4021 12.2196 0.304827
12.5102 13.057 0.30266
12.5102 13.057 0.30266
12.2527 12.4646 0.295005
12.9499 12.7685 0.298384
13.1093 11.9662 0.306975
12.9288 12.7222 0.304297
12.6958 12.7275 0.310916
12.5258 12.0352 0.324558
12.5258 12.0352 0.324558
12.5258 12.0352 0.324558
12.5258 12.0352 0.324558
12.1321 12.4898 0.326134
12.2373 12.5788 0.298401
12.5772 12.5559 0.300997
12.5772 12.5559 0.300997
12.5772 12.5559 0.300997
12.6054 12.4146 0.297206
12.4494 12.0549 0.302371
12.4494 12.0549 0.302371
12.3916 12.3577 0.302306
8.66386 8.52819 0.3172
9.21597 8.90369 0.32037
8.82146 8.73456 0.325112
8.82146 8.73456 0.325112
8.16722 8.89141 0.314371
8.16722 8.89141 0.314371
8.16722 8.89141 0.314371
8.16722 8.89141 0.314371
8.16722 8.89141 0.314371
8.43792 9.08323 0.310524
8.43792 9.08323 0.310524
8.43792 9.08323 0.310524
8.43792 9.08323 0.310524
8.43792 9.08323 0.310524
8.43792 9.08323 0.310524
8.43792 9.08323 0.310524
8.43792 9.08323 0.310524
8.93023 8.31465 0.32817
8.93023 8.31465 0.32817
8.93023 8.31465 0.32817
9.12204 8.4389 0.308313
9.12204 8.4389 0.308313
8.03524 8.7006 0.317373
8.03524 8.7006 0.317373
8.03524 8.7006 0.317373
8.23689 8.82552 0.315599
8.23689 8.82552 0.315599
8.12605 8.44845 0.319335
8.27779 8.62054 0.307409
8.54579 9.23706 0.331284
8.54579 9.23706 0.331284
8.59704 8.22393 0.306473
8.59704 8.22393 0.306473
8.59704 8.22393 0.306473
8.59704 8.22393 0.306473
8.59704 8.22393 0.306473
8.57221 9.00407 0.319379
8.57221 9.00407 0.319379
7.95482 9.01815 0.31954
8.98213 8.34596 0.318861
8.98213 8.34596 0.318861
8.98213 8.34596 0.318861
8.98213 8.34596 0.318861
8.98213 8.34596 0.318861
8.75307 9.11271 0.316905
8.75307 9.11271 0.316905
8.75307 9.11271 0.316905
8.75307 9.11271 0.316905
8.75307 9.11271 0.316905
8.75307 9.11271 0.316905
8.82826 8.93045 0.340343
8.38968 8.71564 0.314906
8.38968 8.71564 0.314906
8.38968 8.71564 0.314906
8.38968 8.71564 0.314906
8.38968 8.71564 0.314906
8.38968 8.71564 0.314906
8.52659 8.43825 0.310586
8.52659 8.43825 0.310586
8.52659 8.43825 0.310586
8.50872 8.02167 0.302303
8.50872 8.02167 0.302303
8.50872 8.02167 0.302303
8.50872 8.02167 0.302303
8.50872 8.02167 0.302303
8.50872 8.02167 0.302303
8.5388 8.10382 0.330272
8.52186 8.69248 0.334138
8.52186 8.69248 0.334138
8.52186 8.69248 0.334138
8.79242 8.71632 0.329298
8.79242 8.71632 0.329298
8.79242 8.71632 0.329298
8.79242 8.71632 0.329298
8.79242 8.71632 0.329298
8.79242 8.71632 0.329298
8.79242 8.71632 0.329298
8.79242 8.71632 0.329298
8.92045 8.25493 0.329477
8.92045 8.25493 0.329477
9.13646 8.14392 0.312236
9.13646 8.14392 0.312236
9.13646 8.14392 0.312236
9.14739 9.14971 0.31925
9.14739 9.14971 0.31925
8.1162 8.30139 0.333111
8.1162 8.30139 0.333111
8.1162 8.30139 0.333111
8.1162 8.30139 0.333111
8.1162 8.30139 0.333111
8.1162 8.30139 0.333111
8.1162 8.30139 0.333111
8.1162 8.30139 0.333111
8.1162 8.30139 0.333111
8.17987 8.78618 0.313766
8.17987 8.78618 0.313766
8.17987 8.78618 0.313766
8.17987 8.78618 0.313766
8.17987 8.78618 0.313766
8.17987 8.78618 0.313766
8.17987 8.78618 0.313766
8.59087 8.50468 0.310514
8.74267 9.07266 0.329845
8.74267 9.07266 0.329845
8.74267 9.07266 0.329845
9.11988 8.78736 0.321625
9.11988 8.78736 0.321625
9.11988 8.78736 0.321625
9.11988 8.78736 0.321625
8.98121 8.30124 0.304936
8.98121 8.30124 0.304936
8.98121 8.30124 0.304936
8.98121 8.30124 0.304936
8.98121 8.30124 0.304936
8.58397 8.67157 0.321541
8.58397 8.67157 0.321541
8.58397 8.67157 0.321541
8.58397 8.67157 0.321541
8.58397 8.67157 0.321541
8.58397 8.67157 0.321541
8.58397 8.67157 0.321541
8.58397 8.67157 0.321541
8.58397 8.67157 0.321541
8.58397 8.67157 0.321541
8.58397 8.67157 0.321541
8.58397 8.67157 0.321541
8.58397 8.67157 0.321541
8.67798 8.36918 0.312239
8.67798 8.36918 0.312239
8.84669 8.16694 0.32183
8.78453 8.36661 0.312805
8.47897 8.6367 0.331337
8.47897 8.6367 0.331337
8.47897 8.6367 0.331337
8.6415 8.97315 0.324792
8.6415 8.97315 0.324792
8.6415 8.97315 0.324792
8.6415 8.97315 0.324792
8.6415 8.97315 0.324792
8.8223 8.65302 0.326972
8.8223 8.65302 0.326972
8.8223 8.65302 0.326972
8.8223 8.65302 0.326972
8.8223 8.65302 0.326972
8.96483 8.69909 0.311692
8.96483 8.69909 0.311692
8.96483 8.69909 0.311692
8.96483 8.69909 0.311692
8.83065 8.43253 0.320338
8.80203 8.47287 0.325331
8.80203 8.47287 0.325331
8.29688 8.52446 0.318775
8.78419 8.37838 0.317748
7.89047 8.64744 0.312461
7.89047 8.64744 0.312461
8.16377 8.34458 0.327603
8.16377 8.34458 0.327603
8.16377 8.34458 0.327603
8.80453 8.71516 0.320503
8.56865 8.38294 0.299378
8.56865 8.38294 0.299378
8.56865 8.38294 0.299378
8.56865 8.38294 0.299378
8.94987 8.75851 0.320792
8.94987 8.75851 0.320792
8.94987 8.75851 0.320792
8.40152 8.32538 0.317712
8.40152 8.32538 0.317712
8.40152 8.32538 0.317712
8.40152 8.32538 0.317712
8.40152 8.32538 0.317712
8.29703 8.27743 0.303562
8.29703 8.27743 0.303562
8.29703 8.27743 0.303562
8.29703 8.27743 0.303562
8.36958 8.717 0.328882
8.36958 8.717 0.328882
8.74336 8.48583 0.335845
8.74336 8.48583 0.335845
8.74336 8.48583 0.335845
8.74336 8.48583 0.335845
8.58078 8.76894 0.318607
8.39866 8.36608 0.303104
8.39866 8.36608 0.303104
8.39866 8.36608 0.303104
8.39866 8.36608 0.303104
8.39866 8.36608 0.303104
8.39866 8.36608 0.303104
8.39866 8.36608 0.303104
8.39866 8.36608 0.303104
8.39866 8.36608 0.303104
9.25145 8.56062 0.321409
9.25145 8.56062 0.321409
9.25145 8.56062 0.321409
8.22887 8.33028 0.318855
8.22887 8.33028 0.318855
8.22887 8.33028 0.318855
8.22887 8.33028 0.318855
8.58154 8.54503 0.310528
8.44781 8.88445 0.324835
8.46637 9.12107 0.326335
8.46637 9.12107 0.326335
8.46637 9.12107 0.326335
8.46637 9.12107 0.326335
8.46637 9.12107 0.326335
8.46637 9.12107 0.326335
8.46637 9.12107 0.326335
8.46637 9.12107 0.326335
9.21319 8.46419 0.313222
9.21319 8.46419 0.313222
9.21319 8.46419 0.313222
9.21319 8.46419 0.313222
9.21319 8.46419 0.313222
9.21319 8.46419 0.313222
9.21319 8.46419 0.313222
8.205 8.39056 0.327242
8.205 8.39056 0.327242
8.205 8.39056 0.327242
8.205 8.39056 0.327242
9.07148 8.68803 0.312957
9.07148 8.68803 0.312957
9.07148 8.68803 0.312957
9.07148 8.68803 0.312957
9.07148 8.68803 0.312957
9.07148 8.68803 0.312957
9.07148 8.68803 0.312957
9.07148 8.68803 0.312957
9.07148 8.68803 0.312957
9.20265 8.49957 0.318337
9.20265 8.49957 0.318337
9.20265 8.49957 0.318337
9.20265 8.49957 0.318337
8.54966 8.58553 0.315802
8.54966 8.58553 0.315802
8.54966 8.58553 0.315802
8.54966 8.58553 0.315802
8.54966 8.58553 0.315802
8.54966 8.58553 0.315802
8.54966 8.58553 0.315802
8.9943 8.48147 0.320053
8.9943 8.48147 0.320053
8.9943 8.48147 0.320053
8.9943 8.48147 0.320053
8.9943 8.48147 0.320053
8.9943 8.48147 0.320053
8.9943 8.48147 0.320053
8.9943 8.48147 0.320053
9.31794 8.83092 0.317425
8.84636 8.52415 0.332763
8.10332 8.26389 0.32403
8.10332 8.26389 0.32403
8.10332 8.26389 0.32403
8.10332 8.26389 0.32403
8.47513 9.16759 0.323138
8.47513 9.16759 0.323138
8.47513 9.16759 0.323138
8.47513 9.16759 0.323138
8.47513 9.16759 0.323138
9.01661 8.16807 0.30588
9.01661 8.16807 0.30588
9.00429 8.87601 0.323775
9.00429 8.87601 0.323775
8.73211 8.80701 0.305232
8.9463 9.34775 0.315715
8.9463 9.34775 0.315715
8.9463 9.34775 0.315715
8.9463 9.34775 0.315715
8.9463 9.34775 0.315715
8.9463 9.34775 0.315715
8.58107 9.04394 0.309897
8.58107 9.04394 0.309897
9.31691 8.71152 0.30795
9.14128 8.85382 0.324559
9.14128 8.85382 0.324559
9.14128 8.85382 0.324559
9.14128 8.85382 0.324559
9.14128 8.85382 0.324559
9.14128 8.85382 0.324559
9.14128 8.85382 0.324559
9.14128 8.85382 0.324559
9.14128 8.85382 0.324559
8.90553 8.70597 0.30509
8.90553 8.70597 0.30509
9.24095 8.81271 0.339465
9.24095 8.81271 0.339465
9.24095 8.81271 0.339465
9.24095 8.81271 0.339465
8.57241 9.19394 0.33582
8.57241 9.19394 0.33582
8.57241 9.19394 0.33582
8.56839 8.80777 0.327993
8.89472 8.46162 0.314278
8.89472 8.46162 0.314278
9.0176 8.42219 0.327237
9.0176 8.42219 0.327237
9.08593 8.48677 0.313792
9.08593 8.48677 0.313792
9.08593 8.48677 0.313792
9.08593 8.48677 0.313792
9.08593 8.48677 0.313792
8.5646 8.96336 0.308914
8.5646 8.96336 0.308914
8.5646 8.96336 0.308914
8.5646 8.96336 0.308914
8.5646 8.96336 0.308914
8.5646 8.96336 0.308914
8.5646 8.96336 0.308914
8.5646 8.96336 0.308914
8.5646 8.96336 0.308914
9.02935 8.75379 0.304021
9.02935 8.75379 0.304021
8.40337 8.83935 0.338684
8.40337 8.83935 0.338684
8.86644 8.75756 0.314303
8.86644 8.75756 0.314303
8.86644 8.75756 0.314303
8.86644 8.75756 0.314303
8.86644 8.75756 0.314303
9.13655 8.6661 0.311303
9.13655 8.6661 0.311303
9.13655 8.6661 0.311303
9.13655 8.6661 0.311303
8.997 8.71714 0.325947
8.997 8.71714 0.325947
8.997 8.71714 0.325947
8.74946 8.57403 0.326087
8.74946 8.57403 0.326087
8.74946 8.57403 0.326087
8.74946 8.57403 0.326087
8.74946 8.57403 0.326087
8.74946 8.57403 0.326087
8.74946 8.57403 0.326087
8.74946 8.57403 0.326087
8.74946 8.57403 0.326087
8.74946 8.57403 0.326087
8.64272 8.96486 0.325564
8.64272 8.96486 0.325564
9.15631 8.71159 0.317305
9.15631 8.71159 0.317305
9.15631 8.71159 0.317305
9.15631 8.71159 0.317305
9.15631 8.71159 0.317305
8.49761 8.44657 0.312989
8.49761 8.44657 0.312989
8.49761 8.44657 0.312989
8.49761 8.44657 0.312989
8.78824 8.52202 0.319595
8.78824 8.52202 0.319595
8.44308 8.32881 0.337632
8.44308 8.32881 0.337632
8.42901 7.94104 0.333507
8.50757 8.76743 0.33338
8.50757 8.76743 0.33338
8.85714 8.78792 0.314776
8.85714 8.78792 0.314776
8.85714 8.78792 0.314776
8.56457 8.3111 0.30723
8.56457 8.3111 0.30723
8.56457 8.3111 0.30723
8.55977 8.83479 0.326946
8.55977 8.83479 0.326946
8.55977 8.83479 0.326946
8.84228 8.52099 0.303263
8.84228 8.52099 0.303263
8.84228 8.52099 0.303263
8.84228 8.52099 0.303263
8.37339 8.57569 0.345959
8.04368 9.06276 0.326567
8.04368 9.06276 0.326567
8.04368 9.06276 0.326567
8.04368 9.06276 0.326567
8.04368 9.06276 0.326567
8.04368 9.06276 0.326567
8.04368 9.06276 0.326567
8.04368 9.06276 0.326567
8.67555 8.59903 0.331061
8.82474 8.11207 0.313436
8.45545 8.54576 0.328419
9.09617 8.93338 0.329367
9.09617 8.93338 0.329367
9.09617 8.93338 0.329367
9.23717 8.31123 0.318445
9.23717 8.31123 0.318445
9.23717 8.31123 0.318445
9.23717 8.31123 0.318445
8.49861 8.94005 0.32841
8.49861 8.94005 0.32841
8.8456 8.24668 0.333606
8.6936 8.17029 0.329822
8.6936 8.17029 0.329822
8.6936 8.17029 0.329822
8.6936 8.17029 0.329822
8.6936 8.17029 0.329822
8.6936 8.17029 0.329822
8.6936 8.17029 0.329822
8.2594 8.57849 0.334172
8.2594 8.57849 0.334172
8.2594 8.57849 0.334172
8.2594 8.57849 0.334172
8.2594 8.57849 0.334172
8.2594 8.57849 0.334172
8.2594 8.57849 0.334172
7.98731 8.22962 0.336003
7.98731 8.22962 0.336003
7.98731 8.22962 0.336003
7.98731 8.22962 0.336003
7.98731 8.22962 0.336003
7.98731 8.22962 0.336003
7.98731 8.22962 0.336003
8.64377 8.72949 0.307644
8.64377 8.72949 0.307644
8.64377 8.72949 0.307644
8.5904 8.62918 0.324626
8.5904 8.62918 0.324626
8.5904 8.62918 0.324626
8.58564 8.76512 0.331201
8.58564 8.76512 0.331201
8.58564 8.76512 0.331201
8.58564 8.76512 0.331201
8.58564 8.76512 0.331201
8.58564 8.76512 0.331201
8.58564 8.76512 0.331201
8.58564 8.76512 0.331201
8.58564 8.76512 0.331201
8.58564 8.76512 0.331201
8.58564 8.76512 0.331201
9.04891 8.5919 0.318464
9.04891 8.5919 0.318464
9.04891 8.5919 0.318464
8.9328 8.33462 0.326852
8.9328 8.33462 0.326852
8.9328 8.33462 0.326852
8.9328 8.33462 0.326852
9.02562 8.7371 0.316288
9.02562 8.7371 0.316288
8.66691 8.53616 0.327233
8.66691 8.53616 0.327233
8.66691 8.53616 0.327233
8.7301 8.71687 0.301617
9.09914 8.20749 0.309834
9.09914 8.20749 0.309834
9.09914 8.20749 0.309834
9.09914 8.20749 0.309834
8.20413 9.10568 0.303922
8.20413 9.10568 0.303922
8.72553 8.76133 0.321814
8.72553 8.76133 0.321814
8.72553 8.76133 0.321814
8.72553 8.76133 0.321814
8.72553 8.76133 0.321814
8.81844 8.92978 0.318918
8.81844 8.92978 0.318918
8.81844 8.92978 0.318918
8.81844 8.92978 0.318918
8.81446 8.52261 0.325766
8.81446 8.52261 0.325766
8.41885 8.70286 0.313647
8.41885 8.70286 0.313647
8.77736 8.50892 0.344103
8.63257 8.45174 0.326975
8.63257 8.45174 0.326975
8.63257 8.45174 0.326975
8.63257 8.45174 0.326975
8.36053 8.41605 0.321138
8.72032 8.49669 0.32693
8.72032 8.49669 0.32693
8.72032 8.49669 0.32693
8.72032 8.49669 0.32693
8.72032 8.49669 0.32693
8.72032 8.49669 0.32693
8.72032 8.49669 0.32693
8.50536 8.06191 0.314045
8.50536 8.06191 0.314045
9.16443 9.16803 0.331346
8.84164 8.86896 0.328942
8.55382 8.85058 0.305768
8.55382 8.85058 0.305768
8.55382 8.85058 0.305768
8.7692 8.78834 0.311694
8.7692 8.78834 0.311694
8.7692 8.78834 0.311694
8.7692 8.78834 0.311694
8.18814 8.45485 0.313183
8.18814 8.45485 0.313183
8.18814 8.45485 0.313183
8.18814 8.45485 0.313183
8.18814 8.45485 0.313183
8.18814 8.45485 0.313183
8.18814 8.45485 0.313183
8.16587 8.91388 0.311125
8.16587 8.91388 0.311125
8.16587 8.91388 0.311125
8.16587 8.91388 0.311125
8.16587 8.91388 0.311125
9.26076 9.10327 0.322995
9.26076 9.10327 0.322995
9.26076 9.10327 0.322995
9.26076 9.10327 0.322995
9.26076 9.10327 0.322995
9.26076 9.10327 0.322995
8.64533 8.76295 0.304972
8.64533 8.76295 0.304972
8.64533 8.76295 0.304972
8.64533 8.76295 0.304972
8.1842 8.66038 0.313878
8.1842 8.66038 0.313878
8.1842 8.66038 0.313878
8.65357 9.10474 0.308768
8.79635 8.50457 0.306334
8.7733 8.67549 0.320641
8.7733 8.67549 0.320641
8.70622 8.93384 0.339271
8.70622 8.93384 0.339271
8.67799 8.44 0.306868
8.67799 8.44 0.306868
8.27285 8.93723 0.323024
8.27285 8.93723 0.323024
8.27285 8.93723 0.323024
8.27285 8.93723 0.323024
8.27285 8.93723 0.323024
8.73679 8.25728 0.330046
8.73679 8.25728 0.330046
9.00575 8.03978 0.325848
9.00575 8.03978 0.325848
9.00575 8.03978 0.325848
8.82727 8.61131 0.313915
8.82727 8.61131 0.313915
8.43588 8.84855 0.309546
8.43588 8.84855 0.309546
8.43588 8.84855 0.309546
9.22826 8.36611 0.328362
9.22826 8.36611 0.328362
9.22826 8.36611 0.328362
9.22826 8.36611 0.328362
9.22826 8.36611 0.328362
9.22826 8.36611 0.328362
9.22826 8.36611 0.328362
9.22826 8.36611 0.328362
9.22826 8.36611 0.328362
8.70468 8.62113 0.323342
8.94293 8.37853 0.336349
8.94293 8.37853 0.336349
8.94293 8.37853 0.336349
8.44914 9.12776 0.315144
8.43017 8.97093 0.310324
8.43017 8.97093 0.310324
8.43017 8.97093 0.310324
8.43017 8.97093 0.310324
8.43017 8.97093 0.310324
8.82946 9.42869 0.323624
8.82946 9.42869 0.323624
8.85162 8.69249 0.30702
8.85162 8.69249 0.30702
8.85162 8.69249 0.30702
8.85162 8.69249 0.30702
8.85162 8.69249 0.30702
8.85162 8.69249 0.30702
8.85162 8.69249 0.30702
8.85162 8.69249 0.30702
8.85162 8.69249 0.30702
8.85162 8.69249 0.30702
8.85162 8.69249 0.30702
8.50556 8.77576 0.312956
8.50556 8.77576 0.312956
8.50556 8.77576 0.312956
8.16138 8.93035 0.307018
8.16138 8.93035 0.307018
9.02217 8.21266 0.331374
9.02217 8.21266 0.331374
9.02217 8.21266 0.331374
8.62899 8.13752 0.308792
8.95341 8.89163 0.308803
9.08318 9.10884 0.329395
9.08318 9.10884 0.329395
9.08318 9.10884 0.329395
9.08318 9.10884 0.329395
9.08318 9.10884 0.329395
8.25724 8.12965 0.308542
8.25724 8.12965 0.308542
8.25724 8.12965 0.308542
8.25724 8.12965 0.308542
8.25724 8.12965 0.308542
8.25724 8.12965 0.308542
8.25724 8.12965 0.308542
9.04922 8.68039 0.316975
9.04922 8.68039 0.316975
9.04922 8.68039 0.316975
9.04922 8.68039 0.316975
8.82824 8.82845 0.326638
8.41881 8.6928 0.302247
8.49938 8.3529 0.328602
8.17446 8.20553 0.321116
8.17446 8.20553 0.321116
8.42755 8.50267 0.322224
8.42755 8.50267 0.322224
8.42755 8.50267 0.322224
8.57894 9.15995 0.326653
8.57894 9.15995 0.326653
8.57894 9.15995 0.326653
8.57894 9.15995 0.326653
8.57894 9.15995 0.326653
8.57894 9.15995 0.326653
8.32631 8.38119 0.331504
8.32631 8.38119 0.331504
8.53851 8.98897 0.320835
11.9166 12.0362 0.323785
6.08737 6.59659 0.312517
6.08737 6.59659 0.312517
6.08737 6.59659 0.312517
6.08737 6.59659 0.312517
6.08737 6.59659 0.312517
6.08737 6.59659 0.312517
6.08737 6.59659 0.312517
6.08737 6.59659 0.312517
6.08737 6.59659 0.312517
6.08737 6.59659 0.312517
6.08737 6.59659 0.312517
6.08737 6.59659 0.312517
6.08737 6.59659 0.312517
6.08737 6.59659 0.312517
6.08737 6.59659 0.312517
6.08737 6.59659 0.312517
6.08737 6.59659 0.312517
6.08737 6.59659 0.312517
6.08737 6.59659 0.312517
6.08737 6.59659 0.312517
6.08737 6.59659 0.312517
6.08737 6.59659 0.312517
6.08737 6.59659 0.312517
6.08737 6.59659 0.312517
6.08737 6.59659 0.312517
6.08737 6.59659 0.312517
6.08737 6.59659 0.312517
6.08737 6.59659 0.312517
5.79979 6.21571 0.00965199
5.79979 6.21571 0.00965199
5.79979 6.21571 0.00965199
5.79979 6.21571 0.00965199
6.70325 6.56003 -0.00314776
6.70325 6.56003 -0.00314776
6.47297 6.38341 0.00692892
6.23268 6.00392 -0.0248975
6.23268 6.00392 -0.0248975
6.23268 6.00392 -0.0248975
6.23268 6.00392 -0.0248975
6.23268 6.00392 -0.0248975
6.23268 6.00392 -0.0248975
6.23268 6.00392 -0.0248975
6.23268 6.00392 -0.0248975
6.23268 6.00392 -0.0248975
6.23268 6.00392 -0.0248975
6.23268 6.00392 -0.0248975
6.23268 6.00392 -0.0248975
6.23268 6.00392 -0.0248975
6.16248 6.1131 0.017497
6.31558 6.52664 -0.00338523
6.31558 6.52664 -0.00338523
6.31558 6.52664 -0.00338523
6.31558 6.52664 -0.00338523
6.31558 6.52664 -0.00338523
6.31558 6.52664 -0.00338523
5.74481 6.2398 0.0022158
5.74481 6.2398 0.0022158
5.74481 6.2398 0.0022158
5.74481 6.2398 0.0022158
5.74481 6.2398 0.0022158
6.69132 6.13475 -0.000878542
6.69132 6.13475 -0.000878542
6.3403 6.02852 0.0191007
5.91987 5.79362 0.0171348
6.91345 5.90338 0.0057686
6.91345 5.90338 0.0057686
6.91345 5.90338 0.0057686
6.91345 5.90338 0.0057686
6.91345 5.90338 0.0057686
6.91345 5.90338 0.0057686
6.21619 6.44309 -0.00627157
6.21619 6.44309 -0.00627157
6.21619 6.44309 -0.00627157
6.21619 6.44309 -0.00627157
6.21619 6.44309 -0.00627157
6.21619 6.44309 -0.00627157
6.91797 7.02514 0.295585
5.96023 7.24634 0.301792
5.96023 7.24634 0.301792
5.96023 7.24634 0.301792
5.96023 7.24634 0.301792
5.96023 7.24634 0.301792
6.30987 6.54377 0.30035
6.30987 6.54377 0.30035
6.30987 6.54377 0.30035
7.09718 6.54737 0.305145
7.09718 6.54737 0.305145
7.09718 6.54737 0.305145
6.63371 6.70128 0.309699
6.63371 6.70128 0.309699
6.63371 6.70128 0.309699
6.65213 6.79345 0.291918
6.65213 6.79345 0.291918
6.65213 6.79345 0.291918
6.65213 6.79345 0.291918
6.29822 6.68167 0.315896
6.29822 6.68167 0.315896
6.29822 6.68167 0.315896
6.29822 6.68167 0.315896
9.74572 9.93772 0.312267
9.74572 9.93772 0.312267
9.74572 9.93772 0.312267
9.74572 9.93772 0.312267
9.74572 9.93772 0.312267
9.67166 9.92718 0.337592
9.67166 9.92718 0.337592
9.67166 9.92718 0.337592
9.67166 9.92718 0.337592
9.67166 9.92718 0.337592
9.97137 9.56361 0.316517
9.97137 9.56361 0.316517
9.97137 9.56361 0.316517
9.07122 9.76423 0.336552
9.07122 9.76423 0.336552
9.4427 9.55672 0.311802
9.4427 9.55672 0.311802
9.30684 9.43459 0.312282
9.71124 9.3286 0.301863
9.71124 9.3286 0.301863
9.71124 9.3286 0.301863
9.71124 9.3286 0.301863
9.44837 10.1435 0.331036
9.44837 10.1435 0.331036
9.44837 10.1435 0.331036
9.44837 10.1435 0.331036
9.44837 10.1435 0.331036
6.04386 6.25995 -0.00278758
6.04386 6.25995 -0.00278758
6.04386 6.25995 -0.00278758
6.04386 6.25995 -0.00278758
6.04386 6.25995 -0.00278758
6.04386 6.25995 -0.00278758
6.04386 6.25995 -0.00278758
6.04386 6.25995 -0.00278758
6.04386 6.25995 -0.00278758
6.04386 6.25995 -0.00278758
6.04386 6.25995 -0.00278758
6.04386 6.25995 -0.00278758
6.04386 6.25995 -0.00278758
6.40747 6.21512 0.0131552
6.40747 6.21512 0.0131552
6.40747 6.21512 0.0131552
5.97275 6.14852 -0.00265529
5.97275 6.14852 -0.00265529
6.70902 6.56811 -0.0165859
6.70902 6.56811 -0.0165859
6.70902 6.56811 -0.0165859
6.70902 6.56811 -0.0165859
6.70902 6.56811 -0.0165859
6.70902 6.56811 -0.0165859
6.70902 6.56811 -0.0165859
6.70902 6.56811 -0.0165859
6.70902 6.56811 -0.0165859
6.70902 6.56811 -0.0165859
6.70902 6.56811 -0.0165859
6.70902 6.56811 -0.0165859
6.70902 6.56811 -0.0165859
6.70902 6.56811 -0.0165859
6.70902 6.56811 -0.0165859
6.70902 6.56811 -0.0165859
6.70902 6.56811 -0.0165859
6.29752 6.20566 0.00738172
6.29752 6.20566 0.00738172
6.29752 6.20566 0.00738172
6.29752 6.20566 0.00738172
6.29752 6.20566 0.00738172
6.29752 6.20566 0.00738172
6.65904 6.90986 0.304219
6.65904 6.90986 0.304219
6.65904 6.90986 0.304219
6.65904 6.90986 0.304219
6.65904 6.90986 0.304219
6.65904 6.90986 0.304219
6.65904 6.90986 0.304219
6.65904 6.90986 0.304219
6.65904 6.90986 0.304219
7.14058 6.34415 0.28327
6.71046 6.66972 0.312173
6.71046 6.66972 0.312173
6.71046 6.66972 0.312173
6.71046 6.66972 0.312173
6.78276 6.83779 0.285747
6.78276 6.83779 0.285747
6.78276 6.83779 0.285747
6.78276 6.83779 0.285747
6.78276 6.83779 0.285747
6.78276 6.83779 0.285747
6.78276 6.83779 0.285747
6.78276 6.83779 0.285747
6.78276 6.83779 0.285747
6.78276 6.83779 0.285747
6.78276 6.83779 0.285747
6.78276 6.83779 0.285747
6.78276 6.83779 0.285747
6.78276 6.83779 0.285747
6.78276 6.83779 0.285747
6.78276 6.83779 0.285747
7.15367 6.63819 0.301988
7.0272 6.38115 0.300002
7.70873 7.58471 0.31198
7.70873 7.58471 0.31198
7.70873 7.58471 0.31198
7.70873 7.58471 0.31198
7.70873 7.58471 0.31198
8.54932 7.36399 0.34867
7.74828 7.47277 0.319359
7.74828 7.47277 0.319359
7.12493 7.91331 0.311114
7.12493 7.91331 0.311114
7.12493 7.91331 0.311114
7.12493 7.91331 0.311114
7.12493 7.91331 0.311114
7.12493 7.91331 0.311114
7.12493 7.91331 0.311114
7.12493 7.91331 0.311114
7.12493 7.91331 0.311114
7.27431 8.0626 0.318004
7.27431 8.0626 0.318004
7.48535 7.65056 0.332828
7.7698 7.43687 0.344969
8.33127 7.50235 0.335102
8.33127 7.50235 0.335102
8.33127 7.50235 0.335102
8.33127 7.50235 0.335102
8.33127 7.50235 0.335102
8.33127 7.50235 0.335102
8.33127 7.50235 0.335102
7.91409 8.01297 0.327957
7.91409 8.01297 0.327957
7.91409 8.01297 0.327957
7.91409 8.01297 0.327957
7.91409 8.01297 0.327957
7.91409 8.01297 0.327957
7.45289 7.50383 0.33104
7.45289 7.50383 0.33104
7.45289 7.50383 0.33104
7.70203 7.8936 0.333372
7.88541 7.29813 0.333713
7.88541 7.29813 0.333713
8.92221 8.96853 0.325369
8.92221 8.96853 0.325369
8.92221 8.96853 0.325369
8.92221 8.96853 0.325369
8.42589 8.8106 0.309605
8.42589 8.8106 0.309605
8.42589 8.8106 0.309605
8.42589 8.8106 0.309605
8.4823 8.37889 0.326317
8.4823 8.37889 0.326317
9.10646 9.0476 0.309926
9.10646 9.0476 0.309926
9.10646 9.0476 0.309926
9.10646 9.0476 0.309926
9.00961 8.5066 0.296435
8.81073 8.6639 0.336061
8.81073 8.6639 0.336061
8.81073 8.6639 0.336061
8.59418 8.50507 0.310519
8.59418 8.50507 0.310519
8.87641 8.74683 0.299769
8.87641 8.74683 0.299769
8.41701 8.22292 0.318467
8.41701 8.22292 0.318467
8.41701 8.22292 0.318467
8.41701 8.22292 0.318467
8.41701 8.22292 0.318467
8.5503 8.7792 0.318672
8.5503 8.7792 0.318672
8.73713 8.59886 0.324013
8.73713 8.59886 0.324013
8.73713 8.59886 0.324013
8.73713 8.59886 0.324013
8.73713 8.59886 0.324013
8.73713 8.59886 0.324013
8.86229 8.84644 0.323606
8.86229 8.84644 0.323606
8.86229 8.84644 0.323606
8.86229 8.84644 0.323606
8.86229 8.84644 0.323606
8.86229 8.84644 0.323606
8.86229 8.84644 0.323606
8.28531 8.56472 0.316655
8.28531 8.56472 0.316655
8.28531 8.56472 0.316655
8.28531 8.56472 0.316655
8.28531 8.56472 0.316655
8.28531 8.56472 0.316655
8.28531 8.56472 0.316655
8.28531 8.56472 0.316655
8.28531 8.56472 0.316655
8.28531 8.56472 0.316655
8.28531 8.56472 0.316655
8.82466 8.8948 0.309513
8.46034 8.80314 0.303808
8.46034 8.80314 0.303808
8.46034 8.80314 0.303808
8.46034 8.80314 0.303808
8.73291 8.51022 0.315772
8.73291 8.51022 0.315772
