23.3177 22.9484 0.271527
24.9556 25.4316 0.245034
24.9571 24.9241 0.237689
10.3423 9.90214 0.291107
23.5488 23.7822 0.261322
14.6529 14.6041 0.283581
15.8888 15.7885 0.324489
17.2158 17.7024 0.264858
24.679 24.8816 0.2455
10.1126 10.2139 0.294161
24.0126 23.2316 0.252688
6.93656 6.81633 0.301809
16.1467 16.6228 0.27007
11.8814 11.5121 0.315714
24.1526 23.7833 0.272036
10.1509 9.62505 0.317959
6.41059 6.44927 0.336636
6.01834 6.25177 0.000834648
19.605 19.652 0.279509
25.0243 25.4305 0.264312
11.2283 11.1849 0.30566
20.4928 21.1477 0.277833
19.605 19.652 0.279509
24.4411 24.4592 0.24638
24.5945 24.2252 0.258789
22.9153 23.1949 0.253517
23.6238 23.2993 0.263713
19.5649 18.6535 0.297894
11.9919 12.8229 0.308825
20.1409 20.5699 0.246024
15.9926 16.0489 0.301012
11.9919 12.8229 0.308825
9.5903 10.0193 0.311043
16.0587 15.7292 0.318592
20.4928 21.1477 0.277833
16.5589 16.1939 0.25512
9.75382 8.97282 0.30782
14.0084 14.2219 0.274043
21.8167 22.5791 0.265918
11.8814 11.5121 0.315714
19.8478 20.2243 0.248226
13.6923 13.3428 0.288881
11.9624 12.0525 0.304642
14.9555 14.2265 0.292377
19.3146 19.691 0.27672
12.8991 13.2541 0.307206
20.2327 20.1601 0.278989
8.21252 8.69956 0.305264
22.4251 22.3525 0.260377
9.58977 9.43365 0.291005
25.9412 26.4278 0.233148
11.3528 11.3776 0.301853
26.1625 26.376 0.232286
20.2327 20.1601 0.278989
10.3561 10.7326 0.298809
10.4728 10.266 0.299113
9.28337 8.84325 0.305543
9.75382 8.97282 0.30782
16.0671 16.1685 0.259438
10.7197 10.6194 0.333591
15.831 16.2275 0.283055
10.7197 10.6194 0.333591
10.3561 10.7326 0.298809
15.6069 16.0034 0.311432
8.04784 7.85237 0.332648
21.967 22.1299 0.281063
7.76867 7.80736 0.344634
19.4846 19.8908 0.295131
24.239 24.0871 0.251876
19.3748 19.0055 0.275815
22.9153 23.1949 0.253517
20.4928 21.1477 0.277833
16.5589 16.1939 0.25512
6.26297 5.93353 0.0169025
11.3528 11.3776 0.301853
10.8235 10.8798 0.310114
15.9926 16.0489 0.301012
12.8201 13.2115 0.301444
13.1468 12.85 0.281851
9.39852 9.87457 0.312378
24.292 24.0593 0.240379
18.2397 18.5048 0.2826
26.004 25.6795 0.245931
15.5643 15.9557 0.307769
15.831 16.2275 0.283055
8.04784 7.85237 0.332648
11.3271 11.9821 0.313649
9.39852 9.87457 0.312378
13.0605 13.3249 0.289885
13.0605 13.3249 0.289885
10.8895 10.5601 0.327694
10.3778 10.4792 0.28731
9.75382 8.97282 0.30782
25.672 25.034 0.249035
23.299 23.6904 0.266567
10.7409 10.57 0.300085
16.3348 15.9698 0.283498
16.4393 16.3191 0.276611
15.4963 15.1468 0.29195
26.4839 25.7548 0.251009
12.799 12.7264 0.299398
12.799 12.7264 0.299398
12.799 12.7264 0.299398
12.3336 12.0091 0.306244
12.3336 12.0091 0.306244
12.3336 12.0091 0.306244
12.3336 12.0091 0.306244
12.3336 12.0091 0.306244
12.3336 12.0091 0.306244
12.3336 12.0091 0.306244
12.3336 12.0091 0.306244
12.5556 12.5943 0.323169
12.5556 12.5943 0.323169
12.5556 12.5943 0.323169
12.5556 12.5943 0.323169
12.0905 12.2931 0.300242
12.0905 12.2931 0.300242
12.0905 12.2931 0.300242
12.0905 12.2931 0.300242
12.0905 12.2931 0.300242
12.0905 12.2931 0.300242
12.0905 12.2931 0.300242
12.0905 12.2931 0.300242
12.0905 12.2931 0.300242
12.0905 12.2931 0.300242
12.0905 12.2931 0.300242
12.0905 12.2931 0.300242
12.0905 12.2931 0.300242
12.0905 12.2931 0.300242
12.0905 12.2931 0.300242
12.0905 12.2931 0.300242
12.7218 12.792 0.30153
12.7218 12.792 0.30153
12.7218 12.792 0.30153
12.7218 12.792 0.30153
12.7218 12.792 0.30153
12.7218 12.792 0.30153
11.9919 12.8229 0.308825
11.9919 12.8229 0.308825
11.9919 12.8229 0.308825
11.9919 12.8229 0.308825
12.56 12.3272 0.296157
12.56 12.3272 0.296157
12.56 12.3272 0.296157
12.56 12.3272 0.296157
12.56 12.3272 0.296157
12.56 12.3272 0.296157
12.4286 12.013 0.289262
12.4286 12.013 0.289262
12.4286 12.013 0.289262
12.4286 12.013 0.289262
12.2695 12.3997 0.316201
12.2695 12.3997 0.316201
12.2695 12.3997 0.316201
12.2695 12.3997 0.316201
12.2695 12.3997 0.316201
12.2695 12.3997 0.316201
12.2695 12.3997 0.316201
12.2695 12.3997 0.316201
12.2695 12.3997 0.316201
12.2695 12.3997 0.316201
12.2695 12.3997 0.316201
12.2695 12.3997 0.316201
12.2695 12.3997 0.316201
12.2695 12.3997 0.316201
12.2695 12.3997 0.316201
12.2695 12.3997 0.316201
12.2695 12.3997 0.316201
12.2695 12.3997 0.316201
12.2695 12.3997 0.316201
12.3672 12.503 0.302141
12.3672 12.503 0.302141
9.19459 8.89778 0.294976
9.19459 8.89778 0.294976
9.97811 9.34015 0.305284
9.97811 9.34015 0.305284
9.97811 9.34015 0.305284
9.97811 9.34015 0.305284
9.97811 9.34015 0.305284
9.39774 9.0683 0.321427
9.15026 9.62086 0.309838
9.15026 9.62086 0.309838
9.15026 9.62086 0.309838
9.15026 9.62086 0.309838
9.15026 9.62086 0.309838
9.15026 9.62086 0.309838
9.15026 9.62086 0.309838
9.15026 9.62086 0.309838
9.61696 8.83596 0.296726
8.87347 9.18897 0.306302
8.87347 9.18897 0.306302
8.87347 9.18897 0.306302
8.87347 9.18897 0.306302
8.87347 9.18897 0.306302
8.87347 9.18897 0.306302
8.87347 9.18897 0.306302
8.87347 9.18897 0.306302
8.87347 9.18897 0.306302
9.55427 9.43405 0.307824
9.55427 9.43405 0.307824
11.8643 11.8685 0.314692
11.5173 11.9487 0.318941
11.5173 11.9487 0.318941
11.5173 11.9487 0.318941
11.5173 11.9487 0.318941
12.2622 11.9132 0.328003
12.2622 11.9132 0.328003
12.2622 11.9132 0.328003
11.2843 12.0615 0.32653
11.2843 12.0615 0.32653
11.2843 12.0615 0.32653
11.4781 11.901 0.316965
11.4781 11.901 0.316965
11.4781 11.901 0.316965
11.9395 11.5388 0.329196
12.2674 11.325 0.325566
12.2674 11.325 0.325566
19.4588 19.2992 0.271189
19.4588 19.2992 0.271189
19.4588 19.2992 0.271189
19.4588 19.2992 0.271189
19.145 19.1867 0.270176
18.8313 18.8461 0.262768
18.8313 18.8461 0.262768
18.8313 18.8461 0.262768
19.4198 19.0872 0.261972
19.4198 19.0872 0.261972
19.4198 19.0872 0.261972
19.4198 19.0872 0.261972
19.4198 19.0872 0.261972
19.4198 19.0872 0.261972
19.4198 19.0872 0.261972
18.8672 19.0774 0.272299
18.8672 19.0774 0.272299
18.8672 19.0774 0.272299
18.8672 19.0774 0.272299
18.8672 19.0774 0.272299
18.8672 19.0774 0.272299
18.8672 19.0774 0.272299
18.917 18.5446 0.261468
18.917 18.5446 0.261468
18.9952 18.7858 0.265346
18.9952 18.7858 0.265346
18.9952 18.7858 0.265346
18.9952 18.7858 0.265346
18.9952 18.7858 0.265346
18.9952 18.7858 0.265346
18.9316 19.24 0.242479
18.9316 19.24 0.242479
18.9316 19.24 0.242479
18.9316 19.24 0.242479
18.9316 19.24 0.242479
18.9316 19.24 0.242479
18.9316 19.24 0.242479
18.9316 19.24 0.242479
18.8587 18.7623 0.272483
18.8638 18.5406 0.256152
18.8638 18.5406 0.256152
18.8638 18.5406 0.256152
18.8638 18.5406 0.256152
18.8638 18.5406 0.256152
18.6875 19.3233 0.253832
18.9292 18.993 0.258936
18.9292 18.993 0.258936
18.9292 18.993 0.258936
18.9292 18.993 0.258936
18.9292 18.993 0.258936
18.9292 18.993 0.258936
18.9292 18.993 0.258936
18.9292 18.993 0.258936
19.7256 19.002 0.271154
19.7256 19.002 0.271154
18.7155 19.5921 0.265962
19.0285 19.4036 0.278215
18.6064 19.2383 0.271086
18.6064 19.2383 0.271086
18.6064 19.2383 0.271086
18.6064 19.2383 0.271086
18.6064 19.2383 0.271086
18.6064 19.2383 0.271086
18.6064 19.2383 0.271086
18.452 19.2643 0.24366
18.5789 19.1051 0.262171
18.5789 19.1051 0.262171
18.5789 19.1051 0.262171
18.5789 19.1051 0.262171
19.0191 18.5559 0.241635
19.0191 18.5559 0.241635
19.0191 18.5559 0.241635
19.0191 18.5559 0.241635
19.0191 18.5559 0.241635
19.0191 18.5559 0.241635
19.0191 18.5559 0.241635
19.0191 18.5559 0.241635
19.0191 18.5559 0.241635
19.0191 18.5559 0.241635
19.0191 18.5559 0.241635
19.0191 18.5559 0.241635
19.0191 18.5559 0.241635
18.674 18.9705 0.273136
6.62535 6.42172 0.00420427
6.62535 6.42172 0.00420427
6.62535 6.42172 0.00420427
6.62535 6.42172 0.00420427
6.62535 6.42172 0.00420427
6.62535 6.42172 0.00420427
6.62535 6.42172 0.00420427
6.62535 6.42172 0.00420427
6.62535 6.42172 0.00420427
6.62535 6.42172 0.00420427
6.62535 6.42172 0.00420427
6.62535 6.42172 0.00420427
6.51472 6.18462 0.00675809
6.51472 6.18462 0.00675809
6.51472 6.18462 0.00675809
6.51472 6.18462 0.00675809
6.51472 6.18462 0.00675809
6.51472 6.18462 0.00675809
6.51472 6.18462 0.00675809
6.42134 6.67014 -0.00375481
6.42134 6.67014 -0.00375481
6.42134 6.67014 -0.00375481
6.42134 6.67014 -0.00375481
6.42134 6.67014 -0.00375481
6.42134 6.67014 -0.00375481
6.42134 6.67014 -0.00375481
6.42134 6.67014 -0.00375481
6.42134 6.67014 -0.00375481
6.42134 6.67014 -0.00375481
6.42134 6.67014 -0.00375481
6.13582 5.99199 0.00538783
6.13582 5.99199 0.00538783
6.13582 5.99199 0.00538783
6.13582 5.99199 0.00538783
6.13582 5.99199 0.00538783
6.13582 5.99199 0.00538783
6.13582 5.99199 0.00538783
6.13582 5.99199 0.00538783
6.13582 5.99199 0.00538783
6.13582 5.99199 0.00538783
6.13582 5.99199 0.00538783
6.13582 5.99199 0.00538783
6.13582 5.99199 0.00538783
6.13582 5.99199 0.00538783
6.13582 5.99199 0.00538783
6.13582 5.99199 0.00538783
6.13582 5.99199 0.00538783
6.13582 5.99199 0.00538783
6.13582 5.99199 0.00538783
6.13582 5.99199 0.00538783
6.13582 5.99199 0.00538783
6.13582 5.99199 0.00538783
6.13582 5.99199 0.00538783
6.23268 5.8155 0.00834667
6.23268 5.8155 0.00834667
6.23268 5.8155 0.00834667
6.23268 5.8155 0.00834667
6.23268 5.8155 0.00834667
6.31223 6.27612 0.0153729
6.31223 6.27612 0.0153729
6.31223 6.27612 0.0153729
6.31223 6.27612 0.0153729
6.36627 6.00737 -0.00429359
6.36627 6.00737 -0.00429359
6.36627 6.00737 -0.00429359
6.36627 6.00737 -0.00429359
6.36627 6.00737 -0.00429359
6.36627 6.00737 -0.00429359
6.36627 6.00737 -0.00429359
6.36627 6.00737 -0.00429359
6.36627 6.00737 -0.00429359
6.36627 6.00737 -0.00429359
6.36627 6.00737 -0.00429359
6.36627 6.00737 -0.00429359
6.36627 6.00737 -0.00429359
6.36627 6.00737 -0.00429359
6.36627 6.00737 -0.00429359
9.91475 10.269 0.30109
9.91475 10.269 0.30109
9.91475 10.269 0.30109
9.91475 10.269 0.30109
9.91475 10.269 0.30109
20.0787 19.4396 0.284307
19.4803 19.4763 0.294976
19.4803 19.4763 0.294976
19.4803 19.4763 0.294976
19.4803 19.4763 0.294976
19.4803 19.4763 0.294976
19.4803 19.4763 0.294976
19.4803 19.4763 0.294976
19.4803 19.4763 0.294976
19.461 19.2472 0.274578
19.461 19.2472 0.274578
19.461 19.2472 0.274578
19.461 19.2472 0.274578
19.7709 19.6799 0.262833
19.4782 19.4897 0.260331
19.4782 19.4897 0.260331
19.4782 19.4897 0.260331
19.4782 19.4897 0.260331
