64.3457 64.3237 0.130059
14.9555 14.2265 0.292377
50.8006 49.7109 0.183161
39.585 39.7876 0.170549
33.1092 32.4712 0.21322
9.22828 9.25309 0.302213
17.4042 17.8942 0.284772
41.3832 41.0587 0.191535
22.3479 22.4181 0.262509
55.5305 55.0294 0.14459
52.0472 52.0655 0.139043
10.1126 10.2139 0.294161
59.2579 58.8178 0.0989011
11.9624 12.0525 0.304642
75.0203 74.6046 0.0944672
24.0654 23.9651 0.270039
72.7859 73.3267 0.103594
24.0514 24.0696 0.253401
34.5716 34.2748 0.182687
30.6947 30.7218 0.218197
11.9919 12.8229 0.308825
23.631 23.794 0.277553
20.743 20.5869 0.243734
30.6947 30.7218 0.218197
37.2678 37.176 0.217052
76.9163 77.4029 0.093846
66.4291 65.5177 0.135637
36.701 36.6893 0.183929
22.2132 21.7731 0.255546
12.8201 13.2115 0.301444
59.805 59.7323 0.105357
55.1923 55.4568 0.148509
36.8631 37.1039 0.180969
38.4472 38.2726 0.195964
6.63728 6.66439 0.29874
14.0762 13.8435 0.277601
33.9152 34.2175 0.219411
30.6947 30.7218 0.218197
24.0514 24.0696 0.253401
61.301 60.9765 0.126198
11.9919 12.8229 0.308825
46.012 46.7777 0.186294
11.9624 12.0525 0.304642
55.0017 54.929 0.145626
53.9231 53.9932 0.139168
39.2625 39.2138 0.168559
11.3271 11.9821 0.313649
26.704 27.0953 0.228099
15.831 16.2275 0.283055
24.9557 25.0914 0.247399
67.1088 67.3824 0.132625
19.2758 19.6126 0.28139
15.8888 15.7885 0.324489
20.5414 20.3523 0.266493
59.5354 59.4437 0.116492
10.1126 10.2139 0.294161
10.5339 11.1495 0.291346
18.298 17.9685 0.298419
50.7382 50.5636 0.174864
18.298 17.9685 0.298419
39.0225 39.5091 0.159494
74.2969 74.1288 0.112401
22.683 22.7532 0.264134
31.9523 31.9993 0.190278
52.7551 52.7731 0.147174
18.298 17.9685 0.298419
54.9704 55.8015 0.15583
63.2595 62.7336 0.118917
30.0577 29.3271 0.216039
64.2267 63.929 0.137725
16.0587 15.7292 0.318592
66.4424 66.3506 0.124353
71.0838 71.3246 0.103809
27.4563 27.4745 0.214933
55.0017 54.929 0.145626
67.83 68.5957 0.136612
17.4042 17.8942 0.284772
23.3807 23.5833 0.257712
37.4607 36.6797 0.201738
14.0762 13.8435 0.277601
48.3979 48.2087 0.159202
35.3149 36.0773 0.203059
53.7174 52.806 0.159456
18.298 17.9685 0.298419
60.209 60.5459 0.122164
36.6415 37.1175 0.189836
59.2579 58.8178 0.0989011
48.5995 48.4434 0.136444
31.4049 31.7962 0.195943
53.8538 53.6792 0.146145
62.6989 63.1279 0.112001
25.9579 26.0593 0.228832
26.704 27.0953 0.228099
68.1204 68.7191 0.120021
9.38676 9.21869 0.309483
12.7976 13.2285 0.304061
30.6947 30.7218 0.218197
62.4481 63.103 0.126061
14.7453 14.6678 0.281354
31.8416 31.5521 0.197039
77.104 77.0917 0.102093
77.4063 77.172 0.12338
77.4063 77.172 0.12338
77.7262 77.0872 0.0933304
77.4417 76.634 0.100591
77.4261 77.1479 0.0965116
77.1566 76.7056 0.101437
76.5463 77.4211 0.109538
77.3462 77.1446 0.0984476
77.3462 77.1446 0.0984476
77.3462 77.1446 0.0984476
77.3462 77.1446 0.0984476
77.3462 77.1446 0.0984476
77.3462 77.1446 0.0984476
77.3462 77.1446 0.0984476
77.2516 77.58 0.0942495
77.3028 77.2897 0.108663
77.1493 77.0069 0.0925741
77.655 77.2656 0.106447
77.655 77.2656 0.106447
76.6015 77.111 0.109598
77.199 77.7691 0.100284
76.8692 77.1959 0.0970769
77.0196 77.0387 0.104936
77.0196 77.0387 0.104936
77.2931 77.1864 0.0856362
77.2931 77.1864 0.0856362
77.2931 77.1864 0.0856362
76.9092 77.5113 0.0910636
76.9092 77.5113 0.0910636
77.3761 76.9129 0.104117
77.3761 76.9129 0.104117
77.8146 77.2181 0.108251
77.8146 77.2181 0.108251
77.2066 77.2016 0.101675
76.9848 77.0039 0.088035
76.9848 77.0039 0.088035
76.9848 77.0039 0.088035
77.0161 76.6391 0.0945751
77.0161 76.6391 0.0945751
77.2407 76.9975 0.110207
77.2407 76.9975 0.110207
77.1007 77.1619 0.110934
77.1007 77.1619 0.110934
77.3699 77.3005 0.124393
77.1623 76.8163 0.086027
77.1623 76.8163 0.086027
77.1552 77.3945 0.0936676
77.3127 77.056 0.100341
77.3127 77.056 0.100341
76.6517 77.5508 0.0892705
76.6517 77.5508 0.0892705
77.2377 77.0222 0.0951317
77.2377 77.0222 0.0951317
76.9318 76.8466 0.122061
77.1326 77.5183 0.105436
76.8614 76.948 0.0921748
76.8346 77.0077 0.0832764
77.4135 77.1234 0.110072
77.4135 77.1234 0.110072
76.965 76.6096 0.106261
77.2034 77.5329 0.101022
77.2034 77.5329 0.101022
77.0739 76.7483 0.114267
77.606 76.9512 0.103771
77.606 76.9512 0.103771
77.4189 76.7796 0.0988558
77.0626 76.9066 0.106858
77.3239 76.8805 0.0959901
77.0584 76.8695 0.0927755
77.0584 76.8695 0.0927755
76.9917 77.0057 0.0889423
76.761 77.1957 0.109276
77.1041 77.5857 0.0983194
77.1041 77.5857 0.0983194
77.1041 77.5857 0.0983194
76.3759 76.982 0.0914148
76.3759 76.982 0.0914148
76.3759 76.982 0.0914148
25.8716 25.5565 0.268257
25.8716 25.5565 0.268257
25.8716 25.5565 0.268257
25.8716 25.5565 0.268257
25.8716 25.5565 0.268257
25.8716 25.5565 0.268257
25.8716 25.5565 0.268257
25.8716 25.5565 0.268257
25.8716 25.5565 0.268257
25.8716 25.5565 0.268257
25.8716 25.5565 0.268257
25.8716 25.5565 0.268257
25.8716 25.5565 0.268257
25.8716 25.5565 0.268257
25.8716 25.5565 0.268257
25.8716 25.5565 0.268257
25.8716 25.5565 0.268257
25.8716 25.5565 0.268257
25.8716 25.5565 0.268257
25.8716 25.5565 0.268257
25.8716 25.5565 0.268257
60.8557 61.2815 0.13791
60.8557 61.2815 0.13791
60.8557 61.2815 0.13791
60.8557 61.2815 0.13791
60.8557 61.2815 0.13791
60.8336 60.4909 0.122226
60.8336 60.4909 0.122226
60.8336 60.4909 0.122226
60.8336 60.4909 0.122226
60.8336 60.4909 0.122226
60.8381 60.3309 0.115896
60.8381 60.3309 0.115896
60.8381 60.3309 0.115896
60.8381 60.3309 0.115896
60.8381 60.3309 0.115896
60.8381 60.3309 0.115896
60.8381 60.3309 0.115896
60.8381 60.3309 0.115896
60.9472 60.8824 0.144825
60.9472 60.8824 0.144825
60.7276 60.7836 0.119512
60.7276 60.7836 0.119512
60.7276 60.7836 0.119512
60.7716 60.7524 0.129282
60.7716 60.7524 0.129282
60.7716 60.7524 0.129282
60.7716 60.7524 0.129282
60.7716 60.7524 0.129282
61.2253 61.3112 0.118688
61.2253 61.3112 0.118688
61.2253 61.3112 0.118688
61.2253 61.3112 0.118688
61.2253 61.3112 0.118688
61.2253 61.3112 0.118688
61.2253 61.3112 0.118688
61.2253 61.3112 0.118688
61.2253 61.3112 0.118688
61.2253 61.3112 0.118688
61.2253 61.3112 0.118688
61.2253 61.3112 0.118688
61.2253 61.3112 0.118688
61.2253 61.3112 0.118688
61.2253 61.3112 0.118688
61.2253 61.3112 0.118688
61.2253 61.3112 0.118688
60.9556 61.8869 0.144652
60.9556 61.8869 0.144652
60.9556 61.8869 0.144652
60.9556 61.8869 0.144652
60.9556 61.8869 0.144652
60.9556 61.8869 0.144652
60.9556 61.8869 0.144652
60.9556 61.8869 0.144652
60.9556 61.8869 0.144652
61.5836 61.6136 0.121505
61.5836 61.6136 0.121505
61.7793 61.6069 0.109679
61.7793 61.6069 0.109679
61.7793 61.6069 0.109679
61.7793 61.6069 0.109679
61.7793 61.6069 0.109679
61.7793 61.6069 0.109679
61.3335 61.6282 0.120338
61.3335 61.6282 0.120338
61.3335 61.6282 0.120338
61.3335 61.6282 0.120338
61.3335 61.6282 0.120338
61.3335 61.6282 0.120338
61.3335 61.6282 0.120338
61.3335 61.6282 0.120338
61.3335 61.6282 0.120338
61.3335 61.6282 0.120338
61.3335 61.6282 0.120338
61.3335 61.6282 0.120338
61.3335 61.6282 0.120338
61.3335 61.6282 0.120338
61.5707 61.7258 0.121348
61.5707 61.7258 0.121348
61.2591 61.2075 0.123887
61.2591 61.2075 0.123887
61.2591 61.2075 0.123887
61.2591 61.2075 0.123887
61.2591 61.2075 0.123887
61.2591 61.2075 0.123887
61.2591 61.2075 0.123887
61.2591 61.2075 0.123887
61.2591 61.2075 0.123887
61.2591 61.2075 0.123887
61.2591 61.2075 0.123887
61.2591 61.2075 0.123887
61.2591 61.2075 0.123887
61.2591 61.2075 0.123887
61.2591 61.2075 0.123887
61.2591 61.2075 0.123887
61.2591 61.2075 0.123887
61.2591 61.2075 0.123887
61.1593 61.2953 0.127274
61.1593 61.2953 0.127274
61.6648 61.442 0.135085
61.6648 61.442 0.135085
