20.5275 19.7658 0.272212
11.3814 11.8685 0.305051
13.4878 12.9388 0.296164
8.23784 8.08172 0.290084
20.0885 20.5076 0.290812
20.0086 19.9969 0.241451
9.75382 8.97282 0.30782
10.1126 10.2139 0.294161
17.2158 17.7024 0.264858
19.7035 20.1226 0.287297
10.1808 10.3834 0.298408
11.6142 11.2764 0.318521
8.23784 8.08172 0.290084
6.41392 6.84292 0.31191
19.4748 19.9841 0.280747
13.1717 13.1988 0.295595
8.47849 8.40586 0.311079
9.28337 8.84325 0.305543
20.6758 19.9141 0.240203
12.7976 13.2285 0.304061
10.4728 10.266 0.299113
6.12699 6.26278 -0.00087697
15.9241 15.8911 0.291103
13.4878 12.9388 0.296164
12.8201 13.2115 0.301444
16.9715 17.4586 0.260229
13.4354 13.6762 0.279291
19.9893 20.0279 0.30276
16.2703 15.1806 0.315475
6.41059 6.44927 0.336636
17.5049 17.2722 0.267554
11.3814 11.8685 0.305051
6.63728 6.66439 0.29874
8.92775 9.20139 0.323956
11.4454 11.648 0.316461
14.9372 15.478 0.295899
13.8849 13.8519 0.273875
18.8795 19.3555 0.261025
12.5109 12.4621 0.302526
16.1507 15.8128 0.316045
8.21252 8.69956 0.305264
17.4669 17.4448 0.276017
14.9555 14.2265 0.292377
14.9555 14.2265 0.292377
6.93656 6.81633 0.301809
12.7243 13.344 0.286517
10.7409 10.57 0.300085
7.86086 7.6541 0.315561
9.38817 9.19904 0.313763
20.042 20.3216 0.244138
10.738 10.5313 0.292261
17.6598 16.5701 0.288201
16.0587 15.7292 0.318592
18.6076 18.4121 0.295126
15.4497 15.3771 0.290848
8.23784 8.08172 0.290084
13.6886 13.6452 0.286268
6.63728 6.66439 0.29874
19.4748 19.9841 0.280747
9.75382 8.97282 0.30782
8.23837 8.66738 0.310123
19.7941 19.8212 0.28284
14.3047 14.2334 0.283516
20.1555 20.2256 0.281121
10.5016 9.95256 0.308835
16.3974 16.354 0.296558
16.1507 15.8128 0.316045
7.76867 7.80736 0.344634
15.4497 15.3771 0.290848
6.26297 5.93353 0.0169025
9.00312 8.8353 0.307807
7.28648 7.68299 0.328781
11.2885 11.4187 0.317347
15.0194 14.9863 0.283881
12.5109 12.4621 0.302526
20.0862 19.9116 0.288098
10.3778 10.4792 0.28731
18.2397 18.5048 0.2826
8.04784 7.85237 0.332648
13.1717 13.1988 0.295595
11.6207 11.9972 0.316863
15.0194 14.9863 0.283881
7.7201 7.56812 0.329119
16.885 17.6768 0.27464
9.75382 8.97282 0.30782
18.2306 18.6368 0.297554
19.6076 20.0366 0.274519
9.39852 9.87457 0.312378
10.4728 10.266 0.299113
18.0388 17.2771 0.264018
15.5643 15.9557 0.307769
10.5339 11.1495 0.291346
8.29573 8.83653 0.324694
10.6226 11.0535 0.309078
12.0074 11.8328 0.324726
10.1808 10.3834 0.298408
16.3348 15.9698 0.283498
19.6243 20.3867 0.284529
13.2923 13.0028 0.298575
13.3345 13.6714 0.290154
10.9382 10.4372 0.305359
10.6522 11.0286 0.308417
10.6522 11.0286 0.308417
10.6522 11.0286 0.308417
10.6522 11.0286 0.308417
10.6522 11.0286 0.308417
10.6522 11.0286 0.308417
10.6522 11.0286 0.308417
10.6522 11.0286 0.308417
10.4129 10.8999 0.296605
10.4129 10.8999 0.296605
10.4129 10.8999 0.296605
10.4129 10.8999 0.296605
10.4129 10.8999 0.296605
10.9463 10.7136 0.303931
10.9463 10.7136 0.303931
10.9967 10.842 0.291048
10.9967 10.842 0.291048
10.8312 11.0964 0.311875
11.0411 11.4602 0.318994
11.0411 11.4602 0.318994
11.0411 11.4602 0.318994
11.0411 11.4602 0.318994
11.0411 11.4602 0.318994
11.0411 11.4602 0.318994
11.0411 11.4602 0.318994
11.0411 11.4602 0.318994
10.9025 9.99108 0.329591
10.9025 9.99108 0.329591
10.9025 9.99108 0.329591
10.8456 11.3356 0.321148
10.8456 11.3356 0.321148
10.8456 11.3356 0.321148
10.83 11.4456 0.300954
10.83 11.4456 0.300954
10.83 11.4456 0.300954
10.83 11.4456 0.300954
10.83 11.4456 0.300954
9.86575 9.78506 0.313291
9.36472 9.26447 0.338418
9.36472 9.26447 0.338418
9.36472 9.26447 0.338418
9.36472 9.26447 0.338418
9.28712 9.75771 0.320932
9.28712 9.75771 0.320932
9.28712 9.75771 0.320932
9.28712 9.75771 0.320932
9.28712 9.75771 0.320932
9.28712 9.75771 0.320932
9.28712 9.75771 0.320932
9.74046 9.75854 0.314759
9.74046 9.75854 0.314759
9.74046 9.75854 0.314759
9.74046 9.75854 0.314759
9.63471 9.55724 0.3129
9.28997 9.5234 0.316454
9.28997 9.5234 0.316454
9.28997 9.5234 0.316454
9.28997 9.5234 0.316454
9.29722 9.67368 0.313245
9.29722 9.67368 0.313245
9.75321 9.82333 0.314131
9.75321 9.82333 0.314131
9.87331 9.82992 0.310488
9.68618 10.1053 0.323822
9.68618 10.1053 0.323822
9.68618 10.1053 0.323822
8.78117 8.44332 0.333806
8.78117 8.44332 0.333806
8.78117 8.44332 0.333806
8.78117 8.44332 0.333806
8.78117 8.44332 0.333806
8.78117 8.44332 0.333806
8.78117 8.44332 0.333806
8.78117 8.44332 0.333806
8.78117 8.44332 0.333806
8.78117 8.44332 0.333806
9.03156 8.68204 0.316932
9.03156 8.68204 0.316932
9.03156 8.68204 0.316932
9.03156 8.68204 0.316932
9.03156 8.68204 0.316932
9.03156 8.68204 0.316932
9.03156 8.68204 0.316932
9.03156 8.68204 0.316932
9.03156 8.68204 0.316932
9.03156 8.68204 0.316932
8.23738 8.63389 0.329193
8.23738 8.63389 0.329193
8.23738 8.63389 0.329193
8.23738 8.63389 0.329193
8.23738 8.63389 0.329193
8.67375 9.01062 0.318204
8.99875 8.80327 0.33306
8.99875 8.80327 0.33306
8.99875 8.80327 0.33306
8.99875 8.80327 0.33306
8.90084 7.81113 0.333236
8.45681 8.94342 0.309893
8.45681 8.94342 0.309893
6.84699 7.49743 0.282183
6.84699 7.49743 0.282183
7.23737 6.9833 0.300332
7.23737 6.9833 0.300332
7.23737 6.9833 0.300332
7.23737 6.9833 0.300332
7.23737 6.9833 0.300332
7.23737 6.9833 0.300332
7.23737 6.9833 0.300332
7.23737 6.9833 0.300332
7.23737 6.9833 0.300332
7.23737 6.9833 0.300332
7.23737 6.9833 0.300332
7.23737 6.9833 0.300332
7.23737 6.9833 0.300332
7.23737 6.9833 0.300332
7.23737 6.9833 0.300332
7.23737 6.9833 0.300332
7.23737 6.9833 0.300332
7.23737 6.9833 0.300332
7.23737 6.9833 0.300332
7.23737 6.9833 0.300332
7.23737 6.9833 0.300332
7.23737 6.9833 0.300332
7.23737 6.9833 0.300332
7.23737 6.9833 0.300332
7.23737 6.9833 0.300332
6.39789 6.77649 0.307967
6.7832 6.96218 0.299109
6.7832 6.96218 0.299109
6.7832 6.96218 0.299109
6.98417 7.25375 0.295163
6.98417 7.25375 0.295163
6.98417 7.25375 0.295163
6.98417 7.25375 0.295163
6.98417 7.25375 0.295163
6.98417 7.25375 0.295163
6.78823 6.76613 0.29642
6.78823 6.76613 0.29642
6.78823 6.76613 0.29642
6.78823 6.76613 0.29642
6.78823 6.76613 0.29642
6.78823 6.76613 0.29642
6.78823 6.76613 0.29642
6.78823 6.76613 0.29642
6.78823 6.76613 0.29642
6.78823 6.76613 0.29642
6.78823 6.76613 0.29642
6.64702 6.51126 0.305367
6.64702 6.51126 0.305367
6.64702 6.51126 0.305367
6.64702 6.51126 0.305367
6.64702 6.51126 0.305367
6.64702 6.51126 0.305367
7.30771 7.33268 0.295323
7.30771 7.33268 0.295323
7.30771 7.33268 0.295323
7.30771 7.33268 0.295323
7.30771 7.33268 0.295323
7.30771 7.33268 0.295323
7.30771 7.33268 0.295323
7.30771 7.33268 0.295323
7.30771 7.33268 0.295323
7.30771 7.33268 0.295323
7.30771 7.33268 0.295323
7.30771 7.33268 0.295323
6.84047 6.86524 0.290721
6.84047 6.86524 0.290721
6.84047 6.86524 0.290721
6.84047 6.86524 0.290721
6.84047 6.86524 0.290721
6.84047 6.86524 0.290721
6.84047 6.86524 0.290721
6.84047 6.86524 0.290721
6.84047 6.86524 0.290721
6.84047 6.86524 0.290721
6.84047 6.86524 0.290721
7.09064 6.63749 0.310833
7.09064 6.63749 0.310833
7.09064 6.63749 0.310833
7.09064 6.63749 0.310833
7.09064 6.63749 0.310833
7.09064 6.63749 0.310833
6.72947 6.55471 0.293744
6.72947 6.55471 0.293744
6.72947 6.55471 0.293744
6.72947 6.55471 0.293744
6.72947 6.55471 0.293744
6.72947 6.55471 0.293744
6.76474 6.44895 0.29526
6.76474 6.44895 0.29526
6.76474 6.44895 0.29526
6.19116 6.66781 0.287305
6.19116 6.66781 0.287305
6.79953 6.97704 0.299382
6.79953 6.97704 0.299382
6.79953 6.97704 0.299382
6.79953 6.97704 0.299382
6.79953 6.97704 0.299382
6.38214 7.20093 0.271915
6.38214 7.20093 0.271915
6.38214 7.20093 0.271915
6.38214 7.20093 0.271915
6.38214 7.20093 0.271915
6.38214 7.20093 0.271915
6.38214 7.20093 0.271915
6.38214 7.20093 0.271915
6.38214 7.20093 0.271915
6.38214 7.20093 0.271915
6.38214 7.20093 0.271915
6.38214 7.20093 0.271915
6.38214 7.20093 0.271915
6.70184 6.53958 0.302678
6.70184 6.53958 0.302678
6.70184 6.53958 0.302678
6.70184 6.53958 0.302678
6.70184 6.53958 0.302678
6.70184 6.53958 0.302678
6.98916 6.73793 0.309315
6.98916 6.73793 0.309315
6.98916 6.73793 0.309315
6.98916 6.73793 0.309315
6.98916 6.73793 0.309315
6.98916 6.73793 0.309315
6.98916 6.73793 0.309315
6.98916 6.73793 0.309315
6.34949 6.92504 0.293589
6.34949 6.92504 0.293589
6.34949 6.92504 0.293589
6.34949 6.92504 0.293589
7.05729 7.29781 0.306233
7.05729 7.29781 0.306233
7.05729 7.29781 0.306233
7.05729 7.29781 0.306233
7.05729 7.29781 0.306233
7.05729 7.29781 0.306233
7.05729 7.29781 0.306233
7.05729 7.29781 0.306233
7.05729 7.29781 0.306233
7.05729 7.29781 0.306233
6.32173 6.71912 0.298571
6.32173 6.71912 0.298571
6.32173 6.71912 0.298571
6.32173 6.71912 0.298571
6.32173 6.71912 0.298571
6.32173 6.71912 0.298571
6.32173 6.71912 0.298571
6.32173 6.71912 0.298571
6.32173 6.71912 0.298571
6.32173 6.71912 0.298571
6.74251 6.98321 0.302898
6.74251 6.98321 0.302898
7.09364 7.16139 0.298386
7.09364 7.16139 0.298386
7.09364 7.16139 0.298386
7.00471 7.02731 0.316348
7.00471 7.02731 0.316348
7.00471 7.02731 0.316348
7.00471 7.02731 0.316348
7.00471 7.02731 0.316348
7.00471 7.02731 0.316348
7.00471 7.02731 0.316348
7.00471 7.02731 0.316348
7.00471 7.02731 0.316348
7.00471 7.02731 0.316348
7.00471 7.02731 0.316348
7.00471 7.02731 0.316348
7.00471 7.02731 0.316348
6.59796 6.82979 0.302021
6.59796 6.82979 0.302021
6.59796 6.82979 0.302021
6.59796 6.82979 0.302021
6.59796 6.82979 0.302021
6.59796 6.82979 0.302021
6.59796 6.82979 0.302021
6.50172 7.26192 0.311972
6.50172 7.26192 0.311972
6.50172 7.26192 0.311972
6.50172 7.26192 0.311972
6.50172 7.26192 0.311972
6.50172 7.26192 0.311972
6.74266 7.04997 0.283022
6.74266 7.04997 0.283022
6.74266 7.04997 0.283022
6.74266 7.04997 0.283022
6.74266 7.04997 0.283022
6.74266 7.04997 0.283022
6.54481 6.98287 0.299848
6.54481 6.98287 0.299848
6.54481 6.98287 0.299848
6.54481 6.98287 0.299848
6.54481 6.98287 0.299848
7.03285 6.6956 0.30825
7.03285 6.6956 0.30825
7.03285 6.6956 0.30825
7.03285 6.6956 0.30825
7.03285 6.6956 0.30825
7.03285 6.6956 0.30825
7.03285 6.6956 0.30825
7.03285 6.6956 0.30825
7.03285 6.6956 0.30825
7.03285 6.6956 0.30825
7.03285 6.6956 0.30825
7.03285 6.6956 0.30825
7.03285 6.6956 0.30825
6.3161 7.1111 0.287912
6.3161 7.1111 0.287912
6.3161 7.1111 0.287912
6.3161 7.1111 0.287912
6.79491 6.7984 0.293367
6.79491 6.7984 0.293367
6.79491 6.7984 0.293367
6.79491 6.7984 0.293367
6.79491 6.7984 0.293367
6.79491 6.7984 0.293367
6.79491 6.7984 0.293367
6.79491 6.7984 0.293367
6.79491 6.7984 0.293367
6.79491 6.7984 0.293367
6.59848 6.84686 0.300828
6.59848 6.84686 0.300828
6.59848 6.84686 0.300828
6.95871 6.81716 0.310628
6.95871 6.81716 0.310628
6.95871 6.81716 0.310628
6.95871 6.81716 0.310628
6.78975 6.85764 0.295401
6.78975 6.85764 0.295401
6.78975 6.85764 0.295401
6.78975 6.85764 0.295401
6.78975 6.85764 0.295401
6.78975 6.85764 0.295401
6.78975 6.85764 0.295401
6.78975 6.85764 0.295401
6.78975 6.85764 0.295401
6.78975 6.85764 0.295401
6.78975 6.85764 0.295401
6.78975 6.85764 0.295401
6.78975 6.85764 0.295401
10.4692 9.76404 0.298437
10.4692 9.76404 0.298437
10.4692 9.76404 0.298437
10.4855 10.5831 0.317508
10.4855 10.5831 0.317508
10.4855 10.5831 0.317508
10.4855 10.5831 0.317508
10.4855 10.5831 0.317508
10.4855 10.5831 0.317508
10.4464 10.0864 0.299141
10.4464 10.0864 0.299141
10.4464 10.0864 0.299141
10.4464 10.0864 0.299141
10.4464 10.0864 0.299141
10.4464 10.0864 0.299141
10.4464 10.0864 0.299141
10.4464 10.0864 0.299141
10.4464 10.0864 0.299141
10.4464 10.0864 0.299141
10.4464 10.0864 0.299141
10.6769 10.6646 0.307736
10.6769 10.6646 0.307736
10.6769 10.6646 0.307736
10.6769 10.6646 0.307736
10.6769 10.6646 0.307736
10.3564 10.4808 0.323189
10.3564 10.4808 0.323189
10.3564 10.4808 0.323189
10.3564 10.4808 0.323189
10.3564 10.4808 0.323189
10.3564 10.4808 0.323189
10.6152 10.3409 0.305723
10.6152 10.3409 0.305723
10.5027 9.95743 0.313524
10.5027 9.95743 0.313524
10.5027 9.95743 0.313524
10.5027 9.95743 0.313524
10.5027 9.95743 0.313524
10.5027 9.95743 0.313524
10.5027 9.95743 0.313524
10.5027 9.95743 0.313524
10.5027 9.95743 0.313524
10.5027 9.95743 0.313524
10.5027 9.95743 0.313524
10.5027 9.95743 0.313524
9.87357 10.6434 0.311417
10.2124 10.5375 0.30188
10.2124 10.5375 0.30188
10.2124 10.5375 0.30188
10.2124 10.5375 0.30188
10.2124 10.5375 0.30188
10.8366 10.6005 0.313421
10.7463 10.2721 0.314562
10.7463 10.2721 0.314562
10.7463 10.2721 0.314562
10.7463 10.2721 0.314562
10.7463 10.2721 0.314562
10.3545 9.98436 0.30475
10.3545 9.98436 0.30475
10.0947 10.4973 0.292649
10.0947 10.4973 0.292649
10.0947 10.4973 0.292649
10.0947 10.4973 0.292649
10.0947 10.4973 0.292649
10.0947 10.4973 0.292649
10.4294 9.75044 0.30527
10.4294 9.75044 0.30527
10.4294 9.75044 0.30527
10.4294 9.75044 0.30527
10.4294 9.75044 0.30527
10.4294 9.75044 0.30527
10.4294 9.75044 0.30527
10.4294 9.75044 0.30527
10.4294 9.75044 0.30527
10.4294 9.75044 0.30527
10.4294 9.75044 0.30527
10.4294 9.75044 0.30527
10.4294 9.75044 0.30527
10.3058 10.4823 0.320423
10.3058 10.4823 0.320423
10.3058 10.4823 0.320423
10.3528 9.9514 0.315784
10.3528 9.9514 0.315784
10.3528 9.9514 0.315784
10.3528 9.9514 0.315784
10.1095 10.8309 0.320755
10.1095 10.8309 0.320755
10.1095 10.8309 0.320755
10.3455 10.3708 0.301353
10.3455 10.3708 0.301353
10.3455 10.3708 0.301353
10.3455 10.3708 0.301353
10.3455 10.3708 0.301353
10.3455 10.3708 0.301353
10.3455 10.3708 0.301353
10.2728 10.1164 0.311929
10.2728 10.1164 0.311929
10.2728 10.1164 0.311929
10.2728 10.1164 0.311929
10.2728 10.1164 0.311929
10.1298 10.5371 0.300556
9.99287 10.7907 0.295566
9.99287 10.7907 0.295566
9.99287 10.7907 0.295566
9.99287 10.7907 0.295566
9.99287 10.7907 0.295566
9.99287 10.7907 0.295566
9.99287 10.7907 0.295566
9.99287 10.7907 0.295566
9.99287 10.7907 0.295566
9.99287 10.7907 0.295566
9.99287 10.7907 0.295566
9.99287 10.7907 0.295566
10.3983 10.1834 0.325655
10.3983 10.1834 0.325655
10.3983 10.1834 0.325655
10.3983 10.1834 0.325655
9.77954 10.0904 0.311174
9.77954 10.0904 0.311174
9.77954 10.0904 0.311174
9.77954 10.0904 0.311174
10.4037 10.2083 0.305372
10.3688 10.3758 0.31807
10.2439 10.2739 0.280573
10.2439 10.2739 0.280573
10.2439 10.2739 0.280573
10.2439 10.2739 0.280573
11.0685 11.4523 0.315255
11.0685 11.4523 0.315255
10.6554 10.6491 0.32056
10.6554 10.6491 0.32056
10.6554 10.6491 0.32056
10.8601 11.3391 0.301134
10.8601 11.3391 0.301134
10.8601 11.3391 0.301134
10.8601 11.3391 0.301134
11.2443 11.0836 0.304148
11.2443 11.0836 0.304148
11.2443 11.0836 0.304148
11.2443 11.0836 0.304148
10.3472 11.1972 0.310884
10.3472 11.1972 0.310884
10.3472 11.1972 0.310884
10.3472 11.1972 0.310884
10.3472 11.1972 0.310884
11.4999 10.9305 0.307122
11.4999 10.9305 0.307122
11.4999 10.9305 0.307122
11.4999 10.9305 0.307122
10.6846 10.7814 0.306639
10.6846 10.7814 0.306639
10.6846 10.7814 0.306639
10.6846 10.7814 0.306639
10.6846 10.7814 0.306639
11.2227 11.2455 0.296351
11.2227 11.2455 0.296351
11.2227 11.2455 0.296351
11.2227 11.2455 0.296351
11.2227 11.2455 0.296351
11.2227 11.2455 0.296351
11.0054 11.1657 0.318307
11.0054 11.1657 0.318307
11.0054 11.1657 0.318307
11.0618 11.083 0.318485
11.0392 11.1951 0.322343
10.7114 11.0287 0.32363
10.827 10.7931 0.315544
10.827 10.7931 0.315544
10.827 10.7931 0.315544
10.827 10.7931 0.315544
10.827 10.7931 0.315544
10.827 10.7931 0.315544
10.827 10.7931 0.315544
10.827 10.7931 0.315544
10.6507 10.396 0.314272
11.0288 11.4673 0.309517
11.0288 11.4673 0.309517
11.0288 11.4673 0.309517
10.206 11.0452 0.308246
10.206 11.0452 0.308246
10.206 11.0452 0.308246
10.9884 10.6775 0.317952
10.9884 10.6775 0.317952
10.9884 10.6775 0.317952
10.9884 10.6775 0.317952
10.9884 10.6775 0.317952
10.9884 10.6775 0.317952
10.9884 10.6775 0.317952
10.9884 10.6775 0.317952
10.9884 10.6775 0.317952
11.1501 10.3143 0.30313
11.1501 10.3143 0.30313
11.1501 10.3143 0.30313
11.1501 10.3143 0.30313
11.1501 10.3143 0.30313
11.1501 10.3143 0.30313
10.9569 10.8146 0.315227
10.9569 10.8146 0.315227
10.9569 10.8146 0.315227
10.9569 10.8146 0.315227
10.8736 11.2486 0.317202
10.8736 11.2486 0.317202
10.8736 11.2486 0.317202
10.8736 11.2486 0.317202
10.8736 11.2486 0.317202
10.8736 11.2486 0.317202
10.8736 11.2486 0.317202
10.8736 11.2486 0.317202
10.8736 11.2486 0.317202
10.8736 11.2486 0.317202
10.5868 10.8526 0.311657
10.5868 10.8526 0.311657
10.5868 10.8526 0.311657
11.1679 11.209 0.326467
11.1679 11.209 0.326467
11.1679 11.209 0.326467
11.1679 11.209 0.326467
11.1679 11.209 0.326467
10.8411 10.7707 0.316225
10.5915 10.7315 0.308148
10.5915 10.7315 0.308148
10.8577 11.1385 0.322019
10.8577 11.1385 0.322019
10.8577 11.1385 0.322019
10.8577 11.1385 0.322019
10.8577 11.1385 0.322019
11.2249 10.7992 0.318579
11.2249 10.7992 0.318579
11.2249 10.7992 0.318579
11.2249 10.7992 0.318579
11.2249 10.7992 0.318579
11.2249 10.7992 0.318579
11.2249 10.7992 0.318579
10.908 11.1244 0.306119
10.908 11.1244 0.306119
10.908 11.1244 0.306119
10.908 11.1244 0.306119
10.908 11.1244 0.306119
10.8339 11.0844 0.323526
10.8339 11.0844 0.323526
10.8339 11.0844 0.323526
10.8339 11.0844 0.323526
10.8339 11.0844 0.323526
10.8339 11.0844 0.323526
10.8339 11.0844 0.323526
10.8339 11.0844 0.323526
10.8339 11.0844 0.323526
10.8339 11.0844 0.323526
10.8339 11.0844 0.323526
10.8339 11.0844 0.323526
10.8339 11.0844 0.323526
10.8339 11.0844 0.323526
10.8339 11.0844 0.323526
10.8339 11.0844 0.323526
10.8339 11.0844 0.323526
10.8339 11.0844 0.323526
10.8339 11.0844 0.323526
10.8339 11.0844 0.323526
10.8339 11.0844 0.323526
10.8339 11.0844 0.323526
10.836 11.4396 0.296079
10.836 11.4396 0.296079
10.836 11.4396 0.296079
10.836 11.4396 0.296079
10.836 11.4396 0.296079
11.4949 11.2213 0.30444
11.4949 11.2213 0.30444
11.4949 11.2213 0.30444
11.4949 11.2213 0.30444
11.4949 11.2213 0.30444
11.4949 11.2213 0.30444
11.4949 11.2213 0.30444
11.4949 11.2213 0.30444
11.4949 11.2213 0.30444
10.4178 11.0378 0.3177
10.4178 11.0378 0.3177
10.4178 11.0378 0.3177
10.4178 11.0378 0.3177
10.4178 11.0378 0.3177
10.9751 11.2016 0.308973
10.9751 11.2016 0.308973
10.9751 11.2016 0.308973
10.9751 11.2016 0.308973
10.9751 11.2016 0.308973
10.9751 11.2016 0.308973
10.9751 11.2016 0.308973
10.9751 11.2016 0.308973
10.9751 11.2016 0.308973
10.8613 11.0804 0.311139
10.8613 11.0804 0.311139
10.8613 11.0804 0.311139
10.8613 11.0804 0.311139
10.8613 11.0804 0.311139
10.8613 11.0804 0.311139
10.8613 11.0804 0.311139
10.8613 11.0804 0.311139
10.8613 11.0804 0.311139
10.662 11.0026 0.318426
10.662 11.0026 0.318426
10.662 11.0026 0.318426
10.662 11.0026 0.318426
10.662 11.0026 0.318426
10.662 11.0026 0.318426
10.662 11.0026 0.318426
10.662 11.0026 0.318426
10.662 11.0026 0.318426
10.662 11.0026 0.318426
10.662 11.0026 0.318426
10.662 11.0026 0.318426
10.662 11.0026 0.318426
10.662 11.0026 0.318426
10.662 11.0026 0.318426
11.3322 10.9382 0.315526
11.3322 10.9382 0.315526
11.3322 10.9382 0.315526
11.2975 10.8487 0.311222
11.2975 10.8487 0.311222
11.2975 10.8487 0.311222
11.2975 10.8487 0.311222
11.2975 10.8487 0.311222
11.2975 10.8487 0.311222
11.2975 10.8487 0.311222
11.2975 10.8487 0.311222
11.2975 10.8487 0.311222
11.2975 10.8487 0.311222
11.2975 10.8487 0.311222
11.2975 10.8487 0.311222
11.2975 10.8487 0.311222
11.1249 11.1584 0.321858
11.1249 11.1584 0.321858
11.1249 11.1584 0.321858
11.1249 11.1584 0.321858
11.1249 11.1584 0.321858
11.1249 11.1584 0.321858
11.1249 11.1584 0.321858
11.1249 11.1584 0.321858
10.3121 11.0098 0.307099
10.3121 11.0098 0.307099
10.3121 11.0098 0.307099
10.3121 11.0098 0.307099
10.3121 11.0098 0.307099
10.3121 11.0098 0.307099
10.3121 11.0098 0.307099
10.3121 11.0098 0.307099
10.3121 11.0098 0.307099
10.3121 11.0098 0.307099
10.3121 11.0098 0.307099
10.9361 10.8752 0.323495
10.9361 10.8752 0.323495
11.1993 11.0362 0.317132
11.1993 11.0362 0.317132
11.1993 11.0362 0.317132
11.1993 11.0362 0.317132
11.1993 11.0362 0.317132
10.4296 11.2255 0.307208
10.4296 11.2255 0.307208
10.4296 11.2255 0.307208
10.3277 11.5451 0.309348
10.3277 11.5451 0.309348
10.3277 11.5451 0.309348
11.2688 10.4999 0.320488
11.2688 10.4999 0.320488
11.2688 10.4999 0.320488
10.9784 10.8188 0.289502
10.9784 10.8188 0.289502
10.9784 10.8188 0.289502
10.9784 10.8188 0.289502
10.9784 10.8188 0.289502
10.9784 10.8188 0.289502
10.9784 10.8188 0.289502
10.9784 10.8188 0.289502
10.9784 10.8188 0.289502
10.9891 10.5178 0.323697
10.9891 10.5178 0.323697
10.9891 10.5178 0.323697
10.9891 10.5178 0.323697
11.0276 11.0207 0.300383
10.9093 10.9217 0.318926
10.9093 10.9217 0.318926
11.1707 10.8555 0.325828
11.1707 10.8555 0.325828
11.1707 10.8555 0.325828
11.1707 10.8555 0.325828
11.1707 10.8555 0.325828
11.1637 10.8327 0.302563
11.2596 10.9323 0.310382
11.2596 10.9323 0.310382
11.2596 10.9323 0.310382
11.2596 10.9323 0.310382
11.5091 10.9393 0.318589
11.5091 10.9393 0.318589
11.5091 10.9393 0.318589
11.5091 10.9393 0.318589
11.5091 10.9393 0.318589
11.5091 10.9393 0.318589
11.5091 10.9393 0.318589
11.5091 10.9393 0.318589
10.9957 11.3875 0.324365
10.9957 11.3875 0.324365
10.9957 11.3875 0.324365
10.9071 10.9034 0.30609
10.9071 10.9034 0.30609
10.9071 10.9034 0.30609
11.1286 10.7582 0.312624
11.1286 10.7582 0.312624
11.1286 10.7582 0.312624
10.8657 11.0859 0.308916
10.8657 11.0859 0.308916
10.3483 10.6755 0.314981
10.3483 10.6755 0.314981
11.4258 10.8086 0.309506
11.4258 10.8086 0.309506
11.4258 10.8086 0.309506
11.4258 10.8086 0.309506
11.4258 10.8086 0.309506
11.4258 10.8086 0.309506
11.4258 10.8086 0.309506
11.4258 10.8086 0.309506
10.9625 11.021 0.306941
10.9625 11.021 0.306941
10.9625 11.021 0.306941
11.0908 10.9067 0.303755
11.0908 10.9067 0.303755
11.2275 11.062 0.307522
11.2275 11.062 0.307522
11.2275 11.062 0.307522
11.2275 11.062 0.307522
11.4694 10.5755 0.329078
11.4694 10.5755 0.329078
11.4694 10.5755 0.329078
11.4694 10.5755 0.329078
10.869 10.6692 0.298326
10.869 10.6692 0.298326
11.4211 10.6175 0.306596
11.4211 10.6175 0.306596
11.4211 10.6175 0.306596
11.4211 10.6175 0.306596
10.907 11.4117 0.314983
10.907 11.4117 0.314983
10.907 11.4117 0.314983
10.6436 11.0891 0.307919
10.6436 11.0891 0.307919
10.6436 11.0891 0.307919
10.7343 11.0846 0.298092
10.7343 11.0846 0.298092
10.7343 11.0846 0.298092
10.7343 11.0846 0.298092
10.7343 11.0846 0.298092
10.7343 11.0846 0.298092
11.1356 10.4729 0.313906
11.1356 10.4729 0.313906
11.1356 10.4729 0.313906
11.1356 10.4729 0.313906
11.1356 10.4729 0.313906
11.1356 10.4729 0.313906
10.5167 11.0528 0.319108
10.2768 11.03 0.312767
10.2768 11.03 0.312767
10.3124 10.3436 0.331514
11.4266 10.7568 0.298551
11.4266 10.7568 0.298551
10.4052 10.9892 0.309861
10.4052 10.9892 0.309861
10.4052 10.9892 0.309861
10.4052 10.9892 0.309861
10.4052 10.9892 0.309861
10.8315 10.9738 0.307116
10.8315 10.9738 0.307116
10.8315 10.9738 0.307116
10.8315 10.9738 0.307116
10.8315 10.9738 0.307116
10.8315 10.9738 0.307116
10.8315 10.9738 0.307116
10.8315 10.9738 0.307116
10.8315 10.9738 0.307116
10.5123 11.3368 0.296621
10.5123 11.3368 0.296621
10.5123 11.3368 0.296621
10.5123 11.3368 0.296621
10.5123 11.3368 0.296621
10.5123 11.3368 0.296621
10.5123 11.3368 0.296621
10.739 10.5622 0.304982
10.9338 10.6009 0.32374
10.9338 10.6009 0.32374
10.9338 10.6009 0.32374
10.482 11.0744 0.309781
10.482 11.0744 0.309781
11.1292 11.2756 0.300988
11.1292 11.2756 0.300988
11.1292 11.2756 0.300988
11.1292 11.2756 0.300988
11.1292 11.2756 0.300988
11.1292 11.2756 0.300988
11.1292 11.2756 0.300988
10.9151 10.6916 0.317954
10.9151 10.6916 0.317954
10.9151 10.6916 0.317954
10.9151 10.6916 0.317954
10.9151 10.6916 0.317954
10.7226 10.7681 0.329553
10.3745 10.6679 0.316642
10.3745 10.6679 0.316642
10.3745 10.6679 0.316642
10.3745 10.6679 0.316642
10.3745 10.6679 0.316642
10.3745 10.6679 0.316642
10.7936 10.6746 0.31543
10.7936 10.6746 0.31543
10.7936 10.6746 0.31543
10.7936 10.6746 0.31543
10.7936 10.6746 0.31543
10.7936 10.6746 0.31543
10.7936 10.6746 0.31543
10.7936 10.6746 0.31543
10.7936 10.6746 0.31543
10.7936 10.6746 0.31543
10.7936 10.6746 0.31543
11.0585 10.9586 0.312009
11.0585 10.9586 0.312009
11.0585 10.9586 0.312009
11.0585 10.9586 0.312009
11.4197 10.8644 0.320709
11.4197 10.8644 0.320709
10.7731 10.834 0.322483
10.7731 10.834 0.322483
10.7731 10.834 0.322483
10.7731 10.834 0.322483
10.7731 10.834 0.322483
10.7731 10.834 0.322483
11.2607 10.4469 0.321688
11.2607 10.4469 0.321688
11.2607 10.4469 0.321688
11.2607 10.4469 0.321688
11.2607 10.4469 0.321688
10.8657 11.2219 0.314917
10.882 10.7697 0.312642
10.882 10.7697 0.312642
10.882 10.7697 0.312642
10.882 10.7697 0.312642
10.882 10.7697 0.312642
10.882 10.7697 0.312642
10.882 10.7697 0.312642
10.882 10.7697 0.312642
10.8405 10.9833 0.300948
10.8405 10.9833 0.300948
10.8405 10.9833 0.300948
10.6744 11.1931 0.313179
10.6744 11.1931 0.313179
10.6744 11.1931 0.313179
10.6744 11.1931 0.313179
10.6744 11.1931 0.313179
10.6744 11.1931 0.313179
10.8678 11.023 0.314864
10.8678 11.023 0.314864
10.8678 11.023 0.314864
10.8678 11.023 0.314864
10.8678 11.023 0.314864
10.8678 11.023 0.314864
10.8678 11.023 0.314864
10.8678 11.023 0.314864
10.8678 11.023 0.314864
11.0153 11.0191 0.32306
11.0226 10.9268 0.308056
11.0226 10.9268 0.308056
11.0226 10.9268 0.308056
11.0226 10.9268 0.308056
11.0226 10.9268 0.308056
11.0226 10.9268 0.308056
11.0226 10.9268 0.308056
11.0226 10.9268 0.308056
11.0226 10.9268 0.308056
11.0226 10.9268 0.308056
11.0226 10.9268 0.308056
11.0226 10.9268 0.308056
11.0226 10.9268 0.308056
11.0226 10.9268 0.308056
11.0226 10.9268 0.308056
11.0226 10.9268 0.308056
11.0226 10.9268 0.308056
11.0226 10.9268 0.308056
11.0226 10.9268 0.308056
11.0226 10.9268 0.308056
11.0226 10.9268 0.308056
11.0226 10.9268 0.308056
11.0226 10.9268 0.308056
11.0226 10.9268 0.308056
10.733 11.2111 0.327397
10.733 11.2111 0.327397
10.733 11.2111 0.327397
10.5836 11.1302 0.31838
10.5836 11.1302 0.31838
10.5836 11.1302 0.31838
10.5836 11.1302 0.31838
10.5836 11.1302 0.31838
10.5836 11.1302 0.31838
10.5836 11.1302 0.31838
10.8475 10.82 0.307892
10.8475 10.82 0.307892
10.8475 10.82 0.307892
10.8475 10.82 0.307892
10.8475 10.82 0.307892
10.8475 10.82 0.307892
10.8475 10.82 0.307892
10.8475 10.82 0.307892
10.8475 10.82 0.307892
10.8475 10.82 0.307892
10.2632 11.0053 0.301527
10.2632 11.0053 0.301527
11.0134 10.7005 0.306515
11.0134 10.7005 0.306515
11.0134 10.7005 0.306515
10.856 11.0183 0.319609
10.856 11.0183 0.319609
10.856 11.0183 0.319609
10.856 11.0183 0.319609
10.856 11.0183 0.319609
10.8635 10.8533 0.314233
10.8635 10.8533 0.314233
10.8635 10.8533 0.314233
10.8635 10.8533 0.314233
10.4931 10.756 0.290847
10.4931 10.756 0.290847
10.5114 10.7404 0.304166
10.5114 10.7404 0.304166
11.2907 10.8047 0.308378
11.2907 10.8047 0.308378
10.4955 10.1869 0.302877
10.4955 10.1869 0.302877
10.4955 10.1869 0.302877
10.4955 10.1869 0.302877
10.8277 10.8954 0.293638
10.8277 10.8954 0.293638
10.8277 10.8954 0.293638
10.8277 10.8954 0.293638
10.8525 10.6144 0.296342
10.8525 10.6144 0.296342
10.8525 10.6144 0.296342
10.8525 10.6144 0.296342
10.8525 10.6144 0.296342
10.8525 10.6144 0.296342
10.4625 11.1183 0.296707
10.4625 11.1183 0.296707
10.4625 11.1183 0.296707
10.4625 11.1183 0.296707
10.4625 11.1183 0.296707
10.4625 11.1183 0.296707
10.4625 11.1183 0.296707
10.8651 10.6284 0.317411
10.8651 10.6284 0.317411
10.8651 10.6284 0.317411
10.8651 10.6284 0.317411
10.8651 10.6284 0.317411
10.8651 10.6284 0.317411
10.8651 10.6284 0.317411
10.8651 10.6284 0.317411
10.8651 10.6284 0.317411
10.8651 10.6284 0.317411
10.8651 10.6284 0.317411
10.884 10.6195 0.322338
10.884 10.6195 0.322338
10.884 10.6195 0.322338
10.884 10.6195 0.322338
10.884 10.6195 0.322338
10.884 10.6195 0.322338
10.884 10.6195 0.322338
10.5189 10.3762 0.309405
10.8208 10.6599 0.311279
10.8208 10.6599 0.311279
10.5253 10.9173 0.306022
10.5253 10.9173 0.306022
10.5253 10.9173 0.306022
10.5685 11.211 0.335241
10.5685 11.211 0.335241
10.5685 11.211 0.335241
10.5685 11.211 0.335241
10.6663 11.4022 0.305779
10.6663 11.4022 0.305779
10.6663 11.4022 0.305779
10.6663 11.4022 0.305779
10.6663 11.4022 0.305779
10.6663 11.4022 0.305779
10.6663 11.4022 0.305779
10.6663 11.4022 0.305779
10.6663 11.4022 0.305779
10.6663 11.4022 0.305779
10.6663 11.4022 0.305779
10.6663 11.4022 0.305779
10.6663 11.4022 0.305779
10.6663 11.4022 0.305779
10.6663 11.4022 0.305779
10.6663 11.4022 0.305779
10.6663 11.4022 0.305779
10.6663 11.4022 0.305779
10.6663 11.4022 0.305779
10.6663 11.4022 0.305779
10.6663 11.4022 0.305779
10.6663 11.4022 0.305779
10.6663 11.4022 0.305779
10.6663 11.4022 0.305779
10.6663 11.4022 0.305779
10.6663 11.4022 0.305779
10.6663 11.4022 0.305779
10.6663 11.4022 0.305779
10.6663 11.4022 0.305779
10.6663 11.4022 0.305779
10.946 10.7045 0.304911
10.946 10.7045 0.304911
10.946 10.7045 0.304911
10.946 10.7045 0.304911
10.946 10.7045 0.304911
10.946 10.7045 0.304911
11.4896 11.0959 0.31092
11.4896 11.0959 0.31092
11.4896 11.0959 0.31092
11.0294 10.3186 0.303056
11.0294 10.3186 0.303056
11.0294 10.3186 0.303056
11.0294 10.3186 0.303056
11.0294 10.3186 0.303056
10.7537 10.4832 0.302675
10.7537 10.4832 0.302675
10.7537 10.4832 0.302675
10.7537 10.4832 0.302675
10.7537 10.4832 0.302675
10.7537 10.4832 0.302675
10.7537 10.4832 0.302675
10.7537 10.4832 0.302675
10.7537 10.4832 0.302675
10.7537 10.4832 0.302675
10.5542 11.0825 0.310438
10.5542 11.0825 0.310438
10.7916 11.0768 0.316854
10.7916 11.0768 0.316854
10.7916 11.0768 0.316854
10.7916 11.0768 0.316854
10.7916 11.0768 0.316854
10.5745 10.4326 0.31224
10.5745 10.4326 0.31224
10.7657 10.8757 0.312945
10.7657 10.8757 0.312945
10.7657 10.8757 0.312945
10.8725 11.1661 0.29879
10.8725 11.1661 0.29879
10.8725 11.1661 0.29879
10.8725 11.1661 0.29879
10.8725 11.1661 0.29879
10.8725 11.1661 0.29879
10.8725 11.1661 0.29879
10.8725 11.1661 0.29879
10.9812 11.0106 0.320574
10.9812 11.0106 0.320574
10.9812 11.0106 0.320574
10.9812 11.0106 0.320574
10.9812 11.0106 0.320574
10.9812 11.0106 0.320574
11.4429 10.4259 0.317514
11.4429 10.4259 0.317514
11.4429 10.4259 0.317514
11.4429 10.4259 0.317514
11.4429 10.4259 0.317514
14.413 13.8979 0.291541
14.3354 14.2721 0.289179
14.6121 13.7468 0.282981
14.6121 13.7468 0.282981
14.6121 13.7468 0.282981
14.6121 13.7468 0.282981
14.6121 13.7468 0.282981
14.6121 13.7468 0.282981
14.2396 14.075 0.286869
14.2396 14.075 0.286869
14.2396 14.075 0.286869
14.2396 14.075 0.286869
14.2396 14.075 0.286869
13.9939 13.6846 0.27848
13.9939 13.6846 0.27848
14.0001 14.2861 0.291521
14.0001 14.2861 0.291521
14.0001 14.2861 0.291521
14.0001 14.2861 0.291521
14.0001 14.2861 0.291521
14.0001 14.2861 0.291521
14.0307 13.976 0.284013
14.0307 13.976 0.284013
13.9573 13.7885 0.283
13.867 13.9397 0.290419
14.0962 13.9602 0.274974
14.0962 13.9602 0.274974
14.0962 13.9602 0.274974
14.0962 13.9602 0.274974
14.1752 13.9917 0.301304
14.1752 13.9917 0.301304
14.1752 13.9917 0.301304
14.1752 13.9917 0.301304
14.1752 13.9917 0.301304
14.1752 13.9917 0.301304
14.1752 13.9917 0.301304
14.1752 13.9917 0.301304
14.1752 13.9917 0.301304
14.1752 13.9917 0.301304
14.1752 13.9917 0.301304
14.1752 13.9917 0.301304
9.3322 9.71595 0.298185
9.3322 9.71595 0.298185
9.44481 9.46879 0.303927
9.44481 9.46879 0.303927
9.44481 9.46879 0.303927
9.44481 9.46879 0.303927
9.44481 9.46879 0.303927
9.44481 9.46879 0.303927
9.44481 9.46879 0.303927
9.44481 9.46879 0.303927
9.44481 9.46879 0.303927
9.44481 9.46879 0.303927
9.44481 9.46879 0.303927
9.44481 9.46879 0.303927
9.44481 9.46879 0.303927
9.44481 9.46879 0.303927
9.44481 9.46879 0.303927
9.44481 9.46879 0.303927
9.44481 9.46879 0.303927
9.44481 9.46879 0.303927
9.56464 9.55274 0.326017
9.56464 9.55274 0.326017
9.56464 9.55274 0.326017
9.56464 9.55274 0.326017
9.56464 9.55274 0.326017
9.56464 9.55274 0.326017
9.56464 9.55274 0.326017
12.378 12.062 0.295623
12.378 12.062 0.295623
12.378 12.062 0.295623
12.378 12.062 0.295623
12.6342 12.6278 0.285752
12.6342 12.6278 0.285752
12.6342 12.6278 0.285752
12.6342 12.6278 0.285752
12.6342 12.6278 0.285752
12.3012 12.8536 0.297354
12.3012 12.8536 0.297354
12.3012 12.8536 0.297354
18.0111 18.1878 0.284061
18.0111 18.1878 0.284061
18.5131 18.7407 0.278298
18.9344 18.0941 0.289532
18.9344 18.0941 0.289532
18.2978 18.3798 0.266515
18.2978 18.3798 0.266515
18.2978 18.3798 0.266515
18.1521 17.8063 0.275664
18.1521 17.8063 0.275664
18.5817 18.1312 0.271662
18.5652 18.3013 0.282697
18.2584 18.2221 0.279533
18.2584 18.2221 0.279533
18.2584 18.2221 0.279533
18.7083 18.3391 0.283341
18.7083 18.3391 0.283341
18.7083 18.3391 0.283341
18.1984 17.9609 0.280356
18.1984 17.9609 0.280356
19.2352 19.4996 0.285722
19.4507 19.2871 0.268169
19.8211 19.566 0.274574
19.3724 20.1463 0.289693
19.3724 20.1463 0.289693
19.7461 19.957 0.272994
19.2076 19.6367 0.296728
19.2076 19.6367 0.296728
19.1319 19.3472 0.289264
19.4741 19.8918 0.265061
19.4741 19.8918 0.265061
19.4741 19.8918 0.265061
19.4741 19.8918 0.265061
19.4741 19.8918 0.265061
19.4741 19.8918 0.265061
19.4741 19.8918 0.265061
19.2088 19.3008 0.281917
16.3693 16.6337 0.272684
16.3389 16.2436 0.267343
16.3389 16.2436 0.267343
16.3389 16.2436 0.267343
16.3389 16.2436 0.267343
16.3389 16.2436 0.267343
16.3389 16.2436 0.267343
16.3389 16.2436 0.267343
16.5658 16.1268 0.269423
16.5658 16.1268 0.269423
15.8762 16.3309 0.273887
15.8762 16.3309 0.273887
15.8762 16.3309 0.273887
16.467 15.6171 0.28137
16.467 15.6171 0.28137
16.2652 15.731 0.283403
16.2652 15.731 0.283403
16.2652 15.731 0.283403
16.2652 15.731 0.283403
16.2652 15.731 0.283403
16.2652 15.731 0.283403
16.2652 15.731 0.283403
16.8374 15.9995 0.264546
16.8374 15.9995 0.264546
16.8374 15.9995 0.264546
16.8374 15.9995 0.264546
16.4864 16.3976 0.269877
15.9703 16.451 0.273839
16.2745 16.5113 0.274334
16.1965 16.2843 0.271956
16.4636 16.1713 0.278283
16.2439 15.9472 0.28508
16.2439 15.9472 0.28508
16.2439 15.9472 0.28508
16.3914 16.2431 0.289287
16.3914 16.2431 0.289287
16.3914 16.2431 0.289287
16.5685 16.2728 0.291203
16.5685 16.2728 0.291203
16.2204 16.5611 0.275037
16.2204 16.5611 0.275037
16.2204 16.5611 0.275037
15.9527 16.0949 0.266117
16.5554 15.9782 0.25572
15.9994 16.363 0.28333
15.9621 16.2505 0.304504
15.9621 16.2505 0.304504
15.9621 16.2505 0.304504
15.589 15.5923 0.263885
15.589 15.5923 0.263885
15.589 15.5923 0.263885
15.589 15.5923 0.263885
15.589 15.5923 0.263885
15.589 15.5923 0.263885
15.589 15.5923 0.263885
15.589 15.5923 0.263885
16.2519 16.5242 0.273691
16.2519 16.5242 0.273691
16.2519 16.5242 0.273691
16.2519 16.5242 0.273691
16.2519 16.5242 0.273691
17.3006 17.0945 0.260782
17.4345 17.8017 0.29133
17.4345 17.8017 0.29133
17.4345 17.8017 0.29133
17.4345 17.8017 0.29133
16.9032 17.3422 0.268136
17.3502 17.4571 0.2662
17.3502 17.4571 0.2662
17.7148 17.1314 0.27023
18.1391 17.6607 0.272404
17.6717 17.4969 0.275421
17.5279 17.5666 0.280298
17.5279 17.5666 0.280298
17.669 17.8928 0.269298
17.669 17.8928 0.269298
17.4052 17.3988 0.270609
17.4052 17.3988 0.270609
17.4835 17.6369 0.287551
17.2038 17.406 0.282123
17.2038 17.406 0.282123
17.2038 17.406 0.282123
17.2038 17.406 0.282123
