15.8888 15.7885 0.324489
23.631 23.794 0.277553
10.1126 10.2139 0.294161
37.6007 37.2314 0.221086
62.9535 62.2244 0.124881
28.9251 28.5957 0.248136
10.6001 10.8645 0.309277
15.8208 16.3301 0.271449
33.1092 32.4712 0.21322
37.7348 38.5266 0.1907
22.683 22.7532 0.264134
73.1197 73.7353 0.0885117
68.0115 67.9388 0.120668
41.5678 41.0187 0.178869
31.9523 31.9993 0.190278
30.6947 30.7218 0.218197
31.9179 31.8959 0.191465
14.9372 15.478 0.295899
11.9624 12.0525 0.304642
15.8112 16.2818 0.307003
13.1717 13.1988 0.295595
10.347 10.3249 0.309636
15.2874 15.567 0.284193
30.6947 30.7218 0.218197
66.2602 66.3129 0.113796
73.7447 74.5365 0.107668
26.4694 26.3968 0.239085
68.0539 67.8588 0.131596
26.4694 26.3968 0.239085
57.139 57.2748 0.136187
55.0017 54.929 0.145626
22.2132 21.7731 0.255546
14.9555 14.2265 0.292377
36.701 36.6893 0.183929
36.8631 37.1039 0.180969
47.2665 47.4691 0.174563
65.9541 66.4634 0.114975
44.8058 45.071 0.16934
61.076 61.0941 0.122523
55.5305 55.0294 0.14459
50.433 50.4857 0.166334
58.0478 58.5349 0.137448
11.2885 11.4187 0.317347
26.4694 26.3968 0.239085
44.6577 44.5851 0.170055
15.8208 16.3301 0.271449
26.4588 26.3875 0.24176
27.8771 27.9785 0.21889
35.5698 35.2804 0.208315
59.805 59.7323 0.105357
19.4282 19.2573 0.256317
6.26297 5.93353 0.0169025
32.9867 32.975 0.19424
32.9867 32.975 0.19424
26.1693 26.5756 0.238898
11.3271 11.9821 0.313649
62.9856 62.6361 0.114059
39.585 39.7876 0.170549
32.0726 31.5235 0.190663
22.683 22.7532 0.264134
18.298 17.9685 0.298419
10.5339 11.1495 0.291346
10.5339 11.1495 0.291346
55.7004 55.7705 0.148535
55.6311 55.4565 0.155512
30.6947 30.7218 0.218197
6.26867 7.09974 0.304316
45.1737 44.9782 0.181866
33.9152 34.2175 0.219411
7.76867 7.80736 0.344634
41.8668 41.699 0.176667
25.9579 26.0593 0.228832
72.3023 72.2589 0.110766
27.4563 27.4745 0.214933
10.3561 10.7326 0.298809
61.875 60.8515 0.121686
66.2602 66.3129 0.113796
72.7859 73.3267 0.103594
74.9589 75.0946 0.107346
64.3457 64.3237 0.130059
9.75382 8.97282 0.30782
30.6947 30.7218 0.218197
69.0556 69.6542 0.0881242
64.3457 64.3237 0.130059
41.3205 41.8071 0.178753
74.4692 75.0889 0.10334
6.26297 5.93353 0.0169025
66.4238 66.375 0.116346
26.4694 26.3968 0.239085
10.7197 10.6194 0.333591
20.0178 20.4241 0.266637
10.4728 10.266 0.299113
15.8888 15.7885 0.324489
24.5492 24.3814 0.235597
65.413 65.9029 0.119708
30.6947 30.7218 0.218197
14.9555 14.2265 0.292377
13.1717 13.1988 0.295595
30.0524 29.141 0.242342
55.0017 54.929 0.145626
79.711 79.6007 0.100792
79.711 79.6007 0.100792
79.6302 79.9173 0.0895825
79.9389 79.7801 0.0647566
79.6554 79.561 0.0861477
79.0734 79.4512 0.0824668
79.9612 79.6187 0.109542
79.9612 79.6187 0.109542
79.0799 79.4906 0.091306
79.9492 79.9397 0.0820625
79.9492 79.9397 0.0820625
79.5594 79.6242 0.0940263
79.5594 79.6242 0.0940263
77.104 77.0917 0.102093
77.104 77.0917 0.102093
77.4063 77.172 0.12338
77.4063 77.172 0.12338
77.4063 77.172 0.12338
77.7262 77.0872 0.0933304
77.7262 77.0872 0.0933304
77.4417 76.634 0.100591
77.4417 76.634 0.100591
77.4417 76.634 0.100591
77.4261 77.1479 0.0965116
77.4261 77.1479 0.0965116
77.4261 77.1479 0.0965116
77.1566 76.7056 0.101437
77.3462 77.1446 0.0984476
77.3462 77.1446 0.0984476
77.3462 77.1446 0.0984476
77.3462 77.1446 0.0984476
77.3462 77.1446 0.0984476
77.3462 77.1446 0.0984476
77.3462 77.1446 0.0984476
77.3462 77.1446 0.0984476
77.3462 77.1446 0.0984476
77.3028 77.2897 0.108663
77.1493 77.0069 0.0925741
77.655 77.2656 0.106447
77.655 77.2656 0.106447
76.6015 77.111 0.109598
77.199 77.7691 0.100284
77.199 77.7691 0.100284
76.8692 77.1959 0.0970769
77.0196 77.0387 0.104936
77.0196 77.0387 0.104936
77.2931 77.1864 0.0856362
77.2931 77.1864 0.0856362
77.2931 77.1864 0.0856362
76.9092 77.5113 0.0910636
76.9092 77.5113 0.0910636
76.9092 77.5113 0.0910636
77.3761 76.9129 0.104117
77.8146 77.2181 0.108251
77.8146 77.2181 0.108251
77.2066 77.2016 0.101675
76.9848 77.0039 0.088035
76.9848 77.0039 0.088035
76.9848 77.0039 0.088035
77.0161 76.6391 0.0945751
77.0161 76.6391 0.0945751
77.2407 76.9975 0.110207
77.2407 76.9975 0.110207
77.1007 77.1619 0.110934
77.1623 76.8163 0.086027
77.1552 77.3945 0.0936676
77.3127 77.056 0.100341
77.3127 77.056 0.100341
76.6517 77.5508 0.0892705
76.6517 77.5508 0.0892705
76.6517 77.5508 0.0892705
77.2377 77.0222 0.0951317
77.2377 77.0222 0.0951317
76.9318 76.8466 0.122061
76.9318 76.8466 0.122061
77.1326 77.5183 0.105436
76.8346 77.0077 0.0832764
77.4135 77.1234 0.110072
77.4135 77.1234 0.110072
76.965 76.6096 0.106261
77.2034 77.5329 0.101022
77.0739 76.7483 0.114267
77.606 76.9512 0.103771
77.606 76.9512 0.103771
77.4189 76.7796 0.0988558
77.0626 76.9066 0.106858
77.0626 76.9066 0.106858
77.3239 76.8805 0.0959901
77.3239 76.8805 0.0959901
77.0584 76.8695 0.0927755
77.0584 76.8695 0.0927755
76.9917 77.0057 0.0889423
76.9917 77.0057 0.0889423
77.1041 77.5857 0.0983194
77.1041 77.5857 0.0983194
76.3759 76.982 0.0914148
76.3759 76.982 0.0914148
76.3759 76.982 0.0914148
76.3759 76.982 0.0914148
25.8716 25.5565 0.268257
46.4614 46.2901 0.163406
46.4614 46.2901 0.163406
46.4614 46.2901 0.163406
46.4614 46.2901 0.163406
46.4614 46.2901 0.163406
46.4614 46.2901 0.163406
46.4614 46.2901 0.163406
46.4614 46.2901 0.163406
46.4614 46.2901 0.163406
46.4614 46.2901 0.163406
46.4614 46.2901 0.163406
46.4614 46.2901 0.163406
46.4614 46.2901 0.163406
46.4614 46.2901 0.163406
46.4614 46.2901 0.163406
46.4614 46.2901 0.163406
46.4614 46.2901 0.163406
46.4614 46.2901 0.163406
46.4614 46.2901 0.163406
46.4614 46.2901 0.163406
46.4614 46.2901 0.163406
46.4614 46.2901 0.163406
46.4614 46.2901 0.163406
46.4614 46.2901 0.163406
46.4614 46.2901 0.163406
46.4614 46.2901 0.163406
46.4614 46.2901 0.163406
46.2149 46.3902 0.174152
46.2149 46.3902 0.174152
46.2149 46.3902 0.174152
46.609 47.163 0.166585
46.609 47.163 0.166585
46.609 47.163 0.166585
46.609 47.163 0.166585
46.609 47.163 0.166585
46.609 47.163 0.166585
46.609 47.163 0.166585
46.609 47.163 0.166585
46.2016 46.2338 0.16682
46.2016 46.2338 0.16682
47.0952 46.0407 0.170695
47.0952 46.0407 0.170695
47.0952 46.0407 0.170695
47.0952 46.0407 0.170695
28.5567 27.6643 0.240999
28.5567 27.6643 0.240999
28.5567 27.6643 0.240999
28.5567 27.6643 0.240999
27.9872 28.1012 0.233006
27.9872 28.1012 0.233006
27.9872 28.1012 0.233006
27.9872 28.1012 0.233006
27.9872 28.1012 0.233006
27.9872 28.1012 0.233006
27.9872 28.1012 0.233006
27.9872 28.1012 0.233006
27.9872 28.1012 0.233006
27.9872 28.1012 0.233006
27.9872 28.1012 0.233006
27.9872 28.1012 0.233006
26.8327 27.6987 0.230358
26.8327 27.6987 0.230358
26.8327 27.6987 0.230358
26.8327 27.6987 0.230358
26.8327 27.6987 0.230358
26.8327 27.6987 0.230358
26.8327 27.6987 0.230358
26.8327 27.6987 0.230358
26.8327 27.6987 0.230358
26.8327 27.6987 0.230358
26.8327 27.6987 0.230358
26.8327 27.6987 0.230358
26.8327 27.6987 0.230358
26.8327 27.6987 0.230358
26.8327 27.6987 0.230358
26.8327 27.6987 0.230358
27.4589 27.194 0.2322
27.4589 27.194 0.2322
27.4589 27.194 0.2322
27.4589 27.194 0.2322
27.4589 27.194 0.2322
27.4589 27.194 0.2322
27.4589 27.194 0.2322
27.4589 27.194 0.2322
27.4589 27.194 0.2322
27.4589 27.194 0.2322
27.4589 27.194 0.2322
26.9327 27.2712 0.211908
26.9327 27.2712 0.211908
27.3641 26.7623 0.217025
27.3641 26.7623 0.217025
27.3641 26.7623 0.217025
27.3641 26.7623 0.217025
27.3641 26.7623 0.217025
27.3641 26.7623 0.217025
27.3641 26.7623 0.217025
27.3641 26.7623 0.217025
27.3641 26.7623 0.217025
27.3641 26.7623 0.217025
27.3641 26.7623 0.217025
