9.00312 8.8353 0.307807
7.83027 7.49241 0.333394
7.67132 8.50239 0.320505
8.10812 8.84108 0.344488
6.93656 6.81633 0.301809
7.86086 7.6541 0.315561
6.3866 6.9274 0.303754
10.7201 10.7449 0.30848
5.88158 6.36862 0.302299
6.31616 5.70639 0.00991534
8.21252 8.69956 0.305264
9.39852 9.87457 0.312378
7.92799 6.83827 0.338269
8.21252 8.69956 0.305264
9.51919 9.85606 0.314373
10.6044 10.2393 0.289843
6.41141 5.80163 0.326401
8.79089 9.06453 0.312861
10.0909 10.4673 0.30566
10.5862 10.6044 0.300948
8.04784 7.85237 0.332648
10.6386 9.90951 0.316339
6.41059 6.44927 0.336636
5.95039 6.71278 0.00192008
7.65865 7.3692 0.331659
10.2843 10.7743 0.318391
10.6572 11.1438 0.301234
6.26297 5.93353 0.0169025
6.29217 6.34845 0.315809
6.1631 6.81809 0.32597
10.2687 10.8843 0.298197
9.89382 9.52452 0.327168
10.9939 11.084 0.296196
5.95039 6.71278 0.00192008
10.8786 10.7105 0.315749
9.54755 8.63614 0.334419
10.9751 11.2158 0.298683
6.60168 6.55829 -0.00513132
8.63151 8.34205 0.326626
6.29217 6.34845 0.315809
9.70809 8.97901 0.312829
9.89382 9.52452 0.327168
8.7612 8.03058 0.323025
6.31797 6.82728 0.296647
8.67375 9.01062 0.318204
5.69709 6.03396 0.315266
10.5475 9.76646 0.300236
9.47628 9.74146 0.316703
6.36309 6.28561 -0.00271934
9.75321 9.82333 0.314131
5.89617 6.40547 0.314623
6.99864 7.06876 0.297021
6.98588 7.00396 0.29765
8.10812 8.84108 0.344488
9.30085 9.4311 0.328802
6.63728 6.66439 0.29874
7.76934 7.81639 0.324898
6.57683 6.64695 0.314997
6.57256 6.37708 0.0136096
8.23837 8.66738 0.310123
6.29217 6.34845 0.315809
9.57113 9.02206 0.305325
7.32288 7.86367 0.329727
8.61458 8.19892 0.305694
8.04784 7.85237 0.332648
11.3022 11.1313 0.302842
7.65865 7.3692 0.331659
6.29217 6.34845 0.315809
8.23784 8.08172 0.290084
10.1584 10.0581 0.330834
6.29217 6.34845 0.315809
8.92775 9.20139 0.323956
7.83027 7.49241 0.333394
10.8741 11.211 0.309546
6.17317 6.44682 0.306846
6.41392 6.84292 0.31191
9.50206 9.59218 0.289929
9.86575 9.78506 0.313291
8.47702 8.90792 0.315742
8.07652 7.88142 0.326346
6.61015 6.50989 0.321309
6.1631 6.81809 0.32597
8.08239 7.78463 0.323966
6.41392 6.84292 0.31191
7.2269 8.05797 0.324845
8.47849 8.40586 0.311079
8.45178 8.82824 0.317076
9.5833 9.08221 0.310186
8.93569 9.445 0.302662
6.12699 6.26278 -0.00087697
8.78117 8.44332 0.333806
8.04784 7.85237 0.332648
7.65865 7.3692 0.331659
6.0564 5.53544 0.309091
9.877 9.52748 0.313101
9.00312 8.8353 0.307807
8.23837 8.66738 0.310123
7.65865 7.3692 0.331659
10.8464 11.126 0.30433
9.66711 10.004 0.306815
9.23279 8.71183 0.308224
8.90895 9.52865 0.310736
9.24515 9.50959 0.314105
9.24515 9.50959 0.314105
9.49142 9.77101 0.309157
9.49142 9.77101 0.309157
9.41297 9.71531 0.324011
9.41297 9.71531 0.324011
9.41297 9.71531 0.324011
9.11926 9.47421 0.32746
9.11926 9.47421 0.32746
9.84495 9.11587 0.323923
9.22201 9.98441 0.317539
9.22201 9.98441 0.317539
9.84856 9.68074 0.303976
9.38817 9.19904 0.313763
9.47308 9.18326 0.323413
9.55332 9.53124 0.317221
9.79256 9.81081 0.308533
9.79256 9.81081 0.308533
9.79256 9.81081 0.308533
9.36513 9.38995 0.313307
9.39852 9.87457 0.312378
9.39852 9.87457 0.312378
9.39852 9.87457 0.312378
9.39852 9.87457 0.312378
9.37871 9.43135 0.312578
9.87287 9.67776 0.322927
9.5346 9.20516 0.332522
9.56085 9.46911 0.323134
8.95356 9.68652 0.340657
8.95356 9.68652 0.340657
8.87347 9.21034 0.314399
10.8319 10.5424 0.317967
10.8319 10.5424 0.317967
10.8785 11.0919 0.300372
10.8786 10.7105 0.315749
11.5059 10.98 0.313131
10.6623 11.261 0.307756
10.6623 11.261 0.307756
10.2639 10.8836 0.305908
10.2639 10.8836 0.305908
10.2639 10.8836 0.305908
10.8464 11.126 0.30433
10.8464 11.126 0.30433
10.9816 10.6437 0.325147
11.2319 10.8824 0.308273
11.2319 10.8824 0.308273
10.4742 10.8292 0.322633
10.7272 10.8902 0.327857
10.6864 10.3896 0.301243
11.1999 10.4708 0.319095
11.2939 10.2704 0.309505
11.2939 10.2704 0.309505
11.2035 11.0357 0.299149
10.7431 10.554 0.308936
10.828 10.5382 0.318585
10.8741 11.211 0.309546
11.1991 11.0037 0.324401
10.9083 10.8862 0.312393
11.1475 11.1658 0.303705
11.4699 10.832 0.31155
10.7201 10.7449 0.30848
10.7201 10.7449 0.30848
10.6944 11.3494 0.320275
11.0341 10.8273 0.301869
11.0341 10.8273 0.301869
10.6572 11.1438 0.301234
10.6572 11.1438 0.301234
10.7336 10.7863 0.30775
11.2278 11.0327 0.318099
10.8895 10.5601 0.327694
10.9158 10.824 0.318307
10.3085 11.0415 0.335829
10.2827 10.5563 0.319128
10.2284 10.5653 0.309572
11.2207 11.14 0.308463
11.2207 11.14 0.308463
11.4802 10.7185 0.300394
10.9616 10.231 0.314366
10.8222 11.2284 0.326828
11.1854 11.1127 0.307171
11.1854 11.1127 0.307171
10.4275 10.9368 0.308929
10.4275 10.9368 0.308929
10.4275 10.9368 0.308929
11.3022 11.1313 0.302842
11.3022 11.1313 0.302842
10.6739 10.7752 0.296918
10.9447 10.7886 0.286177
10.3264 11.1182 0.311016
10.9452 11.3742 0.306216
10.813 10.8013 0.301642
10.9419 10.9806 0.330942
10.9382 10.4372 0.305359
10.9382 10.4372 0.305359
10.7893 10.4915 0.320059
10.6421 11.1127 0.316105
11.0629 10.5139 0.311591
11.0629 10.5139 0.311591
8.81678 9.15306 0.310605
9.5457 9.43257 0.318123
9.5457 9.43257 0.318123
9.5457 9.43257 0.318123
9.5457 9.43257 0.318123
9.66852 9.28476 0.301148
9.66852 9.28476 0.301148
9.66852 9.28476 0.301148
9.13204 9.2211 0.297115
8.77552 9.15021 0.306876
9.23671 9.65677 0.298825
9.08061 9.4847 0.295888
9.14172 9.88212 0.307166
9.14172 9.88212 0.307166
9.14172 9.88212 0.307166
9.3627 9.46548 0.296873
9.3627 9.46548 0.296873
9.29318 9.77554 0.311104
9.65334 9.52938 0.281864
9.1103 9.43969 0.293791
9.5516 9.56183 0.314114
9.5516 9.56183 0.314114
9.5516 9.56183 0.314114
9.77283 9.00126 0.304516
9.77283 9.00126 0.304516
9.04014 9.4788 0.301109
9.43265 10.0647 0.316187
9.43265 10.0647 0.316187
10.0624 9.30024 0.300209
10.0624 9.30024 0.300209
9.06693 9.4562 0.323346
9.98806 9.70503 0.313173
9.98806 9.70503 0.313173
9.98806 9.70503 0.313173
9.16611 9.13474 0.305734
9.16611 9.13474 0.305734
9.06708 9.43753 0.29922
9.06708 9.43753 0.29922
9.02927 9.18046 0.301434
9.02927 9.18046 0.301434
9.05067 9.05351 0.290947
9.35019 9.33954 0.3107
9.01883 9.34939 0.311886
9.1396 10.0378 0.30496
9.1396 10.0378 0.30496
9.37024 9.36336 0.295618
9.37024 9.36336 0.295618
9.56806 9.2387 0.308342
9.56273 9.97507 0.304924
9.56273 9.97507 0.304924
9.56273 9.97507 0.304924
9.56273 9.97507 0.304924
9.56273 9.97507 0.304924
9.90323 9.43183 0.312082
10.0211 9.21558 0.30693
9.77391 9.11311 0.305308
9.41841 10.0994 0.294566
8.91715 9.52034 0.2979
9.36804 9.30233 0.306297
9.36804 9.30233 0.306297
9.24589 9.44641 0.31095
9.2831 9.25882 0.299416
9.36901 9.31836 0.287601
9.36901 9.31836 0.287601
9.36901 9.31836 0.287601
9.36901 9.31836 0.287601
8.96891 9.08306 0.304687
9.29402 9.30114 0.316602
9.29402 9.30114 0.316602
9.29402 9.30114 0.316602
9.78196 9.29222 0.311853
9.34661 9.29015 0.296221
9.34661 9.29015 0.296221
9.34661 9.29015 0.296221
10.496 9.23555 0.286282
9.30331 9.61658 0.306978
9.3226 9.51337 0.309838
9.3226 9.51337 0.309838
9.11428 9.50111 0.30354
9.43739 9.51302 0.297056
9.07445 9.2413 0.314199
9.5667 9.14226 0.299965
9.94432 9.30708 0.303241
9.10399 9.64223 0.292907
9.0559 9.44055 0.302363
8.82359 9.98554 0.303522
8.82359 9.98554 0.303522
8.82359 9.98554 0.303522
8.35146 8.44134 0.312092
8.43196 8.70138 0.332231
8.43196 8.70138 0.332231
8.43196 8.70138 0.332231
8.78724 8.72352 0.313309
8.78724 8.72352 0.313309
8.78724 8.72352 0.313309
8.64735 8.80978 0.31194
8.64735 8.80978 0.31194
8.64735 8.80978 0.31194
8.64735 8.80978 0.31194
8.64735 8.80978 0.31194
8.64735 8.80978 0.31194
8.64735 8.80978 0.31194
8.61822 8.56488 0.313098
8.61822 8.56488 0.313098
8.61822 8.56488 0.313098
8.61822 8.56488 0.313098
8.81696 9.10512 0.304672
8.81696 9.10512 0.304672
8.81696 9.10512 0.304672
8.81696 9.10512 0.304672
8.81696 9.10512 0.304672
8.44051 8.66173 0.326942
8.44051 8.66173 0.326942
8.79827 8.37441 0.308724
8.79827 8.37441 0.308724
8.68196 8.70223 0.315358
8.72058 8.95254 0.336955
8.72058 8.95254 0.336955
8.72058 8.95254 0.336955
8.72058 8.95254 0.336955
8.61074 9.12922 0.303648
8.61074 9.12922 0.303648
9.35572 8.73127 0.308434
9.35572 8.73127 0.308434
9.35572 8.73127 0.308434
9.35572 8.73127 0.308434
9.35572 8.73127 0.308434
8.69913 8.89018 0.314056
8.64738 8.98346 0.324319
8.64492 9.14492 0.342374
8.64492 9.14492 0.342374
8.64492 9.14492 0.342374
8.48279 8.77826 0.312086
8.81099 8.73649 0.322922
8.61784 8.3728 0.309298
8.72156 9.06631 0.313244
8.72156 9.06631 0.313244
8.36591 8.39318 0.327614
8.36591 8.39318 0.327614
8.36591 8.39318 0.327614
8.36591 8.39318 0.327614
8.40283 8.76268 0.301452
9.24252 8.74494 0.324627
8.75744 8.26416 0.307891
8.75744 8.26416 0.307891
8.75744 8.26416 0.307891
8.23406 8.81449 0.3128
9.19731 8.80154 0.349125
8.66302 8.37025 0.315487
8.57649 7.99941 0.334616
8.57649 7.99941 0.334616
8.57649 7.99941 0.334616
8.82186 8.67718 0.318251
8.83492 8.60247 0.316365
8.83492 8.60247 0.316365
8.46496 8.86737 0.320366
8.98427 9.25566 0.326197
8.50825 8.15189 0.329212
8.7469 8.51162 0.32587
8.7469 8.51162 0.32587
8.7469 8.51162 0.32587
8.44866 8.26377 0.32377
8.75025 8.57189 0.30703
8.6053 8.85197 0.311118
8.6053 8.85197 0.311118
8.6053 8.85197 0.311118
8.6053 8.85197 0.311118
8.6053 8.85197 0.311118
8.71922 8.456 0.325491
8.71922 8.456 0.325491
8.71922 8.456 0.325491
8.71922 8.456 0.325491
8.71922 8.456 0.325491
8.71667 8.66586 0.320675
8.71667 8.66586 0.320675
8.64274 8.63754 0.311629
8.64274 8.63754 0.311629
8.99723 8.24628 0.32118
8.86351 8.87256 0.321769
8.86351 8.87256 0.321769
8.86351 8.87256 0.321769
8.86351 8.87256 0.321769
8.86351 8.87256 0.321769
8.86351 8.87256 0.321769
8.86351 8.87256 0.321769
8.77736 8.57556 0.320423
8.77736 8.57556 0.320423
8.77736 8.57556 0.320423
8.77736 8.57556 0.320423
8.66879 8.30445 0.3244
8.66879 8.30445 0.3244
8.35597 8.57743 0.322322
8.35597 8.57743 0.322322
8.35597 8.57743 0.322322
8.32064 8.59676 0.313571
8.32064 8.59676 0.313571
8.32064 8.59676 0.313571
8.32064 8.59676 0.313571
8.32064 8.59676 0.313571
8.32064 8.59676 0.313571
8.32064 8.59676 0.313571
8.70965 9.02255 0.31155
8.25524 8.53292 0.348543
8.25524 8.53292 0.348543
8.72515 8.14746 0.318369
8.72515 8.14746 0.318369
8.34215 9.05572 0.325648
8.34215 9.05572 0.325648
8.34215 9.05572 0.325648
8.52297 8.66257 0.332726
9.11323 8.8263 0.315751
9.11323 8.8263 0.315751
9.11323 8.8263 0.315751
9.11323 8.8263 0.315751
8.52621 8.81039 0.329877
8.52621 8.81039 0.329877
8.52621 8.81039 0.329877
8.88428 8.77002 0.333313
8.88428 8.77002 0.333313
8.98311 9.04594 0.297332
8.98311 9.04594 0.297332
9.12746 8.67306 0.314356
9.12746 8.67306 0.314356
9.12746 8.67306 0.314356
8.44746 8.96081 0.337456
8.82725 8.57112 0.302075
8.82725 8.57112 0.302075
8.82725 8.57112 0.302075
8.5251 8.01321 0.307354
8.5251 8.01321 0.307354
8.52441 8.76461 0.313544
8.83662 9.27355 0.304338
8.64915 9.02698 0.291996
8.64915 9.02698 0.291996
8.64915 9.02698 0.291996
8.89546 8.64134 0.329511
8.70603 8.21895 0.326977
8.78457 8.7385 0.32335
8.57285 9.14248 0.339881
8.57285 9.14248 0.339881
8.57285 9.14248 0.339881
8.77491 8.26215 0.322744
8.77491 8.26215 0.322744
8.77491 8.26215 0.322744
8.77491 8.26215 0.322744
8.77491 8.26215 0.322744
8.23801 9.19105 0.317012
8.23801 9.19105 0.317012
9.28102 8.85863 0.326861
9.28102 8.85863 0.326861
8.29184 8.13355 0.31689
8.29184 8.13355 0.31689
8.30185 8.91143 0.311244
8.30185 8.91143 0.311244
8.43965 8.69767 0.314685
7.90465 8.64271 0.324335
7.90465 8.64271 0.324335
7.90465 8.64271 0.324335
8.75062 8.58779 0.304067
8.75062 8.58779 0.304067
8.73954 9.02063 0.329648
8.73954 9.02063 0.329648
8.41444 9.03808 0.333682
8.41444 9.03808 0.333682
8.41444 9.03808 0.333682
8.78905 8.41477 0.311058
8.78905 8.41477 0.311058
8.63951 8.82165 0.312297
8.63951 8.82165 0.312297
8.63951 8.82165 0.312297
8.62066 8.68554 0.334383
8.63373 8.75328 0.318476
8.63373 8.75328 0.318476
8.63373 8.75328 0.318476
8.63373 8.75328 0.318476
8.63373 8.75328 0.318476
9.35411 8.58705 0.320749
9.35411 8.58705 0.320749
8.53047 8.61274 0.345006
8.4075 8.42109 0.315291
8.4075 8.42109 0.315291
8.4075 8.42109 0.315291
8.4075 8.42109 0.315291
8.4075 8.42109 0.315291
8.745 8.6465 0.316114
8.745 8.6465 0.316114
8.57376 8.34451 0.326638
8.67788 8.896 0.331115
9.0628 8.55061 0.31421
8.99522 8.65752 0.302664
8.99522 8.65752 0.302664
8.58809 8.64544 0.300103
8.48871 8.27333 0.322815
8.48871 8.27333 0.322815
9.00716 8.90858 0.333562
9.0061 9.02384 0.311551
9.0061 9.02384 0.311551
9.0061 9.02384 0.311551
9.0061 9.02384 0.311551
9.0061 9.02384 0.311551
8.97041 8.68967 0.335224
8.85699 8.80281 0.33034
8.85699 8.80281 0.33034
8.72728 8.95948 0.316439
8.72728 8.95948 0.316439
8.49769 8.36679 0.307911
8.62647 8.82547 0.324869
8.62647 8.82547 0.324869
8.62647 8.82547 0.324869
8.62647 8.82547 0.324869
9.11569 9.17644 0.330871
9.11569 9.17644 0.330871
9.11569 9.17644 0.330871
9.11569 9.17644 0.330871
9.11569 9.17644 0.330871
8.20864 8.17038 0.306233
8.61723 8.46899 0.323279
8.61723 8.46899 0.323279
8.61723 8.46899 0.323279
8.61723 8.46899 0.323279
8.61723 8.46899 0.323279
8.61723 8.46899 0.323279
8.61723 8.46899 0.323279
8.32995 9.37565 0.319719
8.32995 9.37565 0.319719
8.75933 9.02609 0.324867
8.75933 9.02609 0.324867
8.75933 9.02609 0.324867
8.62851 8.86027 0.314022
9.2071 8.17515 0.330013
8.59129 8.40591 0.327063
8.59129 8.40591 0.327063
8.59129 8.40591 0.327063
8.59129 8.40591 0.327063
8.59129 8.40591 0.327063
8.59129 8.40591 0.327063
8.59129 8.40591 0.327063
8.59129 8.40591 0.327063
8.59129 8.40591 0.327063
9.33999 8.13645 0.300943
9.33999 8.13645 0.300943
8.65263 8.64907 0.31035
8.65263 8.64907 0.31035
8.74457 8.90671 0.32788
8.11729 9.23216 0.311062
9.04738 8.75449 0.322037
9.04738 8.75449 0.322037
9.04738 8.75449 0.322037
9.18221 8.76517 0.31169
9.18221 8.76517 0.31169
8.4235 8.70448 0.316291
8.4235 8.70448 0.316291
8.4235 8.70448 0.316291
8.4235 8.70448 0.316291
8.4235 8.70448 0.316291
8.4235 8.70448 0.316291
8.4235 8.70448 0.316291
8.4235 8.70448 0.316291
8.4235 8.70448 0.316291
8.4235 8.70448 0.316291
8.4235 8.70448 0.316291
9.01558 8.20946 0.31615
9.01558 8.20946 0.31615
8.92699 8.86882 0.299615
8.92699 8.86882 0.299615
8.87537 9.02151 0.321255
8.87537 9.02151 0.321255
8.87537 9.02151 0.321255
8.87537 9.02151 0.321255
8.76165 8.34554 0.341029
8.50374 8.85266 0.313415
8.50374 8.85266 0.313415
8.62694 8.82792 0.334723
8.47409 8.4462 0.311746
8.47409 8.4462 0.311746
8.47409 8.4462 0.311746
8.47409 8.4462 0.311746
8.47409 8.4462 0.311746
8.47409 8.4462 0.311746
8.47409 8.4462 0.311746
8.47409 8.4462 0.311746
8.84108 8.6536 0.320073
8.84108 8.6536 0.320073
8.84108 8.6536 0.320073
8.84108 8.6536 0.320073
8.84108 8.6536 0.320073
8.84108 8.6536 0.320073
8.65666 8.62064 0.313344
8.42844 8.92003 0.335593
8.42844 8.92003 0.335593
8.42844 8.92003 0.335593
8.42844 8.92003 0.335593
8.42844 8.92003 0.335593
8.42844 8.92003 0.335593
8.42844 8.92003 0.335593
8.88692 8.94732 0.310163
8.88692 8.94732 0.310163
8.27729 8.55912 0.310317
8.63773 8.66236 0.325189
8.63773 8.66236 0.325189
8.59619 8.74364 0.31138
8.59619 8.74364 0.31138
8.59619 8.74364 0.31138
8.59619 8.74364 0.31138
9.04125 8.91165 0.308192
9.04125 8.91165 0.308192
9.04125 8.91165 0.308192
8.48569 8.53516 0.305984
8.48569 8.53516 0.305984
8.92636 9.33038 0.307976
8.92636 9.33038 0.307976
8.92636 9.33038 0.307976
8.92636 9.33038 0.307976
8.92636 9.33038 0.307976
8.92636 9.33038 0.307976
8.62597 8.82046 0.330321
8.62597 8.82046 0.330321
8.62597 8.82046 0.330321
8.37928 8.74437 0.295733
8.37928 8.74437 0.295733
8.11245 8.65687 0.316786
8.11245 8.65687 0.316786
8.11245 8.65687 0.316786
9.15393 8.60455 0.329844
8.72873 8.16319 0.326818
8.72873 8.16319 0.326818
8.72873 8.16319 0.326818
8.72873 8.16319 0.326818
9.11932 8.6321 0.30887
8.83216 8.44797 0.338294
8.83216 8.44797 0.338294
9.2182 8.8645 0.32365
9.2182 8.8645 0.32365
8.6612 8.8506 0.331663
8.63102 8.32843 0.326818
8.63102 8.32843 0.326818
8.63102 8.32843 0.326818
8.63102 8.32843 0.326818
8.95732 8.75546 0.338357
8.95732 8.75546 0.338357
8.95732 8.75546 0.338357
8.95732 8.75546 0.338357
8.95732 8.75546 0.338357
8.8402 8.04068 0.315008
8.7014 8.56073 0.334591
8.7014 8.56073 0.334591
8.7014 8.56073 0.334591
8.54142 8.67753 0.334359
8.54142 8.67753 0.334359
8.54142 8.67753 0.334359
8.65373 8.81367 0.327886
8.65373 8.81367 0.327886
8.65373 8.81367 0.327886
8.65373 8.81367 0.327886
8.65373 8.81367 0.327886
8.59842 9.03945 0.327624
8.59842 9.03945 0.327624
8.98093 8.83257 0.334088
8.98093 8.83257 0.334088
8.90966 8.64897 0.310466
8.76345 8.33352 0.339368
8.71414 8.6693 0.32355
8.71414 8.6693 0.32355
8.71414 8.6693 0.32355
8.37028 8.47864 0.32141
8.37028 8.47864 0.32141
8.37028 8.47864 0.32141
8.37028 8.47864 0.32141
9.02502 8.84271 0.313368
9.02502 8.84271 0.313368
9.04079 8.33712 0.318655
9.04079 8.33712 0.318655
8.67535 8.15763 0.312374
8.67535 8.15763 0.312374
8.67535 8.15763 0.312374
8.67535 8.15763 0.312374
8.69936 8.29368 0.328759
8.69936 8.29368 0.328759
8.69936 8.29368 0.328759
8.47839 8.34331 0.320678
8.47839 8.34331 0.320678
8.71659 8.73902 0.312744
7.45978 7.91198 0.31819
7.45978 7.91198 0.31819
7.45978 7.91198 0.31819
7.6744 7.56615 0.335017
7.6744 7.56615 0.335017
8.15872 7.56851 0.307496
8.15872 7.56851 0.307496
8.15872 7.56851 0.307496
7.8322 7.42851 0.319639
7.8322 7.42851 0.319639
7.68565 7.31001 0.344736
7.68565 7.31001 0.344736
8.16307 7.70691 0.339574
8.01589 7.62819 0.324449
8.01589 7.62819 0.324449
8.01589 7.62819 0.324449
7.08085 7.53135 0.327436
7.80937 7.90145 0.325898
7.80937 7.90145 0.325898
7.80937 7.90145 0.325898
7.80937 7.90145 0.325898
7.56266 7.84534 0.333034
7.56266 7.84534 0.333034
7.56266 7.84534 0.333034
7.23959 7.42127 0.325159
7.23959 7.42127 0.325159
7.23959 7.42127 0.325159
7.23959 7.42127 0.325159
7.48277 7.75609 0.318136
7.48277 7.75609 0.318136
7.48277 7.75609 0.318136
7.48277 7.75609 0.318136
7.59676 8.16911 0.337345
7.40459 7.75414 0.32669
7.40459 7.75414 0.32669
7.40459 7.75414 0.32669
8.10509 7.16549 0.31071
8.10509 7.16549 0.31071
8.10509 7.16549 0.31071
8.10509 7.16549 0.31071
8.10509 7.16549 0.31071
8.10509 7.16549 0.31071
8.07449 7.32264 0.330896
7.95585 8.06809 0.318879
7.95585 8.06809 0.318879
8.11267 7.94794 0.314063
8.11267 7.94794 0.314063
8.11267 7.94794 0.314063
8.11267 7.94794 0.314063
7.64552 8.09755 0.326183
7.64552 8.09755 0.326183
7.64552 8.09755 0.326183
7.64552 8.09755 0.326183
7.64552 8.09755 0.326183
7.64552 8.09755 0.326183
7.64552 8.09755 0.326183
7.63435 7.07715 0.322706
7.63435 7.07715 0.322706
7.63435 7.07715 0.322706
7.63435 7.07715 0.322706
7.63435 7.07715 0.322706
7.97883 8.04429 0.31212
7.97883 8.04429 0.31212
7.97883 8.04429 0.31212
7.97883 8.04429 0.31212
7.97883 8.04429 0.31212
7.97883 8.04429 0.31212
7.64212 7.36408 0.332993
7.64212 7.36408 0.332993
7.64212 7.36408 0.332993
7.64212 7.36408 0.332993
7.64212 7.36408 0.332993
7.3981 7.9123 0.331267
7.3981 7.9123 0.331267
7.3981 7.9123 0.331267
7.4641 7.31666 0.322892
7.4641 7.31666 0.322892
7.4641 7.31666 0.322892
7.4641 7.31666 0.322892
7.62318 7.61519 0.316155
7.32942 6.88363 0.336336
7.28109 7.65686 0.322055
7.28109 7.65686 0.322055
7.28109 7.65686 0.322055
7.28109 7.65686 0.322055
7.28109 7.65686 0.322055
7.28109 7.65686 0.322055
7.28109 7.65686 0.322055
7.28109 7.65686 0.322055
8.25009 8.11258 0.305481
8.25009 8.11258 0.305481
8.25009 8.11258 0.305481
8.25009 8.11258 0.305481
8.25009 8.11258 0.305481
8.25009 8.11258 0.305481
7.43966 7.76124 0.343242
7.82355 7.14185 0.307498
7.82355 7.14185 0.307498
7.37131 8.03451 0.317702
7.24204 7.74688 0.316991
7.24204 7.74688 0.316991
7.64795 7.74941 0.321507
7.84936 7.57519 0.319466
7.85529 7.71139 0.32725
8.1169 7.90773 0.323029
8.1169 7.90773 0.323029
7.67253 7.19371 0.325974
7.67253 7.19371 0.325974
7.67253 7.19371 0.325974
7.67253 7.19371 0.325974
7.52048 7.11412 0.31588
7.52048 7.11412 0.31588
7.98024 7.88602 0.335936
7.98024 7.88602 0.335936
7.98024 7.88602 0.335936
7.98024 7.88602 0.335936
7.98024 7.88602 0.335936
7.98024 7.88602 0.335936
7.55011 7.90548 0.329213
7.45588 7.86581 0.314798
7.45588 7.86581 0.314798
7.45588 7.86581 0.314798
7.45588 7.86581 0.314798
7.45588 7.86581 0.314798
7.45588 7.86581 0.314798
7.6082 7.88713 0.310712
7.6082 7.88713 0.310712
7.35712 7.63798 0.32805
7.35712 7.63798 0.32805
7.35712 7.63798 0.32805
7.35712 7.63798 0.32805
7.35712 7.63798 0.32805
7.35712 7.63798 0.32805
7.37596 7.69144 0.330357
7.37596 7.69144 0.330357
7.4463 8.20771 0.318923
7.46073 7.8971 0.315552
7.46073 7.8971 0.315552
7.46073 7.8971 0.315552
7.46073 7.8971 0.315552
7.64252 7.60417 0.304291
7.64252 7.60417 0.304291
7.64252 7.60417 0.304291
7.64252 7.60417 0.304291
7.52644 7.65565 0.34968
7.52644 7.65565 0.34968
7.28441 7.27709 0.32919
7.28441 7.27709 0.32919
7.71339 7.71748 0.329797
7.71339 7.71748 0.329797
7.71339 7.71748 0.329797
7.66515 7.27448 0.332185
7.66515 7.27448 0.332185
7.66515 7.27448 0.332185
7.66515 7.27448 0.332185
7.66515 7.27448 0.332185
7.66515 7.27448 0.332185
7.66515 7.27448 0.332185
7.598 7.32587 0.326171
7.598 7.32587 0.326171
7.598 7.32587 0.326171
7.46825 7.77312 0.320158
7.46825 7.77312 0.320158
7.46825 7.77312 0.320158
7.89768 7.74367 0.326702
7.89768 7.74367 0.326702
8.36811 7.58698 0.327239
7.72281 7.39365 0.329696
7.72281 7.39365 0.329696
7.72281 7.39365 0.329696
7.63985 8.09916 0.325835
7.63985 8.09916 0.325835
7.45621 7.98932 0.312827
7.45621 7.98932 0.312827
7.45621 7.98932 0.312827
7.45621 7.98932 0.312827
7.45621 7.98932 0.312827
7.25634 7.69974 0.321572
7.62746 7.71132 0.312177
7.62746 7.71132 0.312177
7.62746 7.71132 0.312177
7.62746 7.71132 0.312177
7.49376 7.4105 0.328833
7.49376 7.4105 0.328833
7.7125 8.25368 0.320749
7.7125 8.25368 0.320749
7.7125 8.25368 0.320749
7.7125 8.25368 0.320749
7.57851 7.28809 0.319165
8.0281 7.76628 0.32874
8.0281 7.76628 0.32874
8.0281 7.76628 0.32874
8.0281 7.76628 0.32874
8.0281 7.76628 0.32874
8.0281 7.76628 0.32874
8.0281 7.76628 0.32874
8.0281 7.76628 0.32874
8.0281 7.76628 0.32874
8.36332 7.5689 0.327131
7.71339 7.38332 0.335059
7.70994 8.10819 0.319228
7.70994 8.10819 0.319228
7.70994 8.10819 0.319228
8.18787 7.65815 0.320657
7.5951 7.99623 0.316781
7.5951 7.99623 0.316781
7.5951 7.99623 0.316781
7.16431 8.20033 0.323939
7.16431 8.20033 0.323939
7.16431 8.20033 0.323939
7.98629 7.57036 0.335574
7.98629 7.57036 0.335574
7.98629 7.57036 0.335574
7.98629 7.57036 0.335574
7.98629 7.57036 0.335574
7.98629 7.57036 0.335574
7.73403 7.7904 0.326556
7.63684 7.82615 0.326189
7.63684 7.82615 0.326189
7.63684 7.82615 0.326189
7.63684 7.82615 0.326189
7.63684 7.82615 0.326189
7.67647 8.07271 0.313616
7.67647 8.07271 0.313616
7.42287 7.49326 0.335936
7.51158 7.94734 0.323634
7.51158 7.94734 0.323634
7.51158 7.94734 0.323634
7.51158 7.94734 0.323634
8.11055 7.79825 0.304417
8.11055 7.79825 0.304417
7.57845 7.87261 0.330466
7.57845 7.87261 0.330466
7.57845 7.87261 0.330466
7.56859 7.82066 0.335623
7.56859 7.82066 0.335623
7.56859 7.82066 0.335623
7.57104 7.65094 0.315304
7.47383 7.5564 0.303884
7.0515 7.90068 0.31809
7.0515 7.90068 0.31809
7.0515 7.90068 0.31809
7.0515 7.90068 0.31809
7.0515 7.90068 0.31809
8.30121 7.31043 0.333767
8.30121 7.31043 0.333767
8.30121 7.31043 0.333767
7.85404 7.83204 0.336013
7.85404 7.83204 0.336013
7.8706 7.95346 0.31491
7.8706 7.95346 0.31491
7.8706 7.95346 0.31491
7.8706 7.95346 0.31491
7.8706 7.95346 0.31491
7.8706 7.95346 0.31491
7.4981 7.36144 0.305673
7.4981 7.36144 0.305673
7.74153 7.16342 0.313899
7.69992 7.95154 0.34798
7.69992 7.95154 0.34798
7.69992 7.95154 0.34798
7.61688 7.77501 0.333913
7.61688 7.77501 0.333913
7.61688 7.77501 0.333913
7.78025 7.55476 0.333367
7.78025 7.55476 0.333367
7.21572 8.52621 0.316875
7.59235 7.7239 0.32149
7.71409 7.2372 0.32009
7.71409 7.2372 0.32009
7.71409 7.2372 0.32009
7.71409 7.2372 0.32009
7.2981 7.16106 0.345456
7.68332 7.68805 0.344064
7.68332 7.68805 0.344064
7.68332 7.68805 0.344064
7.68332 7.68805 0.344064
7.68332 7.68805 0.344064
7.68332 7.68805 0.344064
7.55705 7.33352 0.316043
7.55705 7.33352 0.316043
7.55705 7.33352 0.316043
8.05343 7.52491 0.351507
7.35647 7.65427 0.339387
7.79994 7.75448 0.331759
7.80392 8.01768 0.321796
7.49137 8.00984 0.315867
7.49137 8.00984 0.315867
7.29535 7.85263 0.334367
7.29535 7.85263 0.334367
7.29535 7.85263 0.334367
7.29535 7.85263 0.334367
8.06533 7.41375 0.319281
8.06533 7.41375 0.319281
8.06533 7.41375 0.319281
8.06533 7.41375 0.319281
8.06533 7.41375 0.319281
8.06533 7.41375 0.319281
8.06533 7.41375 0.319281
8.06533 7.41375 0.319281
8.06533 7.41375 0.319281
8.06533 7.41375 0.319281
7.922 7.31617 0.32425
7.922 7.31617 0.32425
7.48228 6.93384 0.318694
7.6194 7.86432 0.322739
7.6194 7.86432 0.322739
7.6194 7.86432 0.322739
7.6194 7.86432 0.322739
7.6194 7.86432 0.322739
7.6194 7.86432 0.322739
7.6194 7.86432 0.322739
8.22007 7.23175 0.333329
8.22007 7.23175 0.333329
8.22007 7.23175 0.333329
8.22007 7.23175 0.333329
8.22007 7.23175 0.333329
7.40627 7.21728 0.331174
7.40627 7.21728 0.331174
8.0553 7.28063 0.315426
8.0553 7.28063 0.315426
8.0553 7.28063 0.315426
8.0553 7.28063 0.315426
8.0553 7.28063 0.315426
7.97906 8.21986 0.322768
8.01146 7.44151 0.317315
8.01146 7.44151 0.317315
8.01146 7.44151 0.317315
8.01146 7.44151 0.317315
7.78351 7.49921 0.324082
7.55528 7.79384 0.313442
7.71075 8.05093 0.323053
7.71075 8.05093 0.323053
7.71075 8.05093 0.323053
7.36589 7.50789 0.324322
7.36589 7.50789 0.324322
7.68465 7.58725 0.326922
7.34687 7.41345 0.324897
7.56266 8.22487 0.33394
7.56266 8.22487 0.33394
7.56266 8.22487 0.33394
7.56266 8.22487 0.33394
7.4945 7.61977 0.327372
7.51222 7.5133 0.319322
7.51222 7.5133 0.319322
7.51222 7.5133 0.319322
7.5233 7.76856 0.314399
7.5233 7.76856 0.314399
7.5233 7.76856 0.314399
7.5233 7.76856 0.314399
7.039 7.9033 0.331413
7.039 7.9033 0.331413
7.039 7.9033 0.331413
7.94607 7.95548 0.327622
7.94607 7.95548 0.327622
8.00012 7.76763 0.32274
8.00012 7.76763 0.32274
7.82243 7.61597 0.329809
7.82243 7.61597 0.329809
7.82243 7.61597 0.329809
7.84761 7.78056 0.322285
7.84761 7.78056 0.322285
7.84761 7.78056 0.322285
7.84761 7.78056 0.322285
7.84761 7.78056 0.322285
7.84761 7.78056 0.322285
7.84761 7.78056 0.322285
7.84761 7.78056 0.322285
7.62827 7.44646 0.316363
7.62827 7.44646 0.316363
7.62827 7.44646 0.316363
7.62827 7.44646 0.316363
7.74844 7.55877 0.317435
7.74844 7.55877 0.317435
7.74844 7.55877 0.317435
7.74844 7.55877 0.317435
7.74844 7.55877 0.317435
7.74844 7.55877 0.317435
8.11857 7.41453 0.31429
8.11857 7.41453 0.31429
7.13367 8.06974 0.314357
7.13367 8.06974 0.314357
7.13367 8.06974 0.314357
7.78871 7.43985 0.332379
7.60645 7.38028 0.336724
7.60645 7.38028 0.336724
7.9211 7.93015 0.328467
7.58572 7.43052 0.320731
7.58572 7.43052 0.320731
7.58572 7.43052 0.320731
7.58572 7.43052 0.320731
7.58572 7.43052 0.320731
7.79968 7.35043 0.322186
7.46146 7.79137 0.325098
7.46146 7.79137 0.325098
7.46146 7.79137 0.325098
7.46146 7.79137 0.325098
8.17194 8.15854 0.337421
8.17194 8.15854 0.337421
8.17194 8.15854 0.337421
8.17194 8.15854 0.337421
8.17194 8.15854 0.337421
7.32697 7.38701 0.324774
7.32697 7.38701 0.324774
7.59209 8.01677 0.32646
7.59209 8.01677 0.32646
7.59209 8.01677 0.32646
7.80994 7.31788 0.334665
7.56164 6.84272 0.334335
7.56164 6.84272 0.334335
7.98273 7.87464 0.318693
7.98273 7.87464 0.318693
7.98273 7.87464 0.318693
7.46005 8.11264 0.331743
7.46005 8.11264 0.331743
7.46005 8.11264 0.331743
7.58668 7.7596 0.336365
7.58668 7.7596 0.336365
7.43212 8.04708 0.327393
7.43212 8.04708 0.327393
7.43212 8.04708 0.327393
7.43212 8.04708 0.327393
7.43212 8.04708 0.327393
8.48675 7.59895 0.313811
8.48675 7.59895 0.313811
8.48675 7.59895 0.313811
8.48675 7.59895 0.313811
7.65233 7.39647 0.333849
7.59614 7.88027 0.334411
7.65029 7.46479 0.315769
7.65029 7.46479 0.315769
7.65029 7.46479 0.315769
7.65029 7.46479 0.315769
7.65029 7.46479 0.315769
7.81306 7.65938 0.337351
7.65296 7.51755 0.343143
7.65296 7.51755 0.343143
7.34606 8.14528 0.318212
7.34606 8.14528 0.318212
7.34606 8.14528 0.318212
7.34606 8.14528 0.318212
7.34606 8.14528 0.318212
7.58361 7.76112 0.329874
7.63976 7.42211 0.328075
7.95233 7.33108 0.325408
7.95233 7.33108 0.325408
7.95233 7.33108 0.325408
7.95233 7.33108 0.325408
7.95233 7.33108 0.325408
7.95233 7.33108 0.325408
7.95233 7.33108 0.325408
7.95233 7.33108 0.325408
7.95233 7.33108 0.325408
7.93326 7.81769 0.338173
7.93326 7.81769 0.338173
7.93326 7.81769 0.338173
7.93326 7.81769 0.338173
7.93326 7.81769 0.338173
7.93326 7.81769 0.338173
7.93326 7.81769 0.338173
7.77792 7.3873 0.319343
7.77792 7.3873 0.319343
7.77792 7.3873 0.319343
7.77792 7.3873 0.319343
7.77792 7.3873 0.319343
7.77792 7.3873 0.319343
7.77792 7.3873 0.319343
7.77792 7.3873 0.319343
7.77792 7.3873 0.319343
7.77792 7.3873 0.319343
7.77792 7.3873 0.319343
7.77792 7.3873 0.319343
7.77792 7.3873 0.319343
7.80147 7.1547 0.335558
7.80147 7.1547 0.335558
7.80147 7.1547 0.335558
7.80147 7.1547 0.335558
7.80147 7.1547 0.335558
7.80147 7.1547 0.335558
7.27302 8.35964 0.304649
7.44857 7.49962 0.326612
7.44857 7.49962 0.326612
7.44857 7.49962 0.326612
7.72821 7.83999 0.33252
7.38387 7.68008 0.323944
7.38387 7.68008 0.323944
7.38387 7.68008 0.323944
7.38387 7.68008 0.323944
7.38387 7.68008 0.323944
7.44696 7.29553 0.32458
7.44696 7.29553 0.32458
7.44696 7.29553 0.32458
7.44696 7.29553 0.32458
7.60818 7.34282 0.334998
7.60818 7.34282 0.334998
7.60818 7.34282 0.334998
7.60818 7.34282 0.334998
7.60818 7.34282 0.334998
7.54631 7.41384 0.331893
7.46897 7.48948 0.344783
7.57502 7.36881 0.321997
7.57502 7.36881 0.321997
7.57502 7.36881 0.321997
7.57502 7.36881 0.321997
7.57502 7.36881 0.321997
7.65783 7.65139 0.321131
7.65783 7.65139 0.321131
7.52465 7.44347 0.303324
7.31037 7.61339 0.32384
7.96632 7.72907 0.322044
7.96632 7.72907 0.322044
7.85878 7.56757 0.319926
8.24982 7.58064 0.321944
8.24982 7.58064 0.321944
8.24982 7.58064 0.321944
8.24982 7.58064 0.321944
8.24982 7.58064 0.321944
7.89716 7.19631 0.323448
10.7278 10.9836 0.310181
11.059 10.799 0.335258
10.911 11.1577 0.311525
11.2098 11.0224 0.296621
11.2098 11.0224 0.296621
10.8856 10.8641 0.312728
10.8856 10.8641 0.312728
11.05 10.7268 0.307988
10.486 10.711 0.319022
10.486 10.711 0.319022
11.3459 10.992 0.318404
10.6638 10.9243 0.295003
10.6227 10.3286 0.326006
10.8021 11.1188 0.317525
10.4001 11.0757 0.304435
10.4001 11.0757 0.304435
10.9295 10.9703 0.326047
10.7608 10.7442 0.319598
10.6216 11.202 0.301425
10.7382 11.251 0.308812
10.4856 11.1171 0.316374
10.8006 10.4835 0.309907
11.1821 10.7178 0.28735
10.6194 10.5413 0.317276
10.7659 10.6167 0.300052
11.1752 10.8319 0.313121
11.2583 10.5558 0.322302
10.7754 10.6135 0.296413
10.7754 10.6135 0.296413
10.8316 10.7322 0.314495
10.8316 10.7322 0.314495
11.2245 10.6159 0.303393
10.8767 10.5024 0.317458
11.1449 10.5649 0.319904
10.7986 10.6419 0.305895
10.7986 10.6419 0.305895
10.7986 10.6419 0.305895
10.7644 10.038 0.301089
10.6728 10.5283 0.319714
10.6383 10.965 0.302395
10.6243 10.8478 0.306775
10.6243 10.8478 0.306775
10.8691 10.5273 0.320822
10.9277 10.2545 0.315187
10.9166 11.4362 0.315846
10.6283 11.0219 0.312382
10.6396 10.8566 0.317203
10.7863 10.894 0.315289
11.2668 11.2719 0.317457
10.161 11.2527 0.324261
11.1922 10.7983 0.309238
10.7913 11.031 0.307004
10.7913 11.031 0.307004
10.7913 11.031 0.307004
10.7913 11.031 0.307004
10.7664 11.2218 0.313557
11.2374 10.8233 0.319969
10.9281 10.8275 0.325296
11.3658 10.8566 0.308832
11.3658 10.8566 0.308832
11.3658 10.8566 0.308832
11.291 10.9598 0.298748
10.7495 10.4021 0.299794
11.0164 11.0563 0.314998
10.8115 11.0099 0.307203
10.8377 10.8937 0.299936
11.1373 10.8124 0.323228
11.1373 10.8124 0.323228
11.1373 10.8124 0.323228
11.1278 10.5383 0.309626
10.2819 10.9296 0.311993
10.4086 11.1918 0.30369
11.1714 11.0803 0.314039
10.9012 10.7843 0.330167
10.2232 10.6462 0.301647
10.6796 10.838 0.313771
10.8604 10.9721 0.314478
10.9834 10.9421 0.29459
10.6227 10.8155 0.30271
10.6227 10.8155 0.30271
11.1727 11.0691 0.312069
10.7526 10.7662 0.322614
10.6302 10.7685 0.314329
10.5434 10.1236 0.301562
10.5434 10.1236 0.301562
10.7327 11.1797 0.323131
10.6017 10.853 0.310458
10.2265 10.6943 0.292657
10.5051 10.384 0.334394
10.5051 10.384 0.334394
11.2524 11.0097 0.311673
11.0992 10.9273 0.323857
11.3271 11.2471 0.309267
11.3271 11.2471 0.309267
11.3271 11.2471 0.309267
10.9073 10.8872 0.304251
10.9073 10.8872 0.304251
10.9189 10.824 0.302736
10.9189 10.824 0.302736
10.2957 11.6886 0.31555
10.8672 10.6436 0.310527
10.8672 10.6436 0.310527
10.9022 10.6808 0.295458
10.9022 10.6808 0.295458
11.0759 11.4538 0.306988
10.4216 10.5619 0.288616
10.9677 10.6416 0.318124
10.9677 10.6416 0.318124
10.8886 10.4073 0.327874
10.8543 11.1657 0.289928
10.8543 11.1657 0.289928
10.5484 10.7368 0.300956
10.5484 10.7368 0.300956
10.9045 10.6289 0.314167
10.9045 10.6289 0.314167
11.2899 11.1136 0.308421
11.0413 10.901 0.320592
11.0732 10.1642 0.332921
11.6062 10.3461 0.314671
11.2432 10.7943 0.318932
11.2649 11.0007 0.313322
11.2649 11.0007 0.313322
11.1373 10.7461 0.305901
10.3946 10.8969 0.306469
11.5146 10.6153 0.346619
11.0336 10.7287 0.303581
10.6524 10.9281 0.307886
10.9161 10.8209 0.299994
11.6884 10.7751 0.322062
11.6884 10.7751 0.322062
11.0786 10.7477 0.31642
10.7859 10.6967 0.302393
10.7859 10.6967 0.302393
10.7598 11.3531 0.314949
10.6053 10.3567 0.302154
10.878 10.3192 0.307817
10.878 10.3192 0.307817
10.6719 10.955 0.300837
10.5297 10.8203 0.304788
10.5297 10.8203 0.304788
10.5297 10.8203 0.304788
10.8137 10.6851 0.293057
10.8137 10.6851 0.293057
10.7268 10.506 0.296561
10.7199 10.7548 0.307589
10.9495 10.3558 0.30452
11.0777 10.5443 0.316466
10.8298 10.6592 0.30721
10.8298 10.6592 0.30721
10.8298 10.6592 0.30721
11.1927 11.2673 0.314901
10.8814 10.8643 0.313395
10.8814 10.8643 0.313395
11.1079 10.6681 0.301713
11.1188 10.8285 0.299857
10.3732 10.8714 0.312287
10.4621 10.9715 0.329019
10.7992 10.2607 0.311497
10.7992 10.2607 0.311497
11.0317 10.6812 0.320293
11.1674 10.7327 0.328378
10.8743 10.6468 0.323387
10.3299 10.4488 0.311424
10.3299 10.4488 0.311424
11.0279 10.9074 0.30057
10.6203 11.0708 0.313299
11.1324 10.5699 0.293148
10.7341 10.7458 0.319313
10.7341 10.7458 0.319313
11.0326 11.0781 0.302775
10.6862 10.8944 0.307614
10.9722 10.3682 0.302653
10.5746 10.3265 0.309948
10.9522 11.1416 0.316755
10.9522 11.1416 0.316755
10.8072 10.4408 0.312294
11.2029 11.0947 0.309991
10.9848 10.5738 0.293032
10.9848 10.5738 0.293032
11.0895 10.8056 0.320781
10.7024 10.7696 0.306799
10.453 10.4063 0.321807
11.1715 11.2097 0.308796
10.4693 11.0046 0.315368
11.0348 10.8007 0.325369
11.0415 10.7516 0.295913
10.6214 11.1034 0.304014
10.6214 11.1034 0.304014
10.9439 10.6461 0.309077
10.96 10.5553 0.321313
11.0916 10.7642 0.329355
10.1842 10.9211 0.287204
10.1842 10.9211 0.287204
10.702 10.8127 0.313757
11.2446 11.3402 0.308054
11.3023 11.1195 0.313243
11.3023 11.1195 0.313243
10.8459 10.886 0.313837
10.5286 10.4042 0.311598
10.908 10.8097 0.299851
11.1834 10.8444 0.303958
11.1093 11.0215 0.311158
11.277 11.1391 0.307232
11.1204 10.8593 0.320467
10.9125 10.4569 0.308265
10.376 10.9858 0.30873
10.5198 10.9617 0.307855
11.0455 10.7541 0.316166
10.6321 10.5432 0.305932
10.6321 10.5432 0.305932
10.7672 10.6084 0.306629
11.0643 10.6385 0.299014
11.0642 10.5308 0.308339
11.2477 10.9774 0.304597
10.3008 11.3413 0.305001
10.3008 11.3413 0.305001
10.8366 10.8249 0.333288
10.8366 10.8249 0.333288
10.6805 10.5444 0.309411
10.6805 10.5444 0.309411
11.0303 11.0617 0.309499
11.0303 11.0617 0.309499
11.0303 11.0617 0.309499
11.0303 11.0617 0.309499
10.9703 10.9188 0.307823
11.1282 10.7412 0.317509
10.8569 11.3415 0.323879
10.8731 11.1051 0.302141
10.3701 11.1989 0.297393
11.0589 10.8833 0.310966
10.7405 10.8618 0.307154
11.4524 11.0693 0.306303
11.4524 11.0693 0.306303
10.8857 10.6125 0.299253
11.2068 10.7516 0.309382
11.0775 10.6886 0.315869
11.0775 10.6886 0.315869
10.5817 10.809 0.31357
11.0841 11.157 0.313674
11.1211 10.1504 0.300151
11.2246 10.1257 0.317818
11.2246 10.1257 0.317818
10.9559 10.7639 0.314181
11.0804 11.4167 0.323455
10.0867 10.736 0.305403
11.1178 11.281 0.325252
11.2977 11.1079 0.289825
11.1215 11.1685 0.30781
11.1215 11.1685 0.30781
10.7939 11.739 0.324935
11.2127 10.9272 0.314946
11.2127 10.9272 0.314946
10.4471 10.7052 0.334721
10.4471 10.7052 0.334721
11.0698 10.4673 0.304158
10.9899 10.5028 0.303301
10.945 10.912 0.32085
10.7562 10.5612 0.299671
10.7157 10.9745 0.31737
10.8385 10.6468 0.315272
10.5046 11.0581 0.302904
10.5046 11.0581 0.302904
11.7202 10.8333 0.310768
10.708 11.0848 0.307661
10.7406 11.4601 0.329054
10.5442 10.7088 0.293865
11.0918 11.0946 0.302166
11.0918 11.0946 0.302166
10.9908 10.5142 0.319326
10.9908 10.5142 0.319326
10.9489 10.6726 0.304845
10.9489 10.6726 0.304845
10.2149 11.6768 0.318755
10.2409 10.7383 0.304376
10.5766 10.6303 0.297863
11.0867 10.4265 0.341985
10.7984 10.6201 0.320479
10.6812 11.0336 0.326865
10.8299 10.6184 0.313204
10.8299 10.6184 0.313204
10.484 10.4795 0.299028
11.3367 10.7538 0.30911
10.6891 10.3169 0.318707
10.7933 10.4596 0.301164
10.6421 10.2809 0.317985
10.78 10.8255 0.329539
10.78 10.8255 0.329539
10.78 10.8255 0.329539
11.0552 11.0131 0.296102
11.0552 11.0131 0.296102
10.9746 10.834 0.298344
11.5988 11.1877 0.307185
10.8945 11.0138 0.305021
10.669 10.8299 0.307348
11.6133 11.1508 0.300691
11.0241 10.5798 0.316068
10.834 11.417 0.306089
10.6593 10.7612 0.310642
11.3043 10.3821 0.326702
10.6956 11.037 0.307716
10.4717 11.26 0.310768
11.3678 10.7912 0.31922
10.6885 10.6798 0.300271
10.5555 11.0445 0.32575
10.712 11.141 0.292231
10.712 11.141 0.292231
10.6181 11.1344 0.29952
10.5 11.1007 0.308003
10.2401 10.9551 0.309128
10.8505 10.9332 0.306542
10.6706 11.3371 0.308105
10.6706 11.3371 0.308105
10.876 10.5862 0.307182
10.5658 10.9365 0.314794
10.5658 10.9365 0.314794
10.5658 10.9365 0.314794
10.6263 10.589 0.319141
10.7885 10.8125 0.304252
10.9762 10.9861 0.313727
11.4454 11.1431 0.320955
11.0414 10.6413 0.293673
11.2924 10.5549 0.330065
11.2924 10.5549 0.330065
10.4845 10.4944 0.302808
10.6686 10.9709 0.305944
10.2599 10.9994 0.305361
10.8014 10.1996 0.30451
10.8014 10.1996 0.30451
11.1048 10.7839 0.319168
11.1048 10.7839 0.319168
11.0294 11.1556 0.306163
10.4876 11.1435 0.314915
10.4876 11.1435 0.314915
10.4876 11.1435 0.314915
10.3917 11.2676 0.314162
10.3917 11.2676 0.314162
10.4398 11.0077 0.327401
10.8081 11.3223 0.304697
11.0733 11.0347 0.292566
11.0733 11.0347 0.292566
11.0733 11.0347 0.292566
10.9891 10.7098 0.312146
11.0828 10.913 0.292201
11.5129 10.9941 0.320443
10.1275 10.8816 0.305825
10.4136 10.9827 0.312405
10.5051 10.7092 0.333424
10.9951 10.6435 0.309994
10.9302 10.753 0.318587
10.9546 11.0652 0.31038
10.9546 11.0652 0.31038
10.5582 10.671 0.299488
10.8393 11.3008 0.297411
10.9661 10.4594 0.309366
10.8062 10.6617 0.303082
10.9558 11.6928 0.322134
10.5552 10.9502 0.322887
10.9562 11.365 0.3252
10.7963 11.0427 0.302384
11.3314 10.5878 0.306323
11.2565 10.6113 0.312502
11.2565 10.6113 0.312502
10.5786 10.7431 0.319179
10.5335 11.1101 0.31063
10.5335 11.1101 0.31063
10.9794 10.5065 0.317582
10.22 10.8665 0.294629
10.4554 11.2188 0.326708
11.0076 11.0908 0.316255
10.987 10.9957 0.291254
10.4616 11.1712 0.317965
10.0984 10.9108 0.310127
10.6856 11.1681 0.311025
10.7623 10.8332 0.313742
10.7623 10.8332 0.313742
10.4439 10.6591 0.308839
10.8947 10.4765 0.315698
10.9057 10.9167 0.299851
10.9057 10.9167 0.299851
10.7899 10.7619 0.312046
11.0768 10.6454 0.313425
10.6176 10.8344 0.298611
10.837 10.7927 0.309507
10.441 10.5976 0.296383
10.6181 11.3416 0.308446
10.6181 11.3416 0.308446
10.9132 11.23 0.285701
10.9132 11.23 0.285701
10.5894 10.8868 0.32254
10.5894 10.8868 0.32254
11.4563 10.7373 0.325136
11.4563 10.7373 0.325136
11.2789 10.702 0.301829
10.7463 10.8954 0.300297
10.5725 10.9862 0.310005
11.3401 11.2518 0.318722
10.7232 10.7009 0.308865
10.7232 10.7009 0.308865
10.5914 11.3633 0.310624
10.9095 11.1308 0.32684
10.5085 10.8803 0.331734
10.2021 10.7901 0.327923
11.1033 10.8473 0.305962
10.9378 10.5818 0.308469
10.8967 10.7032 0.311015
10.8967 10.7032 0.311015
10.8967 10.7032 0.311015
10.8967 10.7032 0.311015
10.6783 11.2137 0.32224
11.0131 10.4258 0.318604
11.0131 10.4258 0.318604
11.0883 10.5965 0.314367
11.0883 10.5965 0.314367
10.5837 10.6614 0.312494
10.9652 11.0146 0.317269
10.9652 11.0146 0.317269
10.5374 11.3007 0.295221
10.5374 11.3007 0.295221
10.5374 11.3007 0.295221
10.7442 11.4669 0.309049
10.7442 11.4669 0.309049
6.53834 6.55578 0.293531
6.89985 6.80336 0.292349
6.89985 6.80336 0.292349
6.89985 6.80336 0.292349
6.89944 6.13275 0.31644
6.89944 6.13275 0.31644
6.89944 6.13275 0.31644
6.89944 6.13275 0.31644
6.59035 6.60556 0.306978
6.645 6.99615 0.294081
6.645 6.99615 0.294081
6.645 6.99615 0.294081
6.645 6.99615 0.294081
6.42318 6.92786 0.287731
6.42318 6.92786 0.287731
6.42318 6.92786 0.287731
6.42318 6.92786 0.287731
6.42318 6.92786 0.287731
6.59485 6.8037 0.294815
7.19645 7.18148 0.295566
7.19645 7.18148 0.295566
6.57371 6.47955 0.308144
6.30579 6.64079 0.280506
6.30579 6.64079 0.280506
7.28175 6.67269 0.300342
6.16606 6.80329 0.311998
6.16606 6.80329 0.311998
6.16606 6.80329 0.311998
6.50869 6.97107 0.286603
6.69476 6.9557 0.290667
6.58168 7.20117 0.285295
6.58168 7.20117 0.285295
6.58168 7.20117 0.285295
6.58168 7.20117 0.285295
6.58168 7.20117 0.285295
6.58168 7.20117 0.285295
6.58168 7.20117 0.285295
6.92078 6.69816 0.303102
6.64252 6.72165 0.307288
6.64252 6.72165 0.307288
6.64252 6.72165 0.307288
6.70056 6.9162 0.304774
6.70056 6.9162 0.304774
6.70056 6.9162 0.304774
6.47578 6.99268 0.293943
6.47578 6.99268 0.293943
6.47578 6.99268 0.293943
6.47578 6.99268 0.293943
6.47578 6.99268 0.293943
6.47578 6.99268 0.293943
6.47578 6.99268 0.293943
6.47578 6.99268 0.293943
6.47578 6.99268 0.293943
6.47578 6.99268 0.293943
6.47578 6.99268 0.293943
6.47578 6.99268 0.293943
6.47578 6.99268 0.293943
6.47578 6.99268 0.293943
6.47578 6.99268 0.293943
6.47578 6.99268 0.293943
6.47578 6.99268 0.293943
6.47578 6.99268 0.293943
6.47392 6.83529 0.295324
6.47392 6.83529 0.295324
6.47392 6.83529 0.295324
6.47392 6.83529 0.295324
6.26959 6.64838 0.307172
6.26959 6.64838 0.307172
6.26959 6.64838 0.307172
6.26959 6.64838 0.307172
6.26959 6.64838 0.307172
6.8214 6.49993 0.285861
6.8214 6.49993 0.285861
6.8214 6.49993 0.285861
6.8214 6.49993 0.285861
6.8214 6.49993 0.285861
6.8214 6.49993 0.285861
6.8214 6.49993 0.285861
6.8214 6.49993 0.285861
6.8214 6.49993 0.285861
6.39805 7.27521 0.280332
6.4811 6.42467 0.309339
6.4811 6.42467 0.309339
6.4811 6.42467 0.309339
6.4811 6.42467 0.309339
6.4811 6.42467 0.309339
6.80693 6.72045 0.308201
6.80693 6.72045 0.308201
6.80693 6.72045 0.308201
6.80693 6.72045 0.308201
6.79054 6.71539 0.281801
6.94412 6.02693 0.302687
6.94412 6.02693 0.302687
6.45686 6.32399 0.292758
6.45686 6.32399 0.292758
6.61276 6.509 0.289162
6.61276 6.509 0.289162
6.61276 6.509 0.289162
6.61276 6.509 0.289162
6.61276 6.509 0.289162
6.61276 6.509 0.289162
6.61276 6.509 0.289162
6.61276 6.509 0.289162
6.61276 6.509 0.289162
6.61276 6.509 0.289162
6.61276 6.509 0.289162
6.95502 6.94144 0.298396
6.73771 7.06462 0.298925
6.73771 7.06462 0.298925
6.73771 7.06462 0.298925
6.73771 7.06462 0.298925
6.73771 7.06462 0.298925
6.73771 7.06462 0.298925
6.73771 7.06462 0.298925
6.57392 6.92913 0.301043
6.57392 6.92913 0.301043
6.63603 6.63391 0.297569
7.04926 6.7638 0.300894
7.04926 6.7638 0.300894
7.04926 6.7638 0.300894
7.00197 7.33093 0.300058
7.00197 7.33093 0.300058
7.00197 7.33093 0.300058
7.00197 7.33093 0.300058
7.00608 6.78685 0.300947
7.00608 6.78685 0.300947
6.6052 6.74764 0.303264
6.6052 6.74764 0.303264
6.6052 6.74764 0.303264
6.38891 6.4775 0.300364
6.41845 5.864 0.32683
6.41845 5.864 0.32683
6.41845 5.864 0.32683
6.41845 5.864 0.32683
7.07306 6.45843 0.304426
7.07306 6.45843 0.304426
6.18755 6.82471 0.333902
6.18755 6.82471 0.333902
6.59277 6.25849 0.319425
6.2136 6.14366 0.332149
6.2136 6.14366 0.332149
6.2136 6.14366 0.332149
5.99868 6.02516 0.316259
5.99868 6.02516 0.316259
5.99868 6.02516 0.316259
6.10233 6.65234 0.306549
6.10233 6.65234 0.306549
6.10233 6.65234 0.306549
6.10233 6.65234 0.306549
6.10233 6.65234 0.306549
6.10233 6.65234 0.306549
6.10233 6.65234 0.306549
6.10233 6.65234 0.306549
6.10233 6.65234 0.306549
6.10233 6.65234 0.306549
6.10233 6.65234 0.306549
5.81551 6.40011 0.329999
5.81551 6.40011 0.329999
5.81551 6.40011 0.329999
5.81551 6.40011 0.329999
5.81551 6.40011 0.329999
6.06604 6.69761 0.32258
6.06604 6.69761 0.32258
6.06604 6.69761 0.32258
6.67332 6.9207 0.328307
6.67332 6.9207 0.328307
6.67332 6.9207 0.328307
6.67332 6.9207 0.328307
6.67332 6.9207 0.328307
6.67332 6.9207 0.328307
6.74984 6.81095 0.318711
6.74984 6.81095 0.318711
6.12578 6.27301 0.318814
6.3914 6.55141 0.315782
6.3914 6.55141 0.315782
6.3914 6.55141 0.315782
6.02073 6.2638 0.302826
6.02073 6.2638 0.302826
6.95832 6.82689 0.306429
6.95832 6.82689 0.306429
6.65438 6.70566 0.310432
6.65438 6.70566 0.310432
6.65438 6.70566 0.310432
6.27709 6.05228 0.31906
6.27709 6.05228 0.31906
6.5791 6.51141 0.335727
6.5791 6.51141 0.335727
6.5791 6.51141 0.335727
6.5791 6.51141 0.335727
6.00115 6.43519 0.331852
5.96987 6.30763 0.316877
6.43449 6.51651 0.325854
6.43449 6.51651 0.325854
6.73594 6.62716 0.324939
6.73594 6.62716 0.324939
6.73594 6.62716 0.324939
6.73594 6.62716 0.324939
6.58208 6.46478 0.306551
6.58208 6.46478 0.306551
6.58208 6.46478 0.306551
6.58208 6.46478 0.306551
6.58208 6.46478 0.306551
6.62031 6.33601 0.303968
6.62031 6.33601 0.303968
6.62031 6.33601 0.303968
6.62031 6.33601 0.303968
6.62031 6.33601 0.303968
5.97492 6.81567 0.30782
6.82158 6.67574 0.321759
6.82158 6.67574 0.321759
6.86114 6.38819 0.333018
6.86114 6.38819 0.333018
6.86114 6.38819 0.333018
6.49805 6.4238 0.318049
6.49805 6.4238 0.318049
6.49805 6.4238 0.318049
6.44234 6.47714 0.302398
6.44234 6.47714 0.302398
6.05359 6.19179 0.316787
6.63419 6.26498 0.307011
6.63419 6.26498 0.307011
6.63419 6.26498 0.307011
6.63419 6.26498 0.307011
6.27845 6.11426 0.328498
6.27845 6.11426 0.328498
6.27845 6.11426 0.328498
6.23958 5.74646 0.32704
6.23958 5.74646 0.32704
6.23958 5.74646 0.32704
6.23958 5.74646 0.32704
6.23958 5.74646 0.32704
6.23958 5.74646 0.32704
6.23958 5.74646 0.32704
6.23958 5.74646 0.32704
6.23958 5.74646 0.32704
6.23958 5.74646 0.32704
6.32812 6.36067 0.314712
6.32812 6.36067 0.314712
6.32812 6.36067 0.314712
6.32812 6.36067 0.314712
6.32812 6.36067 0.314712
6.30407 6.64045 0.309488
6.30407 6.64045 0.309488
6.30407 6.64045 0.309488
6.30407 6.64045 0.309488
6.12517 6.79287 0.309132
6.12517 6.79287 0.309132
6.12517 6.79287 0.309132
6.12517 6.79287 0.309132
6.12517 6.79287 0.309132
6.12517 6.79287 0.309132
6.12517 6.79287 0.309132
6.57341 5.51674 0.294508
6.57341 5.51674 0.294508
6.57341 5.51674 0.294508
6.57341 5.51674 0.294508
6.57341 5.51674 0.294508
6.57341 5.51674 0.294508
6.56664 6.62462 0.318226
6.56664 6.62462 0.318226
6.56664 6.62462 0.318226
6.56476 6.36492 0.334911
6.40068 6.19939 0.315574
6.40068 6.19939 0.315574
6.40068 6.19939 0.315574
5.97879 6.29286 0.327238
5.97879 6.29286 0.327238
5.97879 6.29286 0.327238
5.97879 6.29286 0.327238
6.49871 5.9733 0.318868
6.49871 5.9733 0.318868
6.49871 5.9733 0.318868
6.49871 5.9733 0.318868
6.49871 5.9733 0.318868
5.95662 6.27965 0.303115
6.3113 6.16394 0.317502
6.3113 6.16394 0.317502
6.54188 6.35765 0.328796
6.54188 6.35765 0.328796
6.54188 6.35765 0.328796
6.54188 6.35765 0.328796
6.54188 6.35765 0.328796
6.54188 6.35765 0.328796
6.54188 6.35765 0.328796
6.54188 6.35765 0.328796
6.54188 6.35765 0.328796
6.65038 5.79568 0.329369
6.65038 5.79568 0.329369
6.65038 5.79568 0.329369
6.65038 5.79568 0.329369
6.65038 5.79568 0.329369
6.29725 6.01137 0.309057
6.29725 6.01137 0.309057
6.29725 6.01137 0.309057
5.66118 6.39763 0.316112
5.66118 6.39763 0.316112
6.59931 6.1202 0.312979
6.59931 6.1202 0.312979
6.59931 6.1202 0.312979
6.59931 6.1202 0.312979
6.59931 6.1202 0.312979
6.59931 6.1202 0.312979
6.59931 6.1202 0.312979
6.59931 6.1202 0.312979
6.09082 5.87229 0.327981
6.12899 6.21796 0.31202
6.21227 6.35638 0.308421
6.21227 6.35638 0.308421
6.21227 6.35638 0.308421
6.21227 6.35638 0.308421
6.21227 6.35638 0.308421
6.19242 6.36252 0.309402
6.19242 6.36252 0.309402
6.19242 6.36252 0.309402
6.19242 6.36252 0.309402
6.64445 6.13004 0.320487
6.64445 6.13004 0.320487
6.64445 6.13004 0.320487
6.64445 6.13004 0.320487
6.64445 6.13004 0.320487
6.46699 6.00453 0.328451
6.46699 6.00453 0.328451
5.98956 6.22994 0.310543
5.98956 6.22994 0.310543
5.98956 6.22994 0.310543
5.98956 6.22994 0.310543
5.98956 6.22994 0.310543
5.98956 6.22994 0.310543
5.98956 6.22994 0.310543
6.11241 6.52959 0.32332
6.11241 6.52959 0.32332
7.08955 6.67891 0.325325
6.09377 6.0499 0.305694
6.09377 6.0499 0.305694
6.44801 6.05483 0.309721
6.44801 6.05483 0.309721
6.44801 6.05483 0.309721
6.44801 6.05483 0.309721
6.44801 6.05483 0.309721
6.27523 6.60898 0.319098
6.27523 6.60898 0.319098
6.27523 6.60898 0.319098
6.27523 6.60898 0.319098
5.9829 6.53586 0.307664
6.34092 6.52543 0.316888
6.34092 6.52543 0.316888
6.95971 6.76118 0.318396
6.95971 6.76118 0.318396
6.95971 6.76118 0.318396
6.32612 6.42297 0.321148
6.17364 6.39085 0.323466
6.17364 6.39085 0.323466
6.17364 6.39085 0.323466
6.17364 6.39085 0.323466
6.17364 6.39085 0.323466
6.17364 6.39085 0.323466
7.01108 6.25798 0.308341
7.01108 6.25798 0.308341
5.76173 6.30908 0.326985
6.87757 6.00564 0.326614
6.87757 6.00564 0.326614
6.22989 6.51325 0.333844
6.22989 6.51325 0.333844
5.89655 6.29559 0.329279
6.45396 6.43328 0.312526
6.25368 6.02616 0.324887
6.25368 6.02616 0.324887
6.25368 6.02616 0.324887
6.25368 6.02616 0.324887
6.55556 6.12376 0.321043
6.55556 6.12376 0.321043
6.55556 6.12376 0.321043
6.59488 6.31392 0.310788
6.59488 6.31392 0.310788
6.59488 6.31392 0.310788
6.59488 6.31392 0.310788
6.59488 6.31392 0.310788
6.59488 6.31392 0.310788
6.59488 6.31392 0.310788
6.15661 6.42871 0.311716
6.30137 5.5211 0.312334
6.30137 5.5211 0.312334
6.30137 5.5211 0.312334
6.30137 5.5211 0.312334
6.30137 5.5211 0.312334
6.30137 5.5211 0.312334
6.30137 5.5211 0.312334
5.85825 6.45818 0.293552
6.56445 5.87346 0.329017
6.56445 5.87346 0.329017
6.56445 5.87346 0.329017
6.21923 6.2231 0.302799
6.51656 6.38579 0.317893
6.51656 6.38579 0.317893
6.67085 5.54453 0.320566
6.67085 5.54453 0.320566
6.24552 6.35347 0.319974
6.24552 6.35347 0.319974
6.24552 6.35347 0.319974
6.24552 6.35347 0.319974
6.24552 6.35347 0.319974
6.24552 6.35347 0.319974
6.24552 6.35347 0.319974
6.24552 6.35347 0.319974
6.24552 6.35347 0.319974
6.24552 6.35347 0.319974
6.24552 6.35347 0.319974
6.24552 6.35347 0.319974
6.24552 6.35347 0.319974
6.24552 6.35347 0.319974
6.24552 6.35347 0.319974
6.19322 6.52079 0.315103
6.77331 6.2113 0.329893
6.77331 6.2113 0.329893
6.77331 6.2113 0.329893
6.77331 6.2113 0.329893
6.74928 6.51434 0.316048
6.74928 6.51434 0.316048
6.74928 6.51434 0.316048
6.74928 6.51434 0.316048
6.74928 6.51434 0.316048
6.74928 6.51434 0.316048
6.74928 6.51434 0.316048
6.74928 6.51434 0.316048
5.61178 6.04738 0.319926
6.74976 5.81316 0.325245
6.74976 5.81316 0.325245
6.74976 5.81316 0.325245
6.74976 5.81316 0.325245
6.74976 5.81316 0.325245
6.24636 6.07138 0.308545
6.53616 6.26137 0.310568
6.53616 6.26137 0.310568
6.53616 6.26137 0.310568
6.332 6.60613 0.31124
6.332 6.60613 0.31124
6.332 6.60613 0.31124
6.332 6.60613 0.31124
6.332 6.60613 0.31124
6.332 6.60613 0.31124
6.11326 6.22675 0.316109
6.11326 6.22675 0.316109
6.11326 6.22675 0.316109
6.59311 6.1457 0.332387
6.59311 6.1457 0.332387
6.59311 6.1457 0.332387
6.59311 6.1457 0.332387
6.86082 6.47073 0.317516
6.86082 6.47073 0.317516
6.3944 6.51142 0.311751
6.3944 6.51142 0.311751
6.61774 5.77478 0.324575
6.61774 5.77478 0.324575
6.82598 6.70072 0.310919
6.82598 6.70072 0.310919
6.53097 6.40673 0.323966
6.53097 6.40673 0.323966
6.53097 6.40673 0.323966
6.53097 6.40673 0.323966
6.53097 6.40673 0.323966
6.38144 6.40517 0.330449
6.38144 6.40517 0.330449
6.38144 6.40517 0.330449
6.38144 6.40517 0.330449
6.38144 6.40517 0.330449
6.38144 6.40517 0.330449
6.38144 6.40517 0.330449
6.38144 6.40517 0.330449
6.17091 6.53075 0.321995
6.17091 6.53075 0.321995
6.01583 6.47985 0.336782
6.01583 6.47985 0.336782
6.37335 6.30457 0.323649
6.37335 6.30457 0.323649
6.77198 6.51454 0.320173
6.77198 6.51454 0.320173
6.77198 6.51454 0.320173
6.10643 6.71222 0.310241
6.10643 6.71222 0.310241
6.10643 6.71222 0.310241
6.10643 6.71222 0.310241
6.10643 6.71222 0.310241
6.10643 6.71222 0.310241
6.10643 6.71222 0.310241
6.10643 6.71222 0.310241
6.68768 6.91994 0.304731
6.68768 6.91994 0.304731
6.68768 6.91994 0.304731
6.68768 6.91994 0.304731
6.68768 6.91994 0.304731
5.73905 6.30456 0.299232
5.73905 6.30456 0.299232
5.73905 6.30456 0.299232
6.38297 6.20406 0.339981
7.58081 7.87466 0.319266
7.58081 7.87466 0.319266
7.58081 7.87466 0.319266
7.54383 7.54122 0.317442
7.54383 7.54122 0.317442
7.54383 7.54122 0.317442
7.5714 7.50351 0.318023
7.5714 7.50351 0.318023
7.5714 7.50351 0.318023
7.5714 7.50351 0.318023
7.5714 7.50351 0.318023
7.5714 7.50351 0.318023
9.01708 8.95682 0.294883
9.01708 8.95682 0.294883
9.17293 9.924 0.299602
9.17293 9.924 0.299602
9.17293 9.924 0.299602
9.17293 9.924 0.299602
9.17293 9.924 0.299602
9.47618 9.35736 0.309093
9.47618 9.35736 0.309093
9.47618 9.35736 0.309093
9.34519 9.68603 0.317827
9.04749 9.58474 0.297735
8.89243 9.53094 0.319385
9.16193 9.42665 0.304628
9.5877 9.57083 0.306367
9.15729 9.38952 0.297536
9.56375 9.0843 0.294836
9.56375 9.0843 0.294836
9.63694 9.51345 0.310944
9.63694 9.51345 0.310944
8.99627 9.19717 0.315344
9.28176 8.89217 0.312853
9.26199 9.23123 0.312397
9.26199 9.23123 0.312397
9.26199 9.23123 0.312397
10.147 9.1631 0.306398
10.147 9.1631 0.306398
9.02113 9.4448 0.309409
9.02113 9.4448 0.309409
9.36467 9.19173 0.325675
8.79085 9.50312 0.308164
8.79085 9.50312 0.308164
8.41102 9.6548 0.311097
8.41102 9.6548 0.311097
9.3143 9.11054 0.280866
9.44727 9.69421 0.308404
9.13879 9.62244 0.31722
9.13879 9.62244 0.31722
9.01914 9.4249 0.319253
9.54282 9.44031 0.314251
9.54282 9.44031 0.314251
9.54282 9.44031 0.314251
9.54282 9.44031 0.314251
9.54282 9.44031 0.314251
9.54656 9.40967 0.299857
9.4858 9.14329 0.317222
9.4858 9.14329 0.317222
9.4858 9.14329 0.317222
9.4858 9.14329 0.317222
9.10465 9.19461 0.307086
9.46294 9.02566 0.290715
9.46294 9.02566 0.290715
9.46294 9.02566 0.290715
9.46294 9.02566 0.290715
8.99006 9.57324 0.294489
9.55073 9.18176 0.302924
9.55073 9.18176 0.302924
9.55073 9.18176 0.302924
9.59517 9.53318 0.324814
9.59517 9.53318 0.324814
9.59517 9.53318 0.324814
9.59517 9.53318 0.324814
9.49419 8.96215 0.302188
9.60834 9.35406 0.305849
9.71784 9.46985 0.285019
9.32007 9.09582 0.309758
9.32007 9.09582 0.309758
9.32007 9.09582 0.309758
9.32007 9.09582 0.309758
9.32007 9.09582 0.309758
9.32007 9.09582 0.309758
9.7952 9.51399 0.3142
9.7952 9.51399 0.3142
8.12713 8.13868 0.306115
8.12713 8.13868 0.306115
8.12713 8.13868 0.306115
7.59315 7.43695 0.314399
7.59315 7.43695 0.314399
7.59315 7.43695 0.314399
7.59315 7.43695 0.314399
7.59315 7.43695 0.314399
7.86203 7.29471 0.323281
7.86203 7.29471 0.323281
7.65857 7.67791 0.326123
7.65857 7.67791 0.326123
7.65857 7.67791 0.326123
7.65653 8.00055 0.335812
7.71212 7.38698 0.317772
7.71212 7.38698 0.317772
7.81782 7.67565 0.310997
7.81782 7.67565 0.310997
7.1859 7.68006 0.336176
7.69558 7.54997 0.321531
7.69558 7.54997 0.321531
7.69558 7.54997 0.321531
8.16261 7.6155 0.328944
8.16261 7.6155 0.328944
7.54295 8.35263 0.312685
7.54295 8.35263 0.312685
7.54295 8.35263 0.312685
7.54295 8.35263 0.312685
7.54295 8.35263 0.312685
7.54295 8.35263 0.312685
7.65314 7.6256 0.320047
7.65314 7.6256 0.320047
7.65314 7.6256 0.320047
7.98294 7.74067 0.347908
7.98294 7.74067 0.347908
7.47325 7.62619 0.3395
7.47325 7.62619 0.3395
7.68221 7.81617 0.330533
6.08737 6.59659 0.312517
6.08737 6.59659 0.312517
6.08737 6.59659 0.312517
6.08737 6.59659 0.312517
6.08737 6.59659 0.312517
6.08737 6.59659 0.312517
6.08737 6.59659 0.312517
6.08737 6.59659 0.312517
6.08737 6.59659 0.312517
6.08737 6.59659 0.312517
6.08737 6.59659 0.312517
6.08737 6.59659 0.312517
6.08737 6.59659 0.312517
6.08737 6.59659 0.312517
6.08737 6.59659 0.312517
6.08737 6.59659 0.312517
6.08737 6.59659 0.312517
6.08737 6.59659 0.312517
6.08737 6.59659 0.312517
6.08737 6.59659 0.312517
5.79979 6.21571 0.00965199
6.70325 6.56003 -0.00314776
6.70325 6.56003 -0.00314776
6.47297 6.38341 0.00692892
6.47297 6.38341 0.00692892
6.47297 6.38341 0.00692892
6.47297 6.38341 0.00692892
6.23268 6.00392 -0.0248975
6.23268 6.00392 -0.0248975
6.23268 6.00392 -0.0248975
6.23268 6.00392 -0.0248975
6.23268 6.00392 -0.0248975
6.23268 6.00392 -0.0248975
6.23268 6.00392 -0.0248975
6.23268 6.00392 -0.0248975
6.23268 6.00392 -0.0248975
6.3622 6.57952 -0.00490751
6.16248 6.1131 0.017497
6.31558 6.52664 -0.00338523
6.31558 6.52664 -0.00338523
6.31558 6.52664 -0.00338523
6.31558 6.52664 -0.00338523
6.31558 6.52664 -0.00338523
6.31558 6.52664 -0.00338523
6.31558 6.52664 -0.00338523
5.74481 6.2398 0.0022158
5.74481 6.2398 0.0022158
6.69132 6.13475 -0.000878542
6.3403 6.02852 0.0191007
6.3403 6.02852 0.0191007
6.3403 6.02852 0.0191007
6.3403 6.02852 0.0191007
5.91987 5.79362 0.0171348
6.15432 5.82843 -0.00606631
6.15432 5.82843 -0.00606631
6.15432 5.82843 -0.00606631
6.91345 5.90338 0.0057686
6.91345 5.90338 0.0057686
6.21619 6.44309 -0.00627157
6.21619 6.44309 -0.00627157
6.21619 6.44309 -0.00627157
6.21619 6.44309 -0.00627157
6.24282 6.11591 8.88965e-05
6.24282 6.11591 8.88965e-05
6.04087 6.28655 0.0126829
6.04087 6.28655 0.0126829
6.27663 6.0176 0.00364776
6.27663 6.0176 0.00364776
9.70441 9.14256 0.327712
11.3387 10.7606 0.296188
11.3387 10.7606 0.296188
11.3387 10.7606 0.296188
10.9674 10.599 0.300703
10.846 10.3866 0.303414
10.9868 10.7409 0.290345
11.2064 10.9171 0.294167
10.4382 11.1954 0.308654
10.4382 11.1954 0.308654
10.7553 10.8715 0.322524
10.4995 10.6827 0.299386
10.2417 10.4573 0.317493
10.2417 10.4573 0.317493
10.5959 10.7762 0.320478
10.4085 11.2725 0.308403
10.8055 10.4913 0.30516
10.5726 11.1208 0.319443
11.2837 10.2924 0.301497
10.8224 11.0465 0.308367
10.7151 11.0526 0.303327
10.1144 10.7088 0.316597
11.1739 10.6558 0.309857
11.1739 10.6558 0.309857
10.8813 10.7037 0.308374
10.692 10.3846 0.311027
10.3979 11.065 0.306733
10.8115 11.1309 0.300338
11.16 10.8222 0.321145
10.7222 10.6766 0.310573
10.7222 10.6766 0.310573
10.9623 10.8704 0.302627
11.1785 11.3863 0.318298
11.148 10.9715 0.320269
11.148 10.9715 0.320269
10.6447 11.2028 0.325004
11.0883 10.8137 0.31169
10.8626 10.9108 0.313541
10.9916 11.4123 0.314694
10.9251 11.3104 0.318661
10.637 10.9985 0.323272
10.637 10.9985 0.323272
10.637 10.9985 0.323272
10.8164 10.4401 0.312362
10.8164 10.4401 0.312362
10.4902 11.0674 0.322502
10.4902 11.0674 0.322502
10.4902 11.0674 0.322502
10.6274 11.1141 0.303172
11.1166 10.8522 0.296784
10.9726 10.8927 0.30369
10.9726 10.8927 0.30369
11.4188 11.143 0.302502
10.3458 11.02 0.294362
10.3458 11.02 0.294362
11.1981 11.3597 0.309168
11.1981 11.3597 0.309168
11.2227 10.9836 0.327515
11.2227 10.9836 0.327515
11.2227 10.9836 0.327515
10.8214 10.6037 0.317175
10.8214 10.6037 0.317175
11.1951 10.8825 0.315667
10.6542 10.6987 0.307131
10.7914 10.6038 0.332359
10.8555 10.3161 0.317459
10.8555 10.3161 0.317459
10.8555 10.3161 0.317459
10.7105 10.9817 0.337586
11.2809 11.1068 0.310401
11.0026 10.9592 0.324801
11.2052 10.6884 0.318261
10.9277 11.4708 0.31466
10.8247 10.7877 0.312927
10.8247 10.7877 0.312927
10.9833 10.3765 0.315705
10.9833 10.3765 0.315705
11.1039 10.4852 0.293412
10.6059 11.2665 0.306856
10.6059 11.2665 0.306856
10.2548 10.9512 0.310905
10.8066 10.5404 0.31301
10.8421 10.6471 0.318471
11.136 10.7011 0.328521
11.5077 10.7604 0.325966
10.9679 10.842 0.312562
10.9679 10.842 0.312562
10.9679 10.842 0.312562
10.6139 10.7123 0.316137
10.6139 10.7123 0.316137
10.9743 11.0567 0.305876
10.9743 11.0567 0.305876
11.267 10.6059 0.320953
10.6323 10.9393 0.305532
3.9382 46.556 -66.807
3.9382 46.556 -66.807
3.9382 46.556 -66.807
3.9382 46.556 -66.807
3.9382 46.556 -66.807
3.9382 46.556 -66.807
3.9382 46.556 -66.807
3.9382 46.556 -66.807
3.9382 46.556 -66.807
3.9382 46.556 -66.807
3.9382 46.556 -66.807
3.9382 46.556 -66.807
3.9382 46.556 -66.807
3.9382 46.556 -66.807
3.9382 46.556 -66.807
3.9382 46.556 -66.807
3.9382 46.556 -66.807
3.9382 46.556 -66.807
3.9382 46.556 -66.807
3.9382 46.556 -66.807
3.9382 46.556 -66.807
3.9382 46.556 -66.807
3.9382 46.556 -66.807
3.9382 46.556 -66.807
3.9382 46.556 -66.807
3.9382 46.556 -66.807
3.9382 46.556 -66.807
3.9382 46.556 -66.807
3.9382 46.556 -66.807
3.9382 46.556 -66.807
3.9382 46.556 -66.807
3.9382 46.556 -66.807
3.9382 46.556 -66.807
3.9382 46.556 -66.807
3.9382 46.556 -66.807
3.9382 46.556 -66.807
3.9382 46.556 -66.807
3.9382 46.556 -66.807
3.9382 46.556 -66.807
3.9382 46.556 -66.807
3.9382 46.556 -66.807
3.9382 46.556 -66.807
3.9382 46.556 -66.807
3.9382 46.556 -66.807
3.9382 46.556 -66.807
3.9382 46.556 -66.807
3.9382 46.556 -66.807
3.9382 46.556 -66.807
3.9382 46.556 -66.807
3.9382 46.556 -66.807
3.9382 46.556 -66.807
3.9382 46.556 -66.807
3.9382 46.556 -66.807
3.9382 46.556 -66.807
3.9382 46.556 -66.807
3.9382 46.556 -66.807
3.9382 46.556 -66.807
3.9382 46.556 -66.807
3.9382 46.556 -66.807
3.9382 46.556 -66.807
3.9382 46.556 -66.807
3.9382 46.556 -66.807
3.9382 46.556 -66.807
3.9382 46.556 -66.807
3.9382 46.556 -66.807
3.9382 46.556 -66.807
3.9382 46.556 -66.807
3.9382 46.556 -66.807
3.9382 46.556 -66.807
3.9382 46.556 -66.807
3.9382 46.556 -66.807
3.9382 46.556 -66.807
3.9382 46.556 -66.807
3.9382 46.556 -66.807
3.9382 46.556 -66.807
3.9382 46.556 -66.807
3.9382 46.556 -66.807
3.9382 46.556 -66.807
3.9382 46.556 -66.807
3.9382 46.556 -66.807
3.9382 46.556 -66.807
3.9382 46.556 -66.807
3.9382 46.556 -66.807
3.9382 46.556 -66.807
3.9382 46.556 -66.807
3.9382 46.556 -66.807
3.9382 46.556 -66.807
3.9382 46.556 -66.807
3.9382 46.556 -66.807
3.9382 46.556 -66.807
3.9382 46.556 -66.807
3.9382 46.556 -66.807
3.9382 46.556 -66.807
3.9382 46.556 -66.807
3.9382 46.556 -66.807
3.9382 46.556 -66.807
3.9382 46.556 -66.807
3.9382 46.556 -66.807
3.9382 46.556 -66.807
3.9382 46.556 -66.807
7.80656 7.38005 0.331644
7.92934 7.79962 0.337314
7.92934 7.79962 0.337314
7.77375 7.67891 0.317343
7.77375 7.67891 0.317343
7.77375 7.67891 0.317343
7.60789 8.06442 0.313724
8.10741 8.01578 0.319242
8.10741 8.01578 0.319242
8.10741 8.01578 0.319242
8.10741 8.01578 0.319242
8.10741 8.01578 0.319242
8.15494 7.61623 0.313565
8.23726 7.46578 0.308453
8.23726 7.46578 0.308453
7.34463 7.83575 0.307684
7.34463 7.83575 0.307684
7.34463 7.83575 0.307684
7.34463 7.83575 0.307684
7.34463 7.83575 0.307684
7.37715 7.56849 0.333657
7.37715 7.56849 0.333657
7.37715 7.56849 0.333657
7.43831 7.82117 0.312761
7.43831 7.82117 0.312761
7.43831 7.82117 0.312761
7.43831 7.82117 0.312761
7.43831 7.82117 0.312761
7.43831 7.82117 0.312761
7.43831 7.82117 0.312761
7.43831 7.82117 0.312761
7.43831 7.82117 0.312761
7.43831 7.82117 0.312761
7.51635 7.39014 0.317299
7.51635 7.39014 0.317299
8.04985 8.13096 0.319813
8.04985 8.13096 0.319813
7.67615 7.84313 0.313137
7.67615 7.84313 0.313137
7.67615 7.84313 0.313137
7.46014 7.60594 0.326969
7.46014 7.60594 0.326969
7.46014 7.60594 0.326969
7.46014 7.60594 0.326969
8.1441 7.85404 0.326941
8.1441 7.85404 0.326941
7.53563 7.83887 0.321062
7.53563 7.83887 0.321062
7.74607 7.15344 0.319633
9.35873 9.73699 0.301455
9.35873 9.73699 0.301455
9.42443 8.87412 0.291372
9.77315 9.08499 0.296771
9.66317 8.50177 0.314822
9.66317 8.50177 0.314822
9.66317 8.50177 0.314822
9.38928 9.46139 0.321181
9.38928 9.46139 0.321181
9.09926 9.52116 0.315686
9.09926 9.52116 0.315686
9.72281 9.14638 0.305429
9.43226 9.04873 0.29607
9.43226 9.04873 0.29607
9.17938 9.56011 0.307222
9.17938 9.56011 0.307222
8.95337 9.22847 0.301243
9.24589 9.61295 0.307133
9.98736 9.69317 0.304932
9.98736 9.69317 0.304932
8.56881 9.51497 0.281584
8.56881 9.51497 0.281584
9.22841 9.96352 0.308364
9.36594 9.3402 0.305129
9.36594 9.3402 0.305129
9.36594 9.3402 0.305129
9.36594 9.3402 0.305129
9.54842 9.36438 0.320377
9.54842 9.36438 0.320377
9.54842 9.36438 0.320377
9.54842 9.36438 0.320377
9.53975 9.60907 0.302645
9.70914 9.05744 0.314164
9.08381 9.87753 0.296951
9.67731 10.0515 0.30821
9.67731 10.0515 0.30821
9.33216 8.98616 0.306021
9.33216 8.98616 0.306021
8.86875 9.8884 0.309683
8.86875 9.8884 0.309683
8.86875 9.8884 0.309683
9.66829 9.39709 0.306091
9.66829 9.39709 0.306091
8.89083 9.6057 0.315582
8.89083 9.6057 0.315582
8.89083 9.6057 0.315582
8.91001 8.91412 0.311857
9.54089 8.42562 0.311116
9.39226 9.38954 0.307779
9.39226 9.38954 0.307779
9.50848 9.7911 0.300555
