18.9143 18.3884 0.283857
11.8658 11.817 0.318745
15.5423 14.4526 0.304441
9.38817 9.19904 0.313763
16.2703 15.1806 0.315475
12.8323 13.598 0.304955
11.3528 11.3776 0.301853
14.6529 14.6041 0.283581
13.1193 13.7743 0.304848
18.2841 18.1249 0.303339
12.8323 13.598 0.304955
10.0909 10.4673 0.30566
8.47849 8.40586 0.311079
9.75382 8.97282 0.30782
9.75382 8.97282 0.30782
14.9372 15.478 0.295899
16.9305 17.6962 0.28797
15.4822 15.9013 0.298858
14.9841 14.8838 0.317267
9.22828 9.25309 0.302213
14.6714 14.5797 0.291588
12.7091 12.7272 0.302158
9.98836 9.22669 0.294127
13.8835 14.0193 0.283585
16.5408 16.559 0.266225
16.1364 15.9473 0.271456
12.8201 13.2115 0.301444
9.38817 9.19904 0.313763
6.57683 6.64695 0.314997
16.4713 16.3004 0.29374
11.8814 11.5121 0.315714
10.1509 9.62505 0.317959
9.50206 9.59218 0.289929
11.3271 11.9821 0.313649
14.9555 14.2265 0.292377
11.3814 11.8685 0.305051
13.1717 13.1988 0.295595
14.5283 15.148 0.289585
8.04784 7.85237 0.332648
13.2923 13.0028 0.298575
14.6695 15.0063 0.289435
11.6142 11.2764 0.318521
18.5923 19.0232 0.28256
17.3716 17.3599 0.265266
9.00312 8.8353 0.307807
10.8235 10.8798 0.310114
13.7682 13.3281 0.274385
7.28648 7.68299 0.328781
18.3167 18.2946 0.283119
14.854 15.341 0.276469
10.8895 10.5601 0.327694
8.99875 8.80327 0.33306
9.22828 9.25309 0.302213
6.63728 6.66439 0.29874
16.9861 17.4954 0.272553
11.8814 11.5121 0.315714
15.4822 15.9013 0.298858
11.9919 12.8229 0.308825
18.2869 18.5004 0.271098
17.5483 17.4708 0.271696
11.3271 11.9821 0.313649
17.1463 16.6254 0.26702
10.0909 10.4673 0.30566
16.369 15.6399 0.309994
16.2032 15.9965 0.292768
12.0146 11.8944 0.322536
12.0514 12.448 0.312761
9.28337 8.84325 0.305543
11.8814 11.5121 0.315714
15.4497 15.3771 0.290848
7.86086 7.6541 0.315561
18.0533 18.2868 0.282351
10.3561 10.7326 0.298809
12.8201 13.2115 0.301444
6.01834 6.25177 0.000834648
16.6872 15.6637 0.272025
18.2841 18.1249 0.303339
15.8888 15.7885 0.324489
17.5483 17.4708 0.271696
14.9555 14.2265 0.292377
15.8208 16.3301 0.271449
11.6135 11.8469 0.320072
9.5903 10.0193 0.311043
8.23784 8.08172 0.290084
9.75382 8.97282 0.30782
14.9372 15.478 0.295899
8.99875 8.80327 0.33306
13.4146 13.3371 0.292645
6.29217 6.34845 0.315809
6.41392 6.84292 0.31191
15.7343 15.0963 0.295227
5.95039 6.71278 0.00192008
12.5589 12.9879 0.298442
10.0759 10.8416 0.314738
14.8413 15.6037 0.296388
9.28337 8.84325 0.305543
12.7976 13.2285 0.304061
10.8235 10.8798 0.310114
18.1515 17.9624 0.279661
15.7343 15.0963 0.295227
8.19036 8.14158 0.314207
8.19036 8.14158 0.314207
8.19036 8.14158 0.314207
8.19036 8.14158 0.314207
8.19036 8.14158 0.314207
8.76304 8.12508 0.315458
8.76304 8.12508 0.315458
8.76304 8.12508 0.315458
8.76304 8.12508 0.315458
8.76304 8.12508 0.315458
8.32722 8.12047 0.305777
8.18267 7.85323 0.331601
8.18267 7.85323 0.331601
8.18267 7.85323 0.331601
8.18267 7.85323 0.331601
8.20892 8.11718 0.322214
8.20892 8.11718 0.322214
8.20892 8.11718 0.322214
8.20892 8.11718 0.322214
16.001 15.7116 0.308865
16.0476 16.2611 0.29127
16.0476 16.2611 0.29127
16.675 16.1491 0.304029
16.675 16.1491 0.304029
15.7568 15.2359 0.294295
16.0155 16.2951 0.295228
16.0155 16.2951 0.295228
16.0155 16.2951 0.295228
16.0155 16.2951 0.295228
16.4011 16.0515 0.299171
15.8963 16.0593 0.318755
15.9159 15.943 0.30192
15.9159 15.943 0.30192
15.9159 15.943 0.30192
16.369 15.6399 0.309994
16.369 15.6399 0.309994
16.369 15.6399 0.309994
16.208 16.0334 0.307178
15.6069 16.0034 0.311432
15.6069 16.0034 0.311432
15.9971 15.7073 0.309483
16.0774 16.0553 0.303291
16.0774 16.0553 0.303291
16.0774 16.0553 0.303291
16.0774 16.0553 0.303291
16.3166 16.3349 0.294603
16.3166 16.3349 0.294603
16.3166 16.3349 0.294603
16.3166 16.3349 0.294603
15.8635 16.5185 0.311173
15.8635 16.5185 0.311173
16.2032 15.9965 0.292768
16.2032 15.9965 0.292768
16.2032 15.9965 0.292768
15.9226 16.3986 0.298448
15.541 16.3067 0.315244
15.541 16.3067 0.315244
15.541 16.3067 0.315244
16.0587 15.7292 0.318592
16.0849 15.9932 0.309205
16.3898 16.3091 0.299362
16.3898 16.3091 0.299362
16.6493 15.8876 0.291292
16.1307 15.4001 0.305264
16.1307 15.4001 0.305264
16.3545 16.2819 0.298069
16.3545 16.2819 0.298069
16.4713 16.3004 0.29374
15.8888 15.7885 0.324489
15.8888 15.7885 0.324489
16.1144 16.5434 0.297114
16.1144 16.5434 0.297114
15.8891 15.5646 0.304915
15.8891 15.5646 0.304915
16.1074 15.6063 0.296257
16.1074 15.6063 0.296257
16.1074 15.6063 0.296257
15.8112 16.2818 0.307003
15.8112 16.2818 0.307003
15.8112 16.2818 0.307003
15.8112 16.2818 0.307003
16.2645 16.2826 0.300829
16.2645 16.2826 0.300829
16.1588 16.0813 0.29897
15.8213 16.1977 0.299315
15.8213 16.1977 0.299315
15.8213 16.1977 0.299315
15.8213 16.1977 0.299315
16.2779 15.4969 0.29389
15.5473 16.3784 0.307496
16.4179 16.0486 0.313238
16.4179 16.0486 0.313238
15.582 16.0691 0.287503
15.9841 15.5684 0.287934
15.9841 15.5684 0.287934
15.9841 15.5684 0.287934
16.0625 15.9105 0.306325
16.0625 15.9105 0.306325
16.0625 15.9105 0.306325
16.0625 15.9105 0.306325
8.13528 7.12606 0.320151
8.13528 7.12606 0.320151
8.13528 7.12606 0.320151
8.19831 7.71322 0.31322
8.19831 7.71322 0.31322
8.19831 7.71322 0.31322
8.19831 7.71322 0.31322
8.19831 7.71322 0.31322
8.19831 7.71322 0.31322
8.19831 7.71322 0.31322
8.19831 7.71322 0.31322
8.19831 7.71322 0.31322
7.34416 7.44845 0.319882
7.89309 7.8151 0.321387
7.89309 7.8151 0.321387
7.89309 7.8151 0.321387
7.89309 7.8151 0.321387
7.89309 7.8151 0.321387
7.89309 7.8151 0.321387
7.79601 7.3989 0.317012
7.79601 7.3989 0.317012
7.06068 7.60082 0.329587
7.06068 7.60082 0.329587
7.06068 7.60082 0.329587
7.06068 7.60082 0.329587
7.77651 7.86866 0.31923
7.77651 7.86866 0.31923
7.77651 7.86866 0.31923
7.77651 7.86866 0.31923
7.77651 7.86866 0.31923
7.77651 7.86866 0.31923
7.77651 7.86866 0.31923
7.77651 7.86866 0.31923
7.77651 7.86866 0.31923
7.77651 7.86866 0.31923
7.77651 7.86866 0.31923
7.77651 7.86866 0.31923
7.89621 8.23873 0.31783
7.89621 8.23873 0.31783
7.89621 8.23873 0.31783
7.89621 8.23873 0.31783
7.89621 8.23873 0.31783
7.20777 7.719 0.319619
7.20777 7.719 0.319619
7.20777 7.719 0.319619
7.20777 7.719 0.319619
7.20777 7.719 0.319619
7.20777 7.719 0.319619
7.20777 7.719 0.319619
7.20777 7.719 0.319619
8.38146 7.85902 0.29874
8.38146 7.85902 0.29874
8.38146 7.85902 0.29874
8.38146 7.85902 0.29874
8.38146 7.85902 0.29874
8.38146 7.85902 0.29874
8.1126 8.35671 0.332509
8.1126 8.35671 0.332509
8.1126 8.35671 0.332509
8.1126 8.35671 0.332509
8.1126 8.35671 0.332509
7.9837 8.1793 0.331577
7.9837 8.1793 0.331577
7.9837 8.1793 0.331577
7.9837 8.1793 0.331577
7.9837 8.1793 0.331577
7.9837 8.1793 0.331577
7.9837 8.1793 0.331577
7.9837 8.1793 0.331577
7.9837 8.1793 0.331577
7.9837 8.1793 0.331577
7.9837 8.1793 0.331577
7.9837 8.1793 0.331577
7.9837 8.1793 0.331577
8.28752 7.61097 0.306328
8.28752 7.61097 0.306328
8.28752 7.61097 0.306328
8.28752 7.61097 0.306328
8.28752 7.61097 0.306328
7.57239 7.45867 0.325414
7.57239 7.45867 0.325414
7.57239 7.45867 0.325414
7.57239 7.45867 0.325414
7.37853 7.73184 0.316194
7.527 7.57503 0.309059
7.4914 7.88622 0.327484
7.4914 7.88622 0.327484
7.4914 7.88622 0.327484
7.4914 7.88622 0.327484
7.4914 7.88622 0.327484
8.11263 7.64408 0.316014
8.11263 7.64408 0.316014
8.11263 7.64408 0.316014
7.35323 7.74101 0.319566
7.35323 7.74101 0.319566
7.35323 7.74101 0.319566
7.35323 7.74101 0.319566
7.35323 7.74101 0.319566
7.35323 7.74101 0.319566
7.35323 7.74101 0.319566
7.47377 7.62627 0.295543
7.47377 7.62627 0.295543
7.47377 7.62627 0.295543
7.47377 7.62627 0.295543
7.47377 7.62627 0.295543
7.47377 7.62627 0.295543
7.47377 7.62627 0.295543
7.47377 7.62627 0.295543
8.11222 7.6236 0.299255
8.11222 7.6236 0.299255
8.11222 7.6236 0.299255
8.11222 7.6236 0.299255
8.11222 7.6236 0.299255
7.93739 7.74872 0.319039
7.93739 7.74872 0.319039
7.93739 7.74872 0.319039
7.96567 7.64442 0.311573
7.96567 7.64442 0.311573
7.96567 7.64442 0.311573
7.96567 7.64442 0.311573
7.96567 7.64442 0.311573
7.96567 7.64442 0.311573
7.96567 7.64442 0.311573
7.96567 7.64442 0.311573
7.56274 8.40153 0.336533
7.56274 8.40153 0.336533
7.56274 8.40153 0.336533
7.56274 8.40153 0.336533
7.56274 8.40153 0.336533
7.49657 7.77641 0.312081
7.49657 7.77641 0.312081
7.49657 7.77641 0.312081
7.58422 7.78298 0.304974
8.22134 7.97115 0.329311
8.22134 7.97115 0.329311
8.22134 7.97115 0.329311
8.22134 7.97115 0.329311
8.22134 7.97115 0.329311
8.22134 7.97115 0.329311
8.22134 7.97115 0.329311
8.22134 7.97115 0.329311
8.22134 7.97115 0.329311
8.22134 7.97115 0.329311
8.22134 7.97115 0.329311
8.22134 7.97115 0.329311
8.22134 7.97115 0.329311
8.22134 7.97115 0.329311
8.22134 7.97115 0.329311
8.22134 7.97115 0.329311
7.60407 8.05446 0.31136
7.53344 7.5338 0.318299
7.53344 7.5338 0.318299
7.53344 7.5338 0.318299
7.53344 7.5338 0.318299
7.53344 7.5338 0.318299
7.53344 7.5338 0.318299
7.53344 7.5338 0.318299
7.3173 7.83873 0.320946
8.24026 7.40969 0.330573
8.24026 7.40969 0.330573
8.24026 7.40969 0.330573
8.24026 7.40969 0.330573
8.24026 7.40969 0.330573
7.70628 7.67405 0.309949
7.70628 7.67405 0.309949
7.62852 7.90734 0.313958
7.62852 7.90734 0.313958
7.62852 7.90734 0.313958
7.62852 7.90734 0.313958
7.62852 7.90734 0.313958
7.62852 7.90734 0.313958
7.62852 7.90734 0.313958
7.62852 7.90734 0.313958
7.62852 7.90734 0.313958
7.62852 7.90734 0.313958
7.62852 7.90734 0.313958
7.62852 7.90734 0.313958
7.43795 7.73532 0.310518
7.43795 7.73532 0.310518
7.29836 7.86913 0.318463
7.29836 7.86913 0.318463
7.88094 7.75557 0.31998
7.88094 7.75557 0.31998
7.88094 7.75557 0.31998
7.88094 7.75557 0.31998
7.88094 7.75557 0.31998
8.02364 7.12178 0.321059
8.02364 7.12178 0.321059
8.02364 7.12178 0.321059
8.02364 7.12178 0.321059
8.02364 7.12178 0.321059
8.02364 7.12178 0.321059
8.02364 7.12178 0.321059
8.02364 7.12178 0.321059
8.02364 7.12178 0.321059
8.02364 7.12178 0.321059
8.02364 7.12178 0.321059
8.02364 7.12178 0.321059
8.02364 7.12178 0.321059
8.02364 7.12178 0.321059
8.02364 7.12178 0.321059
8.02364 7.12178 0.321059
8.02364 7.12178 0.321059
8.02364 7.12178 0.321059
8.02364 7.12178 0.321059
8.02364 7.12178 0.321059
8.02364 7.12178 0.321059
7.40441 8.08213 0.33153
7.40441 8.08213 0.33153
7.40441 8.08213 0.33153
7.14597 7.30692 0.318167
7.14597 7.30692 0.318167
7.14597 7.30692 0.318167
7.4614 7.8159 0.328491
7.4614 7.8159 0.328491
7.4614 7.8159 0.328491
7.4614 7.8159 0.328491
7.4614 7.8159 0.328491
7.4614 7.8159 0.328491
7.4614 7.8159 0.328491
8.23306 7.77089 0.343986
8.23306 7.77089 0.343986
8.23306 7.77089 0.343986
8.23306 7.77089 0.343986
7.23625 7.60477 0.310179
7.23625 7.60477 0.310179
7.23625 7.60477 0.310179
7.23625 7.60477 0.310179
7.23625 7.60477 0.310179
7.23625 7.60477 0.310179
7.23625 7.60477 0.310179
7.41677 7.6258 0.3105
7.41677 7.6258 0.3105
7.87182 7.79977 0.326304
7.87182 7.79977 0.326304
7.87182 7.79977 0.326304
7.87182 7.79977 0.326304
7.87182 7.79977 0.326304
7.50313 7.78743 0.333878
7.50313 7.78743 0.333878
7.50313 7.78743 0.333878
7.50313 7.78743 0.333878
7.50313 7.78743 0.333878
7.86961 7.7021 0.305968
7.17567 7.93152 0.316451
7.17567 7.93152 0.316451
7.17567 7.93152 0.316451
7.17567 7.93152 0.316451
7.17567 7.93152 0.316451
7.17567 7.93152 0.316451
7.17567 7.93152 0.316451
7.17567 7.93152 0.316451
7.17567 7.93152 0.316451
7.43329 8.00037 0.319293
7.43329 8.00037 0.319293
7.43329 8.00037 0.319293
7.43329 8.00037 0.319293
7.43329 8.00037 0.319293
7.43329 8.00037 0.319293
7.43329 8.00037 0.319293
7.43329 8.00037 0.319293
7.43329 8.00037 0.319293
7.43329 8.00037 0.319293
7.43329 8.00037 0.319293
7.43329 8.00037 0.319293
7.65756 7.95456 0.31754
7.65756 7.95456 0.31754
7.65756 7.95456 0.31754
7.65756 7.95456 0.31754
7.65756 7.95456 0.31754
7.65756 7.95456 0.31754
7.65756 7.95456 0.31754
7.65756 7.95456 0.31754
7.65756 7.95456 0.31754
7.65756 7.95456 0.31754
7.65756 7.95456 0.31754
7.65756 7.95456 0.31754
7.65756 7.95456 0.31754
7.65756 7.95456 0.31754
7.65756 7.95456 0.31754
7.65756 7.95456 0.31754
7.65756 7.95456 0.31754
7.65756 7.95456 0.31754
7.65756 7.95456 0.31754
7.65756 7.95456 0.31754
7.65756 7.95456 0.31754
7.65756 7.95456 0.31754
7.65756 7.95456 0.31754
7.65756 7.95456 0.31754
7.65756 7.95456 0.31754
7.57287 7.9434 0.314371
7.57287 7.9434 0.314371
7.57287 7.9434 0.314371
7.57287 7.9434 0.314371
7.57287 7.9434 0.314371
7.81117 7.80368 0.322787
7.81117 7.80368 0.322787
7.81117 7.80368 0.322787
7.81117 7.80368 0.322787
7.81117 7.80368 0.322787
7.81117 7.80368 0.322787
7.81117 7.80368 0.322787
7.81117 7.80368 0.322787
7.81117 7.80368 0.322787
7.81117 7.80368 0.322787
7.55282 7.65038 0.304252
7.55282 7.65038 0.304252
7.9178 7.8516 0.318814
7.9178 7.8516 0.318814
7.9178 7.8516 0.318814
7.9178 7.8516 0.318814
7.9178 7.8516 0.318814
7.82606 7.8359 0.282564
7.82606 7.8359 0.282564
7.82606 7.8359 0.282564
7.82606 7.8359 0.282564
7.69718 7.31907 0.325313
7.69718 7.31907 0.325313
7.69718 7.31907 0.325313
7.69718 7.31907 0.325313
7.69718 7.31907 0.325313
7.69718 7.31907 0.325313
7.69718 7.31907 0.325313
7.69718 7.31907 0.325313
7.69718 7.31907 0.325313
7.69718 7.31907 0.325313
7.69718 7.31907 0.325313
7.55776 8.11905 0.341116
7.55776 8.11905 0.341116
7.55776 8.11905 0.341116
7.01038 7.62565 0.328714
7.01038 7.62565 0.328714
7.01038 7.62565 0.328714
7.01038 7.62565 0.328714
7.01038 7.62565 0.328714
7.82734 7.41672 0.318734
7.82734 7.41672 0.318734
7.96171 7.60747 0.328137
7.96171 7.60747 0.328137
7.96171 7.60747 0.328137
7.96171 7.60747 0.328137
7.96171 7.60747 0.328137
7.96171 7.60747 0.328137
7.52018 7.43917 0.331452
7.52018 7.43917 0.331452
7.52018 7.43917 0.331452
7.52018 7.43917 0.331452
7.79162 7.57687 0.323172
7.79162 7.57687 0.323172
7.79162 7.57687 0.323172
7.79162 7.57687 0.323172
7.37601 7.42071 0.30765
7.37601 7.42071 0.30765
7.37601 7.42071 0.30765
7.37601 7.42071 0.30765
7.37601 7.42071 0.30765
7.89024 7.54457 0.330363
7.89024 7.54457 0.330363
7.89024 7.54457 0.330363
7.89024 7.54457 0.330363
7.89024 7.54457 0.330363
7.89024 7.54457 0.330363
7.476 7.89427 0.311304
7.476 7.89427 0.311304
7.476 7.89427 0.311304
7.476 7.89427 0.311304
7.476 7.89427 0.311304
7.476 7.89427 0.311304
7.476 7.89427 0.311304
7.476 7.89427 0.311304
7.476 7.89427 0.311304
7.87571 7.0914 0.333629
7.87571 7.0914 0.333629
7.87571 7.0914 0.333629
7.87571 7.0914 0.333629
7.87571 7.0914 0.333629
7.87571 7.0914 0.333629
7.87571 7.0914 0.333629
7.87571 7.0914 0.333629
7.77799 7.12934 0.321387
7.77799 7.12934 0.321387
7.77799 7.12934 0.321387
7.77799 7.12934 0.321387
7.77799 7.12934 0.321387
7.77799 7.12934 0.321387
7.77799 7.12934 0.321387
6.53242 6.96412 0.297608
6.53242 6.96412 0.297608
6.66762 6.77182 0.294221
6.66762 6.77182 0.294221
6.66762 6.77182 0.294221
6.66762 6.77182 0.294221
6.66762 6.77182 0.294221
6.66762 6.77182 0.294221
6.66762 6.77182 0.294221
6.66762 6.77182 0.294221
6.66762 6.77182 0.294221
6.60703 6.75257 0.299973
6.60703 6.75257 0.299973
6.81721 7.4308 0.286161
6.81721 7.4308 0.286161
6.81721 7.4308 0.286161
6.81721 7.4308 0.286161
6.81721 7.4308 0.286161
6.81721 7.4308 0.286161
6.81721 7.4308 0.286161
6.81721 7.4308 0.286161
6.81721 7.4308 0.286161
6.81721 7.4308 0.286161
6.81721 7.4308 0.286161
6.93216 7.00193 0.298712
6.93216 7.00193 0.298712
6.93216 7.00193 0.298712
6.93216 7.00193 0.298712
6.61795 6.59937 0.293653
6.61795 6.59937 0.293653
6.78728 6.95984 0.29794
6.78728 6.95984 0.29794
6.63332 6.5266 0.300818
6.63332 6.5266 0.300818
6.63332 6.5266 0.300818
6.63332 6.5266 0.300818
6.63332 6.5266 0.300818
6.63332 6.5266 0.300818
6.63332 6.5266 0.300818
6.63332 6.5266 0.300818
6.63332 6.5266 0.300818
6.63332 6.5266 0.300818
6.63332 6.5266 0.300818
6.63332 6.5266 0.300818
6.63332 6.5266 0.300818
6.63332 6.5266 0.300818
6.63332 6.5266 0.300818
6.63332 6.5266 0.300818
6.63332 6.5266 0.300818
6.63332 6.5266 0.300818
6.63332 6.5266 0.300818
6.63332 6.5266 0.300818
6.63332 6.5266 0.300818
6.63332 6.5266 0.300818
6.63332 6.5266 0.300818
6.63332 6.5266 0.300818
6.63332 6.5266 0.300818
6.63332 6.5266 0.300818
6.63332 6.5266 0.300818
6.63332 6.5266 0.300818
6.84105 6.41879 0.302038
6.84105 6.41879 0.302038
6.84105 6.41879 0.302038
6.84105 6.41879 0.302038
6.84105 6.41879 0.302038
6.84105 6.41879 0.302038
6.84105 6.41879 0.302038
6.70699 6.82731 0.301244
6.70699 6.82731 0.301244
6.70699 6.82731 0.301244
6.70699 6.82731 0.301244
6.70699 6.82731 0.301244
6.93263 6.2149 0.298844
6.83227 7.18397 0.308942
6.83227 7.18397 0.308942
6.83227 7.18397 0.308942
6.83227 7.18397 0.308942
6.83227 7.18397 0.308942
6.83227 7.18397 0.308942
6.83227 7.18397 0.308942
6.31898 6.95303 0.302864
6.31898 6.95303 0.302864
6.31898 6.95303 0.302864
6.31898 6.95303 0.302864
6.31898 6.95303 0.302864
6.31898 6.95303 0.302864
6.91844 7.16013 0.295534
6.91844 7.16013 0.295534
6.56398 6.90709 0.307271
6.56398 6.90709 0.307271
6.56398 6.90709 0.307271
6.56398 6.90709 0.307271
6.4554 6.01948 0.298766
6.4554 6.01948 0.298766
6.4554 6.01948 0.298766
6.4554 6.01948 0.298766
6.4554 6.01948 0.298766
6.32531 6.99748 0.316417
6.32531 6.99748 0.316417
6.32531 6.99748 0.316417
5.90886 7.00496 0.305543
5.90886 7.00496 0.305543
5.90886 7.00496 0.305543
5.90886 7.00496 0.305543
5.90886 7.00496 0.305543
6.738 6.56346 0.282544
6.738 6.56346 0.282544
6.738 6.56346 0.282544
6.738 6.56346 0.282544
6.85346 6.93738 0.305889
6.85346 6.93738 0.305889
6.25159 6.29939 0.303098
6.25159 6.29939 0.303098
6.7463 6.88481 0.307905
6.7463 6.88481 0.307905
6.7463 6.88481 0.307905
6.7463 6.88481 0.307905
6.7463 6.88481 0.307905
6.62533 6.64393 0.313971
6.62533 6.64393 0.313971
6.62533 6.64393 0.313971
6.62533 6.64393 0.313971
6.62533 6.64393 0.313971
6.76268 6.75841 0.294914
6.76268 6.75841 0.294914
6.76268 6.75841 0.294914
6.58137 6.89087 0.289935
6.58137 6.89087 0.289935
6.58137 6.89087 0.289935
6.41132 6.45603 0.300189
6.73149 6.97394 0.306418
6.5363 6.65367 0.30691
6.5363 6.65367 0.30691
6.5363 6.65367 0.30691
6.5363 6.65367 0.30691
6.75938 6.72031 0.301475
6.75938 6.72031 0.301475
6.75938 6.72031 0.301475
6.75938 6.72031 0.301475
6.75938 6.72031 0.301475
6.75938 6.72031 0.301475
6.75938 6.72031 0.301475
6.75938 6.72031 0.301475
6.75938 6.72031 0.301475
6.75938 6.72031 0.301475
6.75938 6.72031 0.301475
6.75938 6.72031 0.301475
6.83997 6.65327 0.296368
6.83997 6.65327 0.296368
6.83997 6.65327 0.296368
6.28965 6.77408 0.297436
6.28965 6.77408 0.297436
6.28965 6.77408 0.297436
6.28965 6.77408 0.297436
6.28965 6.77408 0.297436
6.28965 6.77408 0.297436
6.28965 6.77408 0.297436
6.28965 6.77408 0.297436
6.28965 6.77408 0.297436
6.28965 6.77408 0.297436
6.28965 6.77408 0.297436
6.28965 6.77408 0.297436
6.28965 6.77408 0.297436
6.94793 7.17129 0.311202
6.94793 7.17129 0.311202
6.94793 7.17129 0.311202
6.94793 7.17129 0.311202
6.64505 6.80375 0.304931
6.64505 6.80375 0.304931
6.64505 6.80375 0.304931
6.85877 6.4046 0.295574
6.8891 6.24838 0.294178
6.4416 6.53503 0.300834
6.95599 7.16119 0.304568
6.95599 7.16119 0.304568
7.00056 6.60362 0.302632
7.00056 6.60362 0.302632
7.00056 6.60362 0.302632
7.00056 6.60362 0.302632
7.00056 6.60362 0.302632
7.00056 6.60362 0.302632
6.82847 7.15511 0.282028
6.82847 7.15511 0.282028
6.84699 7.49743 0.282183
6.84699 7.49743 0.282183
6.84699 7.49743 0.282183
6.84699 7.49743 0.282183
6.84699 7.49743 0.282183
6.84699 7.49743 0.282183
6.84699 7.49743 0.282183
6.84699 7.49743 0.282183
6.84699 7.49743 0.282183
6.84699 7.49743 0.282183
6.84699 7.49743 0.282183
7.23737 6.9833 0.300332
7.23737 6.9833 0.300332
7.23737 6.9833 0.300332
7.23737 6.9833 0.300332
7.23737 6.9833 0.300332
7.23737 6.9833 0.300332
7.23737 6.9833 0.300332
7.23737 6.9833 0.300332
7.23737 6.9833 0.300332
7.23737 6.9833 0.300332
7.23737 6.9833 0.300332
7.23737 6.9833 0.300332
7.23737 6.9833 0.300332
7.23737 6.9833 0.300332
7.23737 6.9833 0.300332
7.23737 6.9833 0.300332
7.23737 6.9833 0.300332
7.23737 6.9833 0.300332
7.23737 6.9833 0.300332
7.23737 6.9833 0.300332
7.23737 6.9833 0.300332
7.23737 6.9833 0.300332
7.23737 6.9833 0.300332
7.23737 6.9833 0.300332
6.39789 6.77649 0.307967
6.7832 6.96218 0.299109
6.78241 7.08898 0.289993
6.98417 7.25375 0.295163
6.98417 7.25375 0.295163
6.98417 7.25375 0.295163
6.98417 7.25375 0.295163
6.98417 7.25375 0.295163
6.98417 7.25375 0.295163
6.78823 6.76613 0.29642
6.78823 6.76613 0.29642
6.78823 6.76613 0.29642
6.78823 6.76613 0.29642
6.78823 6.76613 0.29642
6.78823 6.76613 0.29642
6.78823 6.76613 0.29642
6.78823 6.76613 0.29642
6.78823 6.76613 0.29642
6.78823 6.76613 0.29642
6.64702 6.51126 0.305367
6.64702 6.51126 0.305367
7.30771 7.33268 0.295323
7.30771 7.33268 0.295323
7.30771 7.33268 0.295323
7.30771 7.33268 0.295323
7.30771 7.33268 0.295323
7.30771 7.33268 0.295323
7.30771 7.33268 0.295323
6.84047 6.86524 0.290721
6.84047 6.86524 0.290721
6.84047 6.86524 0.290721
6.84047 6.86524 0.290721
6.84047 6.86524 0.290721
6.84047 6.86524 0.290721
7.09064 6.63749 0.310833
7.09064 6.63749 0.310833
7.09064 6.63749 0.310833
7.09064 6.63749 0.310833
7.09064 6.63749 0.310833
7.09064 6.63749 0.310833
7.09064 6.63749 0.310833
7.09064 6.63749 0.310833
7.09064 6.63749 0.310833
7.09064 6.63749 0.310833
6.72947 6.55471 0.293744
6.72947 6.55471 0.293744
6.72947 6.55471 0.293744
6.72947 6.55471 0.293744
6.72947 6.55471 0.293744
6.76474 6.44895 0.29526
6.76474 6.44895 0.29526
6.76474 6.44895 0.29526
6.76474 6.44895 0.29526
6.76474 6.44895 0.29526
6.19116 6.66781 0.287305
6.19116 6.66781 0.287305
6.19116 6.66781 0.287305
6.79953 6.97704 0.299382
6.79953 6.97704 0.299382
6.79953 6.97704 0.299382
6.38214 7.20093 0.271915
6.38214 7.20093 0.271915
6.38214 7.20093 0.271915
6.38214 7.20093 0.271915
6.38214 7.20093 0.271915
6.38214 7.20093 0.271915
6.38214 7.20093 0.271915
6.38214 7.20093 0.271915
6.38214 7.20093 0.271915
6.38214 7.20093 0.271915
6.38214 7.20093 0.271915
6.38214 7.20093 0.271915
6.38214 7.20093 0.271915
6.70184 6.53958 0.302678
6.70184 6.53958 0.302678
6.70184 6.53958 0.302678
6.98916 6.73793 0.309315
6.98916 6.73793 0.309315
6.98916 6.73793 0.309315
6.98916 6.73793 0.309315
6.98916 6.73793 0.309315
6.34949 6.92504 0.293589
6.34949 6.92504 0.293589
6.34949 6.92504 0.293589
6.34949 6.92504 0.293589
6.34949 6.92504 0.293589
6.34949 6.92504 0.293589
6.34949 6.92504 0.293589
7.05729 7.29781 0.306233
7.05729 7.29781 0.306233
7.05729 7.29781 0.306233
7.05729 7.29781 0.306233
7.05729 7.29781 0.306233
7.05729 7.29781 0.306233
7.05729 7.29781 0.306233
7.05729 7.29781 0.306233
7.05729 7.29781 0.306233
6.32173 6.71912 0.298571
6.32173 6.71912 0.298571
6.32173 6.71912 0.298571
6.32173 6.71912 0.298571
6.32173 6.71912 0.298571
6.32173 6.71912 0.298571
6.32173 6.71912 0.298571
6.32173 6.71912 0.298571
6.32173 6.71912 0.298571
6.32173 6.71912 0.298571
6.32173 6.71912 0.298571
6.74251 6.98321 0.302898
6.74251 6.98321 0.302898
7.09364 7.16139 0.298386
7.09364 7.16139 0.298386
7.09364 7.16139 0.298386
7.09364 7.16139 0.298386
7.09364 7.16139 0.298386
7.09364 7.16139 0.298386
7.09364 7.16139 0.298386
7.09364 7.16139 0.298386
7.00471 7.02731 0.316348
7.00471 7.02731 0.316348
7.00471 7.02731 0.316348
7.00471 7.02731 0.316348
7.00471 7.02731 0.316348
7.00471 7.02731 0.316348
7.00471 7.02731 0.316348
7.00471 7.02731 0.316348
7.00471 7.02731 0.316348
7.00471 7.02731 0.316348
7.00471 7.02731 0.316348
6.59796 6.82979 0.302021
6.59796 6.82979 0.302021
6.59796 6.82979 0.302021
6.59796 6.82979 0.302021
6.59796 6.82979 0.302021
6.59796 6.82979 0.302021
6.50172 7.26192 0.311972
6.50172 7.26192 0.311972
6.50172 7.26192 0.311972
6.50172 7.26192 0.311972
6.54764 6.03473 0.294027
6.54764 6.03473 0.294027
6.74266 7.04997 0.283022
6.74266 7.04997 0.283022
6.74266 7.04997 0.283022
6.74266 7.04997 0.283022
6.54481 6.98287 0.299848
6.54481 6.98287 0.299848
6.54481 6.98287 0.299848
6.54481 6.98287 0.299848
6.54481 6.98287 0.299848
6.54481 6.98287 0.299848
7.03285 6.6956 0.30825
7.03285 6.6956 0.30825
7.03285 6.6956 0.30825
7.03285 6.6956 0.30825
7.03285 6.6956 0.30825
7.03285 6.6956 0.30825
7.03285 6.6956 0.30825
7.03285 6.6956 0.30825
6.3161 7.1111 0.287912
6.3161 7.1111 0.287912
6.3161 7.1111 0.287912
6.3161 7.1111 0.287912
6.3161 7.1111 0.287912
6.3161 7.1111 0.287912
6.3161 7.1111 0.287912
6.79491 6.7984 0.293367
6.79491 6.7984 0.293367
6.79491 6.7984 0.293367
6.79491 6.7984 0.293367
6.59848 6.84686 0.300828
6.59848 6.84686 0.300828
6.59848 6.84686 0.300828
6.59848 6.84686 0.300828
6.95871 6.81716 0.310628
6.95871 6.81716 0.310628
6.95871 6.81716 0.310628
6.78975 6.85764 0.295401
6.78975 6.85764 0.295401
6.78975 6.85764 0.295401
6.78975 6.85764 0.295401
6.78975 6.85764 0.295401
6.78975 6.85764 0.295401
6.78975 6.85764 0.295401
6.78975 6.85764 0.295401
6.78975 6.85764 0.295401
6.78975 6.85764 0.295401
6.78975 6.85764 0.295401
6.78975 6.85764 0.295401
6.78975 6.85764 0.295401
6.78975 6.85764 0.295401
6.78975 6.85764 0.295401
6.78975 6.85764 0.295401
6.78975 6.85764 0.295401
10.4692 9.76404 0.298437
10.4855 10.5831 0.317508
10.4855 10.5831 0.317508
10.4855 10.5831 0.317508
10.4855 10.5831 0.317508
10.4855 10.5831 0.317508
10.4855 10.5831 0.317508
10.4855 10.5831 0.317508
10.4464 10.0864 0.299141
10.4464 10.0864 0.299141
10.4464 10.0864 0.299141
10.4464 10.0864 0.299141
10.6769 10.6646 0.307736
10.6769 10.6646 0.307736
10.6769 10.6646 0.307736
10.6769 10.6646 0.307736
10.6769 10.6646 0.307736
10.6769 10.6646 0.307736
10.3564 10.4808 0.323189
10.3564 10.4808 0.323189
10.3564 10.4808 0.323189
10.6152 10.3409 0.305723
10.6152 10.3409 0.305723
10.6152 10.3409 0.305723
10.6152 10.3409 0.305723
10.6152 10.3409 0.305723
9.82919 10.3094 0.318105
10.5027 9.95743 0.313524
10.5027 9.95743 0.313524
10.5027 9.95743 0.313524
10.5027 9.95743 0.313524
10.5027 9.95743 0.313524
10.5027 9.95743 0.313524
9.87357 10.6434 0.311417
10.2124 10.5375 0.30188
10.2124 10.5375 0.30188
10.8366 10.6005 0.313421
10.8366 10.6005 0.313421
10.8366 10.6005 0.313421
10.159 10.4609 0.310814
10.7463 10.2721 0.314562
10.7463 10.2721 0.314562
10.7463 10.2721 0.314562
10.3545 9.98436 0.30475
10.4612 9.75874 0.31536
10.0947 10.4973 0.292649
10.0947 10.4973 0.292649
10.0947 10.4973 0.292649
10.0947 10.4973 0.292649
10.0947 10.4973 0.292649
10.0947 10.4973 0.292649
10.0947 10.4973 0.292649
10.0947 10.4973 0.292649
10.0947 10.4973 0.292649
10.0947 10.4973 0.292649
10.4294 9.75044 0.30527
10.4294 9.75044 0.30527
10.4294 9.75044 0.30527
10.4294 9.75044 0.30527
10.4294 9.75044 0.30527
10.4294 9.75044 0.30527
10.4294 9.75044 0.30527
10.4294 9.75044 0.30527
10.4294 9.75044 0.30527
10.4294 9.75044 0.30527
10.4294 9.75044 0.30527
10.4294 9.75044 0.30527
10.4294 9.75044 0.30527
10.3058 10.4823 0.320423
10.3058 10.4823 0.320423
10.3058 10.4823 0.320423
10.3058 10.4823 0.320423
10.2449 10.5534 0.298489
10.2449 10.5534 0.298489
10.2449 10.5534 0.298489
10.3528 9.9514 0.315784
10.3528 9.9514 0.315784
10.1095 10.8309 0.320755
10.1095 10.8309 0.320755
10.3455 10.3708 0.301353
10.3455 10.3708 0.301353
10.2728 10.1164 0.311929
10.2728 10.1164 0.311929
10.2728 10.1164 0.311929
10.2728 10.1164 0.311929
10.2728 10.1164 0.311929
10.2728 10.1164 0.311929
10.2728 10.1164 0.311929
10.1298 10.5371 0.300556
10.1298 10.5371 0.300556
10.1298 10.5371 0.300556
9.99287 10.7907 0.295566
9.99287 10.7907 0.295566
9.99287 10.7907 0.295566
9.99287 10.7907 0.295566
9.99287 10.7907 0.295566
9.99287 10.7907 0.295566
9.99287 10.7907 0.295566
9.99287 10.7907 0.295566
10.2132 9.88884 0.306555
10.3983 10.1834 0.325655
10.3983 10.1834 0.325655
10.3983 10.1834 0.325655
10.6098 10.1183 0.301362
9.77954 10.0904 0.311174
9.77954 10.0904 0.311174
9.77954 10.0904 0.311174
10.4037 10.2083 0.305372
10.4037 10.2083 0.305372
10.4037 10.2083 0.305372
10.4037 10.2083 0.305372
10.3688 10.3758 0.31807
10.3688 10.3758 0.31807
10.2439 10.2739 0.280573
10.2439 10.2739 0.280573
10.2439 10.2739 0.280573
10.2439 10.2739 0.280573
10.2439 10.2739 0.280573
10.2439 10.2739 0.280573
11.0685 11.4523 0.315255
11.0685 11.4523 0.315255
11.0685 11.4523 0.315255
10.6554 10.6491 0.32056
10.6554 10.6491 0.32056
10.6554 10.6491 0.32056
10.6554 10.6491 0.32056
11.2753 10.7846 0.300123
10.8601 11.3391 0.301134
10.8601 11.3391 0.301134
10.8601 11.3391 0.301134
11.2443 11.0836 0.304148
11.2443 11.0836 0.304148
11.2443 11.0836 0.304148
11.2443 11.0836 0.304148
11.2443 11.0836 0.304148
10.3472 11.1972 0.310884
10.3472 11.1972 0.310884
10.3472 11.1972 0.310884
10.3472 11.1972 0.310884
10.3472 11.1972 0.310884
10.3472 11.1972 0.310884
11.4999 10.9305 0.307122
11.4999 10.9305 0.307122
11.4999 10.9305 0.307122
11.4999 10.9305 0.307122
10.6846 10.7814 0.306639
10.6846 10.7814 0.306639
10.6846 10.7814 0.306639
10.6846 10.7814 0.306639
11.2227 11.2455 0.296351
11.2227 11.2455 0.296351
11.2227 11.2455 0.296351
11.2227 11.2455 0.296351
11.2227 11.2455 0.296351
11.0054 11.1657 0.318307
11.0054 11.1657 0.318307
11.0054 11.1657 0.318307
11.0054 11.1657 0.318307
11.0618 11.083 0.318485
11.0618 11.083 0.318485
11.0618 11.083 0.318485
11.0618 11.083 0.318485
11.0392 11.1951 0.322343
10.7114 11.0287 0.32363
10.8076 11.2563 0.310963
10.8076 11.2563 0.310963
10.827 10.7931 0.315544
10.827 10.7931 0.315544
10.827 10.7931 0.315544
10.827 10.7931 0.315544
10.827 10.7931 0.315544
10.827 10.7931 0.315544
10.6507 10.396 0.314272
10.6507 10.396 0.314272
10.6507 10.396 0.314272
11.0288 11.4673 0.309517
11.0288 11.4673 0.309517
10.206 11.0452 0.308246
10.206 11.0452 0.308246
10.9884 10.6775 0.317952
10.9884 10.6775 0.317952
10.9884 10.6775 0.317952
10.9884 10.6775 0.317952
10.9884 10.6775 0.317952
11.1501 10.3143 0.30313
11.1501 10.3143 0.30313
11.1501 10.3143 0.30313
11.1501 10.3143 0.30313
11.1501 10.3143 0.30313
11.1501 10.3143 0.30313
11.1501 10.3143 0.30313
11.1501 10.3143 0.30313
11.1501 10.3143 0.30313
11.1501 10.3143 0.30313
10.9569 10.8146 0.315227
10.9569 10.8146 0.315227
10.9569 10.8146 0.315227
10.9569 10.8146 0.315227
10.8736 11.2486 0.317202
10.8736 11.2486 0.317202
10.8736 11.2486 0.317202
10.8736 11.2486 0.317202
11.309 11.6017 0.318532
11.4842 12.0173 0.320136
11.4842 12.0173 0.320136
11.4842 12.0173 0.320136
11.8244 11.9228 0.326793
11.8244 11.9228 0.326793
11.9808 11.4944 0.311971
11.9808 11.4944 0.311971
11.9808 11.4944 0.311971
11.9808 11.4944 0.311971
11.9808 11.4944 0.311971
11.9589 11.9076 0.301776
11.9589 11.9076 0.301776
11.1928 11.9465 0.32166
11.1928 11.9465 0.32166
11.1928 11.9465 0.32166
12.1635 11.7698 0.320161
12.1635 11.7698 0.320161
12.1635 11.7698 0.320161
12.1635 11.7698 0.320161
12.1635 11.7698 0.320161
11.6931 11.9074 0.316959
11.8451 11.9531 0.324941
11.8451 11.9531 0.324941
11.8451 11.9531 0.324941
11.8451 11.9531 0.324941
11.8451 11.9531 0.324941
11.8451 11.9531 0.324941
11.8451 11.9531 0.324941
11.8451 11.9531 0.324941
11.8451 11.9531 0.324941
11.8451 11.9531 0.324941
11.9664 11.7303 0.32139
11.9664 11.7303 0.32139
11.9664 11.7303 0.32139
11.9664 11.7303 0.32139
11.9664 11.7303 0.32139
11.9343 11.4873 0.315554
11.9343 11.4873 0.315554
11.9038 11.8207 0.327331
11.9038 11.8207 0.327331
10.7553 10.8715 0.322524
10.7553 10.8715 0.322524
10.7553 10.8715 0.322524
10.7553 10.8715 0.322524
10.7553 10.8715 0.322524
10.7553 10.8715 0.322524
10.2417 10.4573 0.317493
10.2417 10.4573 0.317493
10.2417 10.4573 0.317493
10.2417 10.4573 0.317493
10.2417 10.4573 0.317493
10.5959 10.7762 0.320478
10.5959 10.7762 0.320478
10.5959 10.7762 0.320478
10.8224 11.0465 0.308367
10.8224 11.0465 0.308367
10.8224 11.0465 0.308367
10.8224 11.0465 0.308367
10.8813 10.7037 0.308374
10.8813 10.7037 0.308374
10.8813 10.7037 0.308374
10.8813 10.7037 0.308374
10.8813 10.7037 0.308374
10.8813 10.7037 0.308374
11.523 11.1876 0.317588
11.523 11.1876 0.317588
11.2326 11.6048 0.317555
10.8266 10.5468 0.287312
10.8266 10.5468 0.287312
10.8266 10.5468 0.287312
10.8266 10.5468 0.287312
10.8266 10.5468 0.287312
10.8266 10.5468 0.287312
11.4157 11.4717 0.309504
11.4157 11.4717 0.309504
11.4157 11.4717 0.309504
11.4157 11.4717 0.309504
11.4304 11.7374 0.309498
11.4304 11.7374 0.309498
11.4014 11.4116 0.294097
11.4014 11.4116 0.294097
11.4014 11.4116 0.294097
11.5122 11.4293 0.281559
11.5122 11.4293 0.281559
11.5122 11.4293 0.281559
10.9415 11.1461 0.309034
11.5002 11.0457 0.307449
11.5002 11.0457 0.307449
11.5002 11.0457 0.307449
11.9558 11.1886 0.284706
11.5831 11.4279 0.307848
11.5831 11.4279 0.307848
11.5831 11.4279 0.307848
11.5831 11.4279 0.307848
11.5831 11.4279 0.307848
11.5831 11.4279 0.307848
12.0207 11.454 0.315854
12.0207 11.454 0.315854
12.0207 11.454 0.315854
17.2523 17.0889 0.281431
17.5007 17.4029 0.269648
17.5007 17.4029 0.269648
17.5007 17.4029 0.269648
17.2851 17.4337 0.272608
17.2851 17.4337 0.272608
17.2183 17.6114 0.265348
17.5051 16.9915 0.283214
17.5051 16.9915 0.283214
17.5051 16.9915 0.283214
17.5796 17.3376 0.294604
17.0504 16.5159 0.285736
17.9285 17.1848 0.264416
17.0338 17.2722 0.284827
17.3937 17.9433 0.272675
17.3937 17.9433 0.272675
17.3937 17.9433 0.272675
17.7716 17.7256 0.276945
17.1254 17.4122 0.256792
17.4186 17.5874 0.27342
17.2819 17.5769 0.27204
17.2819 17.5769 0.27204
17.2819 17.5769 0.27204
17.6398 17.1423 0.282782
17.5186 17.1138 0.268436
17.1626 17.7797 0.267012
17.4039 17.8295 0.260277
17.9751 17.4504 0.279346
17.9751 17.4504 0.279346
17.9751 17.4504 0.279346
17.1312 17.3537 0.282814
16.1726 15.889 0.278659
15.9173 16.1475 0.278628
16.3339 15.8298 0.267566
16.3339 15.8298 0.267566
16.0047 16.5943 0.273073
15.7514 15.6674 0.260873
15.7514 15.6674 0.260873
15.7514 15.6674 0.260873
16.5019 16.128 0.26085
16.5019 16.128 0.26085
16.5049 15.7419 0.277373
16.4866 16.4916 0.280281
16.4866 16.4916 0.280281
16.4866 16.4916 0.280281
16.4866 16.4916 0.280281
16.4836 15.8855 0.280015
16.2845 16.0237 0.273127
16.3975 16.5373 0.268906
15.7152 16.1015 0.280934
15.7152 16.1015 0.280934
15.8297 16.0283 0.286454
15.627 16.7646 0.283688
15.627 16.7646 0.283688
16.249 16.389 0.276297
16.249 16.389 0.276297
16.249 16.389 0.276297
16.7893 15.942 0.280385
16.7775 16.7636 0.272663
10.981 9.80138 0.297542
10.981 9.80138 0.297542
10.4893 10.3684 0.313712
9.95661 10.7169 0.302543
10.0405 10.3015 0.320336
10.0405 10.3015 0.320336
10.0405 10.3015 0.320336
10.0405 10.3015 0.320336
10.0405 10.3015 0.320336
10.7226 10.5224 0.291372
10.7226 10.5224 0.291372
10.7226 10.5224 0.291372
9.7687 10.3585 0.312274
9.7687 10.3585 0.312274
9.7687 10.3585 0.312274
9.7687 10.3585 0.312274
9.7687 10.3585 0.312274
9.79905 10.7202 0.312757
9.79905 10.7202 0.312757
9.79905 10.7202 0.312757
6.29179 6.76115 0.324705
6.29179 6.76115 0.324705
6.29179 6.76115 0.324705
6.04959 5.9256 0.336923
6.65796 6.10279 0.314698
6.65796 6.10279 0.314698
6.65796 6.10279 0.314698
6.65796 6.10279 0.314698
6.65796 6.10279 0.314698
6.65796 6.10279 0.314698
6.65796 6.10279 0.314698
6.65796 6.10279 0.314698
6.65796 6.10279 0.314698
6.65796 6.10279 0.314698
6.65796 6.10279 0.314698
6.65796 6.10279 0.314698
6.65796 6.10279 0.314698
6.65796 6.10279 0.314698
6.65796 6.10279 0.314698
6.65796 6.10279 0.314698
6.65796 6.10279 0.314698
