29.8641 30.1664 0.220856
6.26867 7.09974 0.304316
51.7232 51.7795 0.145452
47.5446 47.5116 0.166752
7.76867 7.80736 0.344634
50.8006 49.7109 0.183161
34.8278 34.8749 0.19265
47.2665 47.4691 0.174563
50.433 50.4857 0.166334
37.7348 38.5266 0.1907
16.5589 16.1939 0.25512
49.7982 50.4138 0.148467
10.9446 10.4187 0.310374
34.4622 35.2246 0.194155
46.6861 46.5659 0.176038
14.9555 14.2265 0.292377
57.2611 57.102 0.158886
18.8795 19.3555 0.261025
45.4805 44.9546 0.170597
13.3332 13.3111 0.296966
50.433 50.4857 0.166334
11.9624 12.0525 0.304642
6.41059 6.44927 0.336636
9.75382 8.97282 0.30782
22.2132 21.7731 0.255546
22.8236 22.4544 0.277171
63.2144 63.9768 0.128968
44.7663 43.7427 0.172389
43.1555 42.866 0.188671
53.6042 53.3065 0.149924
10.8235 10.8798 0.310114
32.7507 33.5131 0.205309
10.1126 10.2139 0.294161
19.3748 19.0055 0.275815
61.0894 60.3084 0.115584
61.5263 61.9553 0.118397
37.4607 36.6797 0.201738
42.5252 43.2909 0.178142
11.9919 12.8229 0.308825
6.41392 6.84292 0.31191
55.9352 55.9022 0.121104
9.22828 9.25309 0.302213
22.8236 22.4544 0.277171
13.3332 13.3111 0.296966
11.9624 12.0525 0.304642
39.7704 40.3691 0.170289
58.5135 58.3454 0.156592
51.7454 52.2353 0.156486
26.1693 26.5756 0.238898
50.7382 50.5636 0.174864
26.704 27.0953 0.228099
54.1089 53.0853 0.13937
38.254 38.744 0.200832
55.5305 55.0294 0.14459
9.22828 9.25309 0.302213
9.22828 9.25309 0.302213
59.4952 59.3361 0.130799
50.0647 50.3802 0.171153
39.2625 39.2138 0.168559
6.41392 6.84292 0.31191
39.0225 39.5091 0.159494
18.298 17.9685 0.298419
44.417 44.2609 0.149061
11.9624 12.0525 0.304642
16.5589 16.1939 0.25512
55.037 54.9563 0.146918
10.7197 10.6194 0.333591
58.3686 58.4212 0.148593
16.4344 16.8535 0.281515
53.8046 53.7271 0.137937
36.8631 37.1039 0.180969
44.5134 44.9326 0.181878
32.9867 32.975 0.19424
18.8795 19.3555 0.261025
32.9867 32.975 0.19424
36.701 36.6893 0.183929
37.7348 38.5266 0.1907
48.3979 48.2087 0.159202
32.9867 32.975 0.19424
53.8538 53.6792 0.146145
39.585 39.7876 0.170549
36.701 36.6893 0.183929
15.8112 16.2818 0.307003
15.4497 15.3771 0.290848
10.6001 10.8645 0.309277
16.3974 16.354 0.296558
45.1737 44.9782 0.181866
17.4042 17.8942 0.284772
18.298 17.9685 0.298419
18.298 17.9685 0.298419
50.7382 50.5636 0.174864
53.7307 53.639 0.148172
55.8374 56.324 0.122134
12.7243 13.344 0.286517
55.2546 55.8532 0.146988
10.7993 10.8174 0.300323
26.4694 26.3968 0.239085
27.8771 27.9785 0.21889
25.9579 26.0593 0.228832
17.4042 17.8942 0.284772
29.9975 29.5976 0.218862
29.9975 29.5976 0.218862
30.2001 30.4648 0.220344
30.2001 30.4648 0.220344
30.2001 30.4648 0.220344
30.2001 30.4648 0.220344
30.2001 30.4648 0.220344
29.9757 29.9844 0.198262
29.9757 29.9844 0.198262
29.9757 29.9844 0.198262
29.9757 29.9844 0.198262
29.9757 29.9844 0.198262
29.9757 29.9844 0.198262
29.9757 29.9844 0.198262
29.9757 29.9844 0.198262
29.9757 29.9844 0.198262
29.9757 29.9844 0.198262
29.9757 29.9844 0.198262
29.9757 29.9844 0.198262
29.9757 29.9844 0.198262
30.066 30.0755 0.21448
30.066 30.0755 0.21448
29.7445 29.496 0.215253
29.7445 29.496 0.215253
29.7445 29.496 0.215253
29.7445 29.496 0.215253
29.7445 29.496 0.215253
29.7445 29.496 0.215253
29.7445 29.496 0.215253
29.7445 29.496 0.215253
29.7445 29.496 0.215253
29.7445 29.496 0.215253
29.7445 29.496 0.215253
29.7445 29.496 0.215253
29.7445 29.496 0.215253
29.7445 29.496 0.215253
29.7445 29.496 0.215253
29.7445 29.496 0.215253
29.7445 29.496 0.215253
29.7445 29.496 0.215253
29.7445 29.496 0.215253
29.7445 29.496 0.215253
29.7445 29.496 0.215253
29.7445 29.496 0.215253
29.7445 29.496 0.215253
29.7445 29.496 0.215253
29.2738 30.2568 0.209811
29.2738 30.2568 0.209811
29.2738 30.2568 0.209811
29.2738 30.2568 0.209811
29.2738 30.2568 0.209811
29.8684 30.1699 0.200172
29.8684 30.1699 0.200172
29.8684 30.1699 0.200172
29.8684 30.1699 0.200172
29.8684 30.1699 0.200172
29.8684 30.1699 0.200172
29.8684 30.1699 0.200172
29.8684 30.1699 0.200172
29.8684 30.1699 0.200172
29.8684 30.1699 0.200172
29.8684 30.1699 0.200172
29.8684 30.1699 0.200172
29.8684 30.1699 0.200172
29.8684 30.1699 0.200172
29.8684 30.1699 0.200172
29.8684 30.1699 0.200172
29.8684 30.1699 0.200172
29.8684 30.1699 0.200172
29.8684 30.1699 0.200172
29.8684 30.1699 0.200172
29.8684 30.1699 0.200172
29.8684 30.1699 0.200172
29.8684 30.1699 0.200172
29.8684 30.1699 0.200172
6.29548 6.35448 0.308294
6.29548 6.35448 0.308294
6.29548 6.35448 0.308294
6.29548 6.35448 0.308294
6.29548 6.35448 0.308294
6.29548 6.35448 0.308294
6.29548 6.35448 0.308294
8.19644 8.02411 0.320771
8.19644 8.02411 0.320771
8.19644 8.02411 0.320771
8.19644 8.02411 0.320771
8.19644 8.02411 0.320771
8.19644 8.02411 0.320771
8.19644 8.02411 0.320771
8.55605 7.92485 0.301099
8.55605 7.92485 0.301099
8.55605 7.92485 0.301099
8.55605 7.92485 0.301099
7.95312 8.13454 0.316918
7.95312 8.13454 0.316918
7.95312 8.13454 0.316918
7.95312 8.13454 0.316918
7.95312 8.13454 0.316918
7.95312 8.13454 0.316918
7.95312 8.13454 0.316918
39.5659 39.0707 0.147937
39.5659 39.0707 0.147937
39.5659 39.0707 0.147937
39.5659 39.0707 0.147937
39.5659 39.0707 0.147937
39.5659 39.0707 0.147937
39.5659 39.0707 0.147937
39.5659 39.0707 0.147937
39.5659 39.0707 0.147937
39.5659 39.0707 0.147937
39.5659 39.0707 0.147937
39.5659 39.0707 0.147937
39.5659 39.0707 0.147937
39.5659 39.0707 0.147937
39.8336 38.9717 0.169953
39.8336 38.9717 0.169953
39.8336 38.9717 0.169953
39.8336 38.9717 0.169953
39.8336 38.9717 0.169953
39.8336 38.9717 0.169953
39.8336 38.9717 0.169953
39.8336 38.9717 0.169953
39.8336 38.9717 0.169953
39.8336 38.9717 0.169953
39.8336 38.9717 0.169953
39.1292 39.7954 0.159105
39.1292 39.7954 0.159105
39.1292 39.7954 0.159105
39.1292 39.7954 0.159105
39.3894 39.3096 0.160879
39.3894 39.3096 0.160879
39.3894 39.3096 0.160879
39.5288 39.7324 0.168116
39.5288 39.7324 0.168116
39.5288 39.7324 0.168116
9.17938 9.56011 0.307222
9.17938 9.56011 0.307222
9.17938 9.56011 0.307222
9.17938 9.56011 0.307222
9.17938 9.56011 0.307222
9.17938 9.56011 0.307222
9.17938 9.56011 0.307222
9.17938 9.56011 0.307222
8.56881 9.51497 0.281584
8.56881 9.51497 0.281584
8.56881 9.51497 0.281584
9.54842 9.36438 0.320377
9.70914 9.05744 0.314164
9.70914 9.05744 0.314164
9.70914 9.05744 0.314164
9.70914 9.05744 0.314164
9.70914 9.05744 0.314164
9.70914 9.05744 0.314164
9.70914 9.05744 0.314164
9.70914 9.05744 0.314164
9.70914 9.05744 0.314164
9.70914 9.05744 0.314164
9.70914 9.05744 0.314164
9.70914 9.05744 0.314164
9.70914 9.05744 0.314164
9.70914 9.05744 0.314164
9.70914 9.05744 0.314164
9.70914 9.05744 0.314164
9.70914 9.05744 0.314164
9.70914 9.05744 0.314164
9.70914 9.05744 0.314164
14.7049 14.4783 0.271749
14.7049 14.4783 0.271749
14.7049 14.4783 0.271749
14.7049 14.4783 0.271749
14.7049 14.4783 0.271749
14.7049 14.4783 0.271749
14.7049 14.4783 0.271749
14.7049 14.4783 0.271749
14.7049 14.4783 0.271749
14.7049 14.4783 0.271749
14.7049 14.4783 0.271749
14.7049 14.4783 0.271749
14.7049 14.4783 0.271749
14.7049 14.4783 0.271749
14.7049 14.4783 0.271749
14.7049 14.4783 0.271749
14.7049 14.4783 0.271749
14.7049 14.4783 0.271749
14.7049 14.4783 0.271749
14.7049 14.4783 0.271749
14.7049 14.4783 0.271749
14.7049 14.4783 0.271749
14.7049 14.4783 0.271749
14.7049 14.4783 0.271749
14.6891 14.3731 0.268201
14.6891 14.3731 0.268201
14.6891 14.3731 0.268201
14.6891 14.3731 0.268201
14.6891 14.3731 0.268201
14.6891 14.3731 0.268201
14.6891 14.3731 0.268201
14.6891 14.3731 0.268201
14.6891 14.3731 0.268201
14.9113 14.9967 0.308387
