13.1468 12.85 0.281851
20.5414 20.3523 0.266493
10.7993 10.8174 0.300323
14.6298 14.9667 0.282827
6.63728 6.66439 0.29874
7.7201 7.56812 0.329119
8.29573 8.83653 0.324694
10.8235 10.8798 0.310114
10.3423 9.90214 0.291107
7.7201 7.56812 0.329119
9.84419 9.64871 0.329229
12.5519 12.0508 0.297585
19.7253 19.1763 0.279894
18.4714 17.9223 0.282317
18.5038 18.5219 0.280657
17.7906 17.441 0.271897
9.75382 8.97282 0.30782
12.8201 13.2115 0.301444
20.2751 20.08 0.289917
9.28337 8.84325 0.305543
14.9372 15.478 0.295899
16.5408 16.559 0.266225
10.8895 10.5601 0.327694
20.2944 20.8352 0.273593
20.081 20.3547 0.276685
7.7201 7.56812 0.329119
19.6563 19.7464 0.264499
22.071 22.3362 0.265081
14.0457 13.954 0.291977
7.94892 8.07917 0.327881
21.8167 22.5791 0.265918
7.86086 7.6541 0.315561
9.75382 8.97282 0.30782
20.4928 21.1477 0.277833
13.1193 13.7743 0.304848
6.63728 6.66439 0.29874
22.0518 22.2544 0.262847
10.3778 10.4792 0.28731
18.8795 19.3555 0.261025
12.8201 13.2115 0.301444
16.3545 16.2819 0.298069
9.5903 10.0193 0.311043
11.3814 11.8685 0.305051
10.7536 10.8893 0.309914
18.941 18.5253 0.25051
16.0671 16.1685 0.259438
12.5589 12.9879 0.298442
15.4822 15.9013 0.298858
19.6051 18.9954 0.28901
21.019 20.9383 0.266021
7.28648 7.68299 0.328781
11.4454 11.648 0.316461
7.61602 7.31827 0.33375
10.4728 10.266 0.299113
15.831 16.2275 0.283055
8.63151 8.34205 0.326626
21.8167 22.5791 0.265918
10.3778 10.4792 0.28731
19.3748 19.0055 0.275815
22.8068 22.4573 0.263104
6.26867 7.09974 0.304316
10.3778 10.4792 0.28731
21.7359 22.2767 0.269242
15.4307 15.3532 0.287936
10.4471 10.2579 0.299328
16.0671 16.1685 0.259438
11.2283 11.1849 0.30566
19.6474 19.9119 0.281095
9.16539 9.652 0.294968
15.5423 14.4526 0.304441
12.7243 13.344 0.286517
17.7906 17.441 0.271897
20.0191 20.0754 0.249923
15.4497 15.3771 0.290848
8.04784 7.85237 0.332648
22.2488 22.3501 0.251749
13.2923 13.0028 0.298575
15.4307 15.3532 0.287936
14.0084 14.2219 0.274043
16.3545 16.2819 0.298069
18.7137 18.1928 0.256871
14.9555 14.2265 0.292377
10.0759 10.8416 0.314738
11.3271 11.9821 0.313649
11.6142 11.2764 0.318521
20.8324 20.6257 0.259427
7.77147 7.61535 0.299868
9.39852 9.87457 0.312378
6.63728 6.66439 0.29874
12.9158 12.745 0.295069
15.4963 15.1468 0.29195
6.12699 6.26278 -0.00087697
9.75382 8.97282 0.30782
16.3348 15.9698 0.283498
8.92775 9.20139 0.323956
9.39852 9.87457 0.312378
16.5589 16.1939 0.25512
12.5519 12.0508 0.297585
9.58977 9.43365 0.291005
17.2035 17.437 0.27525
10.1781 10.5331 0.313025
10.1781 10.5331 0.313025
10.1781 10.5331 0.313025
10.1781 10.5331 0.313025
10.1781 10.5331 0.313025
10.1781 10.5331 0.313025
10.4311 10.5941 0.318249
10.4311 10.5941 0.318249
10.4311 10.5941 0.318249
13.7177 13.1967 0.277067
13.7177 13.1967 0.277067
13.7177 13.1967 0.277067
13.7177 13.1967 0.277067
13.7177 13.1967 0.277067
13.7177 13.1967 0.277067
13.7177 13.1967 0.277067
13.7177 13.1967 0.277067
13.7177 13.1967 0.277067
13.7177 13.1967 0.277067
14.0382 14.0161 0.286064
14.0382 14.0161 0.286064
14.2312 13.1414 0.298248
13.7871 14.2737 0.274905
13.7871 14.2737 0.274905
13.7871 14.2737 0.274905
13.7871 14.2737 0.274905
14.0457 13.954 0.291977
14.0457 13.954 0.291977
14.0457 13.954 0.291977
14.6101 13.8484 0.274064
14.6101 13.8484 0.274064
14.6101 13.8484 0.274064
13.9192 13.6214 0.293729
13.9192 13.6214 0.293729
13.9192 13.6214 0.293729
13.9192 13.6214 0.293729
13.772 14.2426 0.289775
13.772 14.2426 0.289775
13.772 14.2426 0.289775
14.1196 14.0421 0.281742
14.1196 14.0421 0.281742
14.1196 14.0421 0.281742
14.1196 14.0421 0.281742
14.1196 14.0421 0.281742
13.7821 14.1585 0.282087
14.2387 13.4577 0.276663
14.1238 14.2139 0.269866
14.1238 14.2139 0.269866
14.1238 14.2139 0.269866
14.1238 14.2139 0.269866
14.1238 14.2139 0.269866
14.1238 14.2139 0.269866
14.1238 14.2139 0.269866
13.9449 13.5292 0.270706
13.9449 13.5292 0.270706
13.9449 13.5292 0.270706
13.9449 13.5292 0.270706
13.9449 13.5292 0.270706
13.9449 13.5292 0.270706
13.9449 13.5292 0.270706
13.9449 13.5292 0.270706
13.9449 13.5292 0.270706
13.9449 13.5292 0.270706
13.9449 13.5292 0.270706
13.9449 13.5292 0.270706
14.3582 14.3148 0.27933
14.3582 14.3148 0.27933
14.3582 14.3148 0.27933
13.9612 14.2263 0.285545
14.105 14.3458 0.272353
14.105 14.3458 0.272353
14.1711 14.5902 0.292665
14.1711 14.5902 0.292665
14.1711 14.5902 0.292665
14.0056 13.8464 0.306283
14.0056 13.8464 0.306283
14.0056 13.8464 0.306283
13.2923 13.0028 0.298575
13.2923 13.0028 0.298575
13.2923 13.0028 0.298575
13.1227 13.7214 0.288364
13.1227 13.7214 0.288364
12.7243 13.344 0.286517
12.7243 13.344 0.286517
12.7243 13.344 0.286517
13.3067 13.5863 0.284938
13.3067 13.5863 0.284938
13.3067 13.5863 0.284938
13.3067 13.5863 0.284938
13.3067 13.5863 0.284938
13.3067 13.5863 0.284938
13.3067 13.5863 0.284938
13.3067 13.5863 0.284938
13.3067 13.5863 0.284938
13.3067 13.5863 0.284938
13.3067 13.5863 0.284938
13.3067 13.5863 0.284938
13.0373 13.7997 0.29332
13.2035 13.0144 0.289544
13.2035 13.0144 0.289544
19.6188 19.8364 0.242388
19.6188 19.8364 0.242388
19.6188 19.8364 0.242388
20.0255 19.4846 0.250347
20.0255 19.4846 0.250347
20.0255 19.4846 0.250347
20.0255 19.4846 0.250347
20.0255 19.4846 0.250347
20.0255 19.4846 0.250347
20.0255 19.4846 0.250347
20.1565 20.1423 0.261982
19.6332 20.2887 0.253497
19.4915 20.1867 0.248021
19.4915 20.1867 0.248021
19.4915 20.1867 0.248021
19.4915 20.1867 0.248021
19.9559 20.0957 0.25099
19.9559 20.0957 0.25099
20.0541 19.9902 0.248429
20.0541 19.9902 0.248429
20.1125 19.9266 0.262529
20.1125 19.9266 0.262529
20.1125 19.9266 0.262529
20.1282 19.9674 0.259771
20.1282 19.9674 0.259771
20.1282 19.9674 0.259771
20.1515 20.2788 0.247768
20.1515 20.2788 0.247768
20.1515 20.2788 0.247768
20.1515 20.2788 0.247768
20.1515 20.2788 0.247768
20.1515 20.2788 0.247768
20.1515 20.2788 0.247768
20.2394 19.9975 0.25358
20.0627 19.7744 0.24878
19.9201 19.6443 0.242488
19.9201 19.6443 0.242488
20.0962 19.9368 0.23787
20.0962 19.9368 0.23787
20.0962 19.9368 0.23787
20.0962 19.9368 0.23787
20.4861 20.0728 0.245239
20.4861 20.0728 0.245239
20.4861 20.0728 0.245239
20.4746 20.3483 0.268412
20.2097 20.3907 0.256149
20.2097 20.3907 0.256149
19.9206 19.9583 0.249059
19.9206 19.9583 0.249059
19.9206 19.9583 0.249059
19.937 19.9469 0.255462
19.937 19.9469 0.255462
19.937 19.9469 0.255462
19.937 19.9469 0.255462
20.0627 20.1993 0.244009
20.0627 20.1993 0.244009
20.0627 20.1993 0.244009
20.0024 19.7881 0.238094
20.0024 19.7881 0.238094
20.0024 19.7881 0.238094
20.1584 20.2287 0.241708
20.1584 20.2287 0.241708
20.0826 19.8193 0.226912
20.5237 19.9802 0.263388
20.5237 19.9802 0.263388
19.8455 20.1958 0.245428
20.2956 20.4987 0.268168
20.285 19.6587 0.239146
20.2073 19.5692 0.2438
19.4507 19.8987 0.238395
19.4507 19.8987 0.238395
19.4507 19.8987 0.238395
19.4507 19.8987 0.238395
20.0489 20.1555 0.257414
20.0489 20.1555 0.257414
20.0489 20.1555 0.257414
19.9162 20.4056 0.250709
19.9166 20.0357 0.245354
19.9166 20.0357 0.245354
19.9166 20.0357 0.245354
19.8579 20.7398 0.250371
20.1083 20.1503 0.23934
20.0776 20.5008 0.243026
12.5602 12.1762 0.312567
12.5602 12.1762 0.312567
12.5602 12.1762 0.312567
12.5602 12.1762 0.312567
12.5602 12.1762 0.312567
12.5602 12.1762 0.312567
12.5602 12.1762 0.312567
12.5602 12.1762 0.312567
12.0739 11.9402 0.308631
12.0739 11.9402 0.308631
12.0739 11.9402 0.308631
12.0739 11.9402 0.308631
12.4378 12.4976 0.303659
12.4378 12.4976 0.303659
12.4378 12.4976 0.303659
12.4378 12.4976 0.303659
12.4378 12.4976 0.303659
10.4933 10.971 0.307805
10.4933 10.971 0.307805
10.4933 10.971 0.307805
11.1241 10.9257 0.315329
11.1241 10.9257 0.315329
11.1241 10.9257 0.315329
11.1241 10.9257 0.315329
11.1241 10.9257 0.315329
11.1241 10.9257 0.315329
11.1241 10.9257 0.315329
11.1241 10.9257 0.315329
11.1241 10.9257 0.315329
11.1241 10.9257 0.315329
11.1241 10.9257 0.315329
11.1241 10.9257 0.315329
11.1241 10.9257 0.315329
11.1241 10.9257 0.315329
11.1241 10.9257 0.315329
11.2396 10.5867 0.311554
11.2396 10.5867 0.311554
10.875 11.2918 0.28219
10.875 11.2918 0.28219
10.875 11.2918 0.28219
10.875 11.2918 0.28219
10.875 11.2918 0.28219
10.875 11.2918 0.28219
10.875 11.2918 0.28219
10.875 11.2918 0.28219
10.6702 11.1093 0.320346
10.6702 11.1093 0.320346
10.6702 11.1093 0.320346
10.6702 11.1093 0.320346
10.6702 11.1093 0.320346
10.6702 11.1093 0.320346
11.3164 10.6928 0.310559
11.3164 10.6928 0.310559
11.3164 10.6928 0.310559
11.3164 10.6928 0.310559
11.3164 10.6928 0.310559
11.3164 10.6928 0.310559
11.3164 10.6928 0.310559
11.3164 10.6928 0.310559
10.7285 10.7448 0.324487
10.8247 10.9388 0.295265
10.8247 10.9388 0.295265
10.8247 10.9388 0.295265
10.4243 10.8328 0.318569
10.4243 10.8328 0.318569
10.4243 10.8328 0.318569
10.4243 10.8328 0.318569
10.4243 10.8328 0.318569
10.4243 10.8328 0.318569
10.4243 10.8328 0.318569
10.4243 10.8328 0.318569
10.4243 10.8328 0.318569
10.4243 10.8328 0.318569
10.4243 10.8328 0.318569
10.4243 10.8328 0.318569
10.4243 10.8328 0.318569
10.4243 10.8328 0.318569
10.4243 10.8328 0.318569
10.4243 10.8328 0.318569
10.4243 10.8328 0.318569
10.4243 10.8328 0.318569
10.4243 10.8328 0.318569
10.4243 10.8328 0.318569
10.4243 10.8328 0.318569
10.7396 10.7981 0.297456
10.7396 10.7981 0.297456
7.30296 7.73336 0.329273
7.30296 7.73336 0.329273
7.30296 7.73336 0.329273
7.30296 7.73336 0.329273
7.30296 7.73336 0.329273
7.30296 7.73336 0.329273
7.30296 7.73336 0.329273
7.30296 7.73336 0.329273
7.30296 7.73336 0.329273
7.30296 7.73336 0.329273
7.30296 7.73336 0.329273
7.8534 7.72266 0.320192
7.8534 7.72266 0.320192
7.8534 7.72266 0.320192
7.8534 7.72266 0.320192
7.8534 7.72266 0.320192
7.8534 7.72266 0.320192
7.8534 7.72266 0.320192
7.8534 7.72266 0.320192
7.8534 7.72266 0.320192
7.8534 7.72266 0.320192
7.8534 7.72266 0.320192
7.8534 7.72266 0.320192
7.8534 7.72266 0.320192
7.8534 7.72266 0.320192
7.8534 7.72266 0.320192
7.8534 7.72266 0.320192
7.8534 7.72266 0.320192
7.46055 7.45275 0.316035
7.46055 7.45275 0.316035
7.46055 7.45275 0.316035
