20.0178 20.4241 0.266637
16.0716 15.1602 0.320489
26.021 26.1224 0.208988
41.1375 41.4924 0.200151
26.021 26.1224 0.208988
34.8305 35.2595 0.187659
23.8977 23.9878 0.245892
32.7507 33.5131 0.205309
34.8305 35.2595 0.187659
6.26297 5.93353 0.0169025
15.8208 16.3301 0.271449
12.3333 12.2331 0.325817
10.3561 10.7326 0.298809
16.2032 15.9965 0.292768
9.877 9.52748 0.313101
38.9423 39.7047 0.170971
16.4344 16.8535 0.281515
25.1179 25.0261 0.255791
27.8416 27.4015 0.222687
24.9557 25.0914 0.247399
43.1548 43.42 0.182579
25.4012 25.2057 0.261885
18.7999 18.9012 0.250393
10.3423 9.90214 0.291107
26.4694 26.3968 0.239085
44.2958 44.3521 0.172998
32.4712 32.1817 0.219636
11.3271 11.9821 0.313649
31.4839 31.8388 0.201705
33.0018 32.7119 0.211183
22.8236 22.4544 0.277171
6.29217 6.34845 0.315809
41.5418 41.3738 0.193268
9.75382 8.97282 0.30782
22.9475 22.7795 0.264937
16.0716 15.1602 0.320489
30.1396 30.0621 0.220823
44.1106 43.6705 0.163599
11.9624 12.0525 0.304642
43.096 42.4862 0.174503
24.292 24.0593 0.240379
9.98836 9.22669 0.294127
10.4728 10.266 0.299113
27.8771 27.9785 0.21889
36.8631 37.1039 0.180969
13.3332 13.3111 0.296966
26.1582 26.495 0.24146
11.3271 11.9821 0.313649
14.9555 14.2265 0.292377
10.4728 10.266 0.299113
43.0667 42.8775 0.17964
15.2874 15.567 0.284193
19.3748 19.0055 0.275815
11.2885 11.4187 0.317347
25.4012 25.2057 0.261885
39.1965 39.4617 0.170135
10.7197 10.6194 0.333591
38.3017 38.1497 0.195111
16.0671 16.1685 0.259438
12.8201 13.2115 0.301444
12.8201 13.2115 0.301444
9.22828 9.25309 0.302213
18.7999 18.9012 0.250393
20.743 20.5869 0.243734
20.8324 20.6257 0.259427
10.5339 11.1495 0.291346
7.76867 7.80736 0.344634
29.9934 29.9446 0.211972
10.1126 10.2139 0.294161
14.6298 14.9667 0.282827
23.8199 24.1749 0.259081
11.3528 11.3776 0.301853
39.4741 38.6931 0.161252
32.7507 33.5131 0.205309
10.347 10.3249 0.309636
6.41059 6.44927 0.336636
10.1126 10.2139 0.294161
26.4694 26.3968 0.239085
37.2678 37.176 0.217052
43.2851 42.5545 0.18507
25.0807 24.9126 0.253234
29.131 29.149 0.230373
16.4344 16.8535 0.281515
26.1582 26.495 0.24146
6.12699 6.26278 -0.00087697
19.7941 19.8212 0.28284
33.5424 33.9338 0.2171
38.6738 39.4068 0.194089
13.3332 13.3111 0.296966
24.9557 25.0914 0.247399
34.8278 34.8749 0.19265
16.885 17.6768 0.27464
24.6296 25.1389 0.246413
23.631 23.794 0.277553
31.4839 31.8388 0.201705
6.41059 6.44927 0.336636
28.6233 28.1023 0.223838
33.5424 33.9338 0.2171
39.0225 39.5091 0.159494
12.8201 13.2115 0.301444
6.43119 6.99943 0.309226
6.43119 6.99943 0.309226
6.43119 6.99943 0.309226
6.43119 6.99943 0.309226
6.43119 6.99943 0.309226
6.43119 6.99943 0.309226
6.43119 6.99943 0.309226
6.43119 6.99943 0.309226
6.43119 6.99943 0.309226
6.43119 6.99943 0.309226
6.43119 6.99943 0.309226
6.43119 6.99943 0.309226
6.43119 6.99943 0.309226
6.43119 6.99943 0.309226
6.43119 6.99943 0.309226
6.43119 6.99943 0.309226
6.43119 6.99943 0.309226
6.43119 6.99943 0.309226
6.43119 6.99943 0.309226
6.43119 6.99943 0.309226
6.41839 6.21889 0.303863
6.41839 6.21889 0.303863
6.41839 6.21889 0.303863
6.41839 6.21889 0.303863
6.41839 6.21889 0.303863
6.41839 6.21889 0.303863
6.41839 6.21889 0.303863
6.41839 6.21889 0.303863
6.41839 6.21889 0.303863
6.41839 6.21889 0.303863
6.41839 6.21889 0.303863
6.41839 6.21889 0.303863
6.41839 6.21889 0.303863
6.41839 6.21889 0.303863
6.41839 6.21889 0.303863
6.41839 6.21889 0.303863
6.41839 6.21889 0.303863
6.41839 6.21889 0.303863
6.41839 6.21889 0.303863
6.41839 6.21889 0.303863
6.41839 6.21889 0.303863
6.41839 6.21889 0.303863
6.41839 6.21889 0.303863
6.41839 6.21889 0.303863
6.41839 6.21889 0.303863
6.41839 6.21889 0.303863
6.41839 6.21889 0.303863
15.2321 15.5147 0.279469
15.2321 15.5147 0.279469
15.2321 15.5147 0.279469
15.2321 15.5147 0.279469
15.2321 15.5147 0.279469
15.2321 15.5147 0.279469
15.2321 15.5147 0.279469
15.2321 15.5147 0.279469
15.2321 15.5147 0.279469
15.2321 15.5147 0.279469
15.2321 15.5147 0.279469
15.2321 15.5147 0.279469
15.2321 15.5147 0.279469
15.2321 15.5147 0.279469
15.2321 15.5147 0.279469
15.6752 15.1607 0.302614
15.6752 15.1607 0.302614
15.6752 15.1607 0.302614
15.6752 15.1607 0.302614
15.6752 15.1607 0.302614
15.6752 15.1607 0.302614
15.6752 15.1607 0.302614
15.6752 15.1607 0.302614
15.2809 15.4241 0.293104
15.2809 15.4241 0.293104
15.2809 15.4241 0.293104
15.2809 15.4241 0.293104
15.2809 15.4241 0.293104
15.2809 15.4241 0.293104
15.8017 15.5708 0.289533
15.8017 15.5708 0.289533
15.8017 15.5708 0.289533
15.8017 15.5708 0.289533
15.8017 15.5708 0.289533
15.8017 15.5708 0.289533
15.8017 15.5708 0.289533
15.1729 15.2234 0.280609
15.1729 15.2234 0.280609
15.1729 15.2234 0.280609
15.1729 15.2234 0.280609
15.1729 15.2234 0.280609
15.1729 15.2234 0.280609
15.1729 15.2234 0.280609
15.1729 15.2234 0.280609
15.1729 15.2234 0.280609
15.1729 15.2234 0.280609
15.1729 15.2234 0.280609
15.1729 15.2234 0.280609
15.1729 15.2234 0.280609
15.1729 15.2234 0.280609
15.1729 15.2234 0.280609
15.1729 15.2234 0.280609
15.1729 15.2234 0.280609
11.3597 11.8577 0.311736
11.3597 11.8577 0.311736
11.3597 11.8577 0.311736
11.3597 11.8577 0.311736
11.3597 11.8577 0.311736
11.3597 11.8577 0.311736
11.3597 11.8577 0.311736
11.3597 11.8577 0.311736
11.3597 11.8577 0.311736
11.3597 11.8577 0.311736
11.3597 11.8577 0.311736
11.3597 11.8577 0.311736
11.3597 11.8577 0.311736
11.3597 11.8577 0.311736
11.3597 11.8577 0.311736
11.3597 11.8577 0.311736
11.3597 11.8577 0.311736
11.3597 11.8577 0.311736
11.3597 11.8577 0.311736
11.3597 11.8577 0.311736
11.3597 11.8577 0.311736
11.3597 11.8577 0.311736
11.3597 11.8577 0.311736
11.3597 11.8577 0.311736
11.3597 11.8577 0.311736
11.6668 11.6859 0.309371
11.6668 11.6859 0.309371
11.6668 11.6859 0.309371
11.6668 11.6859 0.309371
11.6668 11.6859 0.309371
11.6668 11.6859 0.309371
11.6668 11.6859 0.309371
11.6668 11.6859 0.309371
11.6668 11.6859 0.309371
12.0131 12.3857 0.319949
12.0131 12.3857 0.319949
12.0131 12.3857 0.319949
12.0131 12.3857 0.319949
12.0131 12.3857 0.319949
12.0131 12.3857 0.319949
12.0131 12.3857 0.319949
12.0131 12.3857 0.319949
12.0131 12.3857 0.319949
12.0131 12.3857 0.319949
12.0131 12.3857 0.319949
12.0131 12.3857 0.319949
12.0131 12.3857 0.319949
12.4382 11.6715 0.320438
12.4382 11.6715 0.320438
12.4382 11.6715 0.320438
12.4382 11.6715 0.320438
12.4382 11.6715 0.320438
12.4382 11.6715 0.320438
12.4382 11.6715 0.320438
12.4382 11.6715 0.320438
12.4382 11.6715 0.320438
12.4382 11.6715 0.320438
12.4382 11.6715 0.320438
12.4382 11.6715 0.320438
12.4382 11.6715 0.320438
12.4382 11.6715 0.320438
12.4382 11.6715 0.320438
12.4382 11.6715 0.320438
12.4382 11.6715 0.320438
12.4382 11.6715 0.320438
12.4382 11.6715 0.320438
12.4382 11.6715 0.320438
12.4382 11.6715 0.320438
12.4382 11.6715 0.320438
12.4382 11.6715 0.320438
12.4382 11.6715 0.320438
12.4382 11.6715 0.320438
12.4382 11.6715 0.320438
12.4382 11.6715 0.320438
12.4382 11.6715 0.320438
12.4382 11.6715 0.320438
12.4382 11.6715 0.320438
11.8554 11.5586 0.319719
11.8554 11.5586 0.319719
11.8554 11.5586 0.319719
11.8554 11.5586 0.319719
11.8554 11.5586 0.319719
11.8554 11.5586 0.319719
11.8554 11.5586 0.319719
39.8478 40.0738 0.185269
40.3252 39.8691 0.189566
39.616 39.9484 0.171767
39.616 39.9484 0.171767
39.7968 40.2322 0.167918
39.7968 40.2322 0.167918
39.7968 40.2322 0.167918
40.0071 39.7647 0.171978
40.0071 39.7647 0.171978
40.0071 39.7647 0.171978
40.0071 39.7647 0.171978
40.1024 39.8519 0.155634
40.1024 39.8519 0.155634
40.1024 39.8519 0.155634
40.1024 39.8519 0.155634
40.1024 39.8519 0.155634
