32.9867 32.975 0.19424
36.701 36.6893 0.183929
59.2579 58.8178 0.0989011
11.9624 12.0525 0.304642
7.76867 7.80736 0.344634
22.2132 21.7731 0.255546
6.26867 7.09974 0.304316
15.5643 15.9557 0.307769
15.2874 15.567 0.284193
22.9475 22.7795 0.264937
43.2699 43.0371 0.174635
39.0853 38.7607 0.172277
9.75382 8.97282 0.30782
39.2625 39.2138 0.168559
41.8668 41.699 0.176667
58.355 58.3798 0.149322
14.7453 14.6678 0.281354
44.6577 44.5851 0.170055
41.8668 41.699 0.176667
58.5135 58.3454 0.156592
16.5589 16.1939 0.25512
18.8795 19.3555 0.261025
61.3361 61.3031 0.112386
25.4012 25.2057 0.261885
36.701 36.6893 0.183929
19.2348 18.4538 0.256467
36.701 36.6893 0.183929
30.6947 30.7218 0.218197
30.6947 30.7218 0.218197
14.0762 13.8435 0.277601
16.3974 16.354 0.296558
6.41059 6.44927 0.336636
44.6577 44.5851 0.170055
45.4805 44.9546 0.170597
15.8208 16.3301 0.271449
18.298 17.9685 0.298419
70.5465 70.943 0.125661
38.4472 38.2726 0.195964
62.08 62.8719 0.116802
26.4694 26.3968 0.239085
61.3361 61.3031 0.112386
36.701 36.6893 0.183929
27.8771 27.9785 0.21889
44.6577 44.5851 0.170055
58.8384 58.6706 0.139991
45.1737 44.9782 0.181866
49.7982 50.4138 0.148467
7.76867 7.80736 0.344634
62.1488 62.5402 0.122657
43.0996 42.8668 0.157726
22.4534 22.2854 0.27058
15.2874 15.567 0.284193
66.1267 66.3911 0.115324
15.8888 15.7885 0.324489
72.0357 71.3051 0.119473
10.1509 9.62505 0.317959
14.6298 14.9667 0.282827
63.599 62.8684 0.130623
10.3423 9.90214 0.291107
16.0716 15.1602 0.320489
31.9523 31.9993 0.190278
11.3271 11.9821 0.313649
24.0654 23.9651 0.270039
16.0716 15.1602 0.320489
33.9152 34.2175 0.219411
47.9736 48.4045 0.178382
61.8299 61.4606 0.134521
13.6923 13.3428 0.288881
49.7962 49.5064 0.166098
44.8058 45.071 0.16934
32.9867 32.975 0.19424
25.9579 26.0593 0.228832
16.0587 15.7292 0.318592
11.9624 12.0525 0.304642
59.8474 59.6523 0.116285
16.5589 16.1939 0.25512
51.1282 51.465 0.144909
16.3974 16.354 0.296558
10.3561 10.7326 0.298809
20.0178 20.4241 0.266637
11.3271 11.9821 0.313649
6.41059 6.44927 0.336636
24.292 24.0593 0.240379
26.704 27.0953 0.228099
54.5364 54.5612 0.146934
10.6001 10.8645 0.309277
60.9763 61.3677 0.129052
24.9557 25.0914 0.247399
18.8795 19.3555 0.261025
27.4563 27.4745 0.214933
15.8208 16.3301 0.271449
26.4588 26.3875 0.24176
17.4042 17.8942 0.284772
39.0225 39.5091 0.159494
16.5589 16.1939 0.25512
10.5339 11.1495 0.291346
26.4694 26.3968 0.239085
15.8888 15.7885 0.324489
44.3698 44.7611 0.174337
14.9555 14.2265 0.292377
26.3535 26.1745 0.239939
27.365 27.1761 0.229114
27.365 27.1761 0.229114
27.365 27.1761 0.229114
27.365 27.1761 0.229114
27.365 27.1761 0.229114
27.365 27.1761 0.229114
27.365 27.1761 0.229114
27.365 27.1761 0.229114
27.365 27.1761 0.229114
27.365 27.1761 0.229114
27.365 27.1761 0.229114
27.1458 27.1785 0.22035
27.1458 27.1785 0.22035
27.1458 27.1785 0.22035
27.1458 27.1785 0.22035
27.1458 27.1785 0.22035
27.1458 27.1785 0.22035
27.1458 27.1785 0.22035
27.1458 27.1785 0.22035
27.1458 27.1785 0.22035
27.1458 27.1785 0.22035
27.1458 27.1785 0.22035
27.1458 27.1785 0.22035
27.1458 27.1785 0.22035
27.1458 27.1785 0.22035
27.1458 27.1785 0.22035
27.1458 27.1785 0.22035
27.1458 27.1785 0.22035
27.1458 27.1785 0.22035
27.1458 27.1785 0.22035
27.1458 27.1785 0.22035
27.1458 27.1785 0.22035
27.1458 27.1785 0.22035
27.1458 27.1785 0.22035
27.1458 27.1785 0.22035
27.1458 27.1785 0.22035
27.1458 27.1785 0.22035
27.1458 27.1785 0.22035
27.1458 27.1785 0.22035
27.1458 27.1785 0.22035
27.1458 27.1785 0.22035
27.1458 27.1785 0.22035
27.1458 27.1785 0.22035
27.1458 27.1785 0.22035
27.1458 27.1785 0.22035
27.1458 27.1785 0.22035
27.1458 27.1785 0.22035
27.1458 27.1785 0.22035
27.1458 27.1785 0.22035
27.1458 27.1785 0.22035
27.1458 27.1785 0.22035
27.1458 27.1785 0.22035
27.1458 27.1785 0.22035
27.1458 27.1785 0.22035
27.1458 27.1785 0.22035
27.1458 27.1785 0.22035
27.1458 27.1785 0.22035
27.1458 27.1785 0.22035
27.1458 27.1785 0.22035
27.1458 27.1785 0.22035
27.1458 27.1785 0.22035
27.1458 27.1785 0.22035
34.9038 34.4298 0.200608
34.8573 34.5903 0.200863
34.8573 34.5903 0.200863
34.8573 34.5903 0.200863
34.8573 34.5903 0.200863
34.8573 34.5903 0.200863
34.8573 34.5903 0.200863
34.8573 34.5903 0.200863
34.8573 34.5903 0.200863
34.8573 34.5903 0.200863
34.8573 34.5903 0.200863
34.8573 34.5903 0.200863
34.8573 34.5903 0.200863
34.8573 34.5903 0.200863
34.8573 34.5903 0.200863
34.8573 34.5903 0.200863
34.6111 34.8255 0.193607
34.6111 34.8255 0.193607
34.6111 34.8255 0.193607
34.6111 34.8255 0.193607
34.6111 34.8255 0.193607
34.6111 34.8255 0.193607
34.6111 34.8255 0.193607
34.6111 34.8255 0.193607
34.6111 34.8255 0.193607
34.6111 34.8255 0.193607
34.6111 34.8255 0.193607
34.6111 34.8255 0.193607
35.1037 34.778 0.213519
35.1037 34.778 0.213519
35.1037 34.778 0.213519
35.1037 34.778 0.213519
35.1037 34.778 0.213519
35.1037 34.778 0.213519
34.7491 34.7052 0.201558
34.7491 34.7052 0.201558
34.7491 34.7052 0.201558
13.4188 13.5186 0.310817
13.4188 13.5186 0.310817
13.4188 13.5186 0.310817
13.4188 13.5186 0.310817
13.4188 13.5186 0.310817
13.4188 13.5186 0.310817
13.4188 13.5186 0.310817
13.4188 13.5186 0.310817
13.5131 13.7909 0.293063
13.5131 13.7909 0.293063
13.3419 13.5294 0.290597
13.3419 13.5294 0.290597
13.3419 13.5294 0.290597
13.3419 13.5294 0.290597
13.3419 13.5294 0.290597
13.3419 13.5294 0.290597
13.3419 13.5294 0.290597
13.3419 13.5294 0.290597
13.3419 13.5294 0.290597
13.3419 13.5294 0.290597
13.3419 13.5294 0.290597
13.3419 13.5294 0.290597
13.3419 13.5294 0.290597
13.3419 13.5294 0.290597
13.3419 13.5294 0.290597
13.3419 13.5294 0.290597
13.5463 13.1839 0.293575
13.5463 13.1839 0.293575
13.5463 13.1839 0.293575
13.5463 13.1839 0.293575
13.5463 13.1839 0.293575
13.5463 13.1839 0.293575
13.5463 13.1839 0.293575
13.6045 12.9097 0.304546
13.6045 12.9097 0.304546
13.6045 12.9097 0.304546
13.6045 12.9097 0.304546
13.6045 12.9097 0.304546
13.6045 12.9097 0.304546
13.6045 12.9097 0.304546
13.6045 12.9097 0.304546
13.6045 12.9097 0.304546
13.6045 12.9097 0.304546
13.6045 12.9097 0.304546
13.6045 12.9097 0.304546
13.6045 12.9097 0.304546
13.6045 12.9097 0.304546
13.6045 12.9097 0.304546
13.6045 12.9097 0.304546
13.6045 12.9097 0.304546
13.6045 12.9097 0.304546
13.6045 12.9097 0.304546
13.6045 12.9097 0.304546
13.6045 12.9097 0.304546
13.6045 12.9097 0.304546
13.6045 12.9097 0.304546
13.6045 12.9097 0.304546
13.6045 12.9097 0.304546
13.6045 12.9097 0.304546
13.6045 12.9097 0.304546
13.6045 12.9097 0.304546
13.6045 12.9097 0.304546
13.4586 13.5659 0.301516
13.4586 13.5659 0.301516
13.4586 13.5659 0.301516
13.4586 13.5659 0.301516
13.4586 13.5659 0.301516
13.4586 13.5659 0.301516
13.4586 13.5659 0.301516
13.4586 13.5659 0.301516
13.1607 13.6646 0.298262
13.1607 13.6646 0.298262
13.1607 13.6646 0.298262
13.1607 13.6646 0.298262
13.1607 13.6646 0.298262
13.1607 13.6646 0.298262
13.1607 13.6646 0.298262
13.1607 13.6646 0.298262
13.1607 13.6646 0.298262
13.1607 13.6646 0.298262
13.1607 13.6646 0.298262
13.1607 13.6646 0.298262
13.1607 13.6646 0.298262
13.1607 13.6646 0.298262
13.1607 13.6646 0.298262
13.1607 13.6646 0.298262
13.1607 13.6646 0.298262
13.1607 13.6646 0.298262
13.1607 13.6646 0.298262
13.1607 13.6646 0.298262
13.1607 13.6646 0.298262
13.1607 13.6646 0.298262
13.1607 13.6646 0.298262
13.1607 13.6646 0.298262
13.1607 13.6646 0.298262
13.1607 13.6646 0.298262
13.1607 13.6646 0.298262
13.1607 13.6646 0.298262
13.1607 13.6646 0.298262
13.1607 13.6646 0.298262
