7.60218 8.07823 0.315797
7.92799 6.83827 0.338269
6.1631 6.81809 0.32597
6.31616 5.70639 0.00991534
5.84763 6.20259 0.0118414
8.14265 7.1191 0.317752
7.82343 7.66877 0.30474
8.79629 8.64163 0.299707
7.64894 8.05518 0.34052
8.62957 9.24518 0.309612
9.62661 9.28876 0.329975
9.68393 9.50929 0.321108
6.26677 6.11479 0.00463575
7.42567 8.18807 0.320959
7.76867 7.80736 0.344634
7.67237 8.16233 0.33484
8.73786 8.23677 0.314017
7.32288 7.86367 0.329727
8.47702 8.90792 0.315742
8.07652 7.88142 0.326346
6.31616 5.70639 0.00991534
6.46883 6.48691 -0.00085994
9.45805 9.44635 0.30647
9.84419 9.64871 0.329229
8.47702 8.90792 0.315742
8.78117 8.44332 0.333806
6.21688 7.0087 0.298735
8.47849 8.40586 0.311079
7.22063 7.98632 0.332594
7.09037 6.36129 0.306814
8.12892 7.95808 0.316534
7.95032 8.43693 0.305142
7.2269 8.05797 0.324845
7.67994 7.94511 0.320122
9.69113 9.57091 0.318918
6.64404 6.77983 0.297633
6.0564 5.53544 0.309091
6.62413 6.67677 0.295468
6.41141 5.80163 0.326401
6.47821 5.95725 0.291115
6.29217 6.34845 0.315809
5.79507 6.58689 0.31671
8.89502 8.9131 0.31859
8.14265 7.1191 0.317752
6.87931 6.35343 0.00233969
8.21252 8.69956 0.305264
7.76949 7.15972 0.334398
6.41392 6.84292 0.31191
6.94883 6.18717 0.306088
6.98588 7.00396 0.29765
9.75321 9.82333 0.314131
6.41392 6.84292 0.31191
9.59136 9.35862 0.308758
9.62012 9.86091 0.303511
9.64173 9.48707 0.295876
6.41392 6.84292 0.31191
6.31814 6.16202 -0.0246146
6.20339 6.819 -0.00983748
9.27978 8.51811 0.309053
7.64894 8.05518 0.34052
6.41392 6.84292 0.31191
5.69709 6.03396 0.315266
6.41059 6.44927 0.336636
8.47849 8.40586 0.311079
6.76462 7.10149 0.297264
6.34849 6.58928 -0.0121085
6.41392 6.84292 0.31191
6.46883 6.48691 -0.00085994
6.26677 6.11479 0.00463575
9.877 9.52748 0.313101
6.31616 5.70639 0.00991534
6.20232 6.25496 0.313444
7.76934 7.81639 0.324898
9.46724 9.87348 0.331656
6.29217 6.34845 0.315809
7.39637 6.87048 0.30085
5.69709 6.03396 0.315266
7.67994 7.94511 0.320122
6.76462 7.10149 0.297264
5.95039 6.71278 0.00192008
9.00312 8.8353 0.307807
7.77147 7.61535 0.299868
7.61602 7.31827 0.33375
6.82873 6.32764 0.293077
6.1631 6.81809 0.32597
7.09037 6.36129 0.306814
8.62957 9.24518 0.309612
6.17317 6.44682 0.306846
7.19868 7.96436 0.338038
6.34849 6.58928 -0.0121085
8.12115 7.83132 0.322493
7.86086 7.6541 0.315561
9.11926 9.47421 0.32746
8.04784 7.85237 0.332648
9.62661 9.28876 0.329975
6.92935 6.75472 0.303999
6.31797 6.82728 0.296647
8.62764 8.33782 0.327244
5.88158 6.36862 0.302299
5.79507 6.58689 0.31671
7.48395 7.97057 0.314926
7.56041 7.61305 0.321442
7.56041 7.61305 0.321442
8.05457 7.85946 0.331791
7.7163 7.38686 0.341386
7.74255 7.65081 0.331998
7.05517 7.39204 0.323263
7.05517 7.39204 0.323263
7.05517 7.39204 0.323263
7.05517 7.39204 0.323263
8.30692 7.54525 0.314086
8.30692 7.54525 0.314086
7.25425 7.76356 0.32262
8.12892 7.95808 0.316534
7.54643 7.44617 0.347282
7.54643 7.44617 0.347282
7.77147 7.61535 0.299868
7.77147 7.61535 0.299868
7.63976 7.62805 0.315334
7.76867 7.80736 0.344634
7.76867 7.80736 0.344634
7.76867 7.80736 0.344634
7.46882 7.93942 0.329796
7.46882 7.93942 0.329796
7.46882 7.93942 0.329796
7.65025 7.70654 0.323806
7.47168 7.7051 0.325318
7.47168 7.7051 0.325318
7.47168 7.7051 0.325318
7.47168 7.7051 0.325318
7.47168 7.7051 0.325318
7.22196 7.61332 0.330563
7.22196 7.61332 0.330563
7.46508 7.02495 0.314407
7.46508 7.02495 0.314407
7.77306 7.54032 0.317622
7.77306 7.54032 0.317622
7.77306 7.54032 0.317622
7.77306 7.54032 0.317622
7.77306 7.54032 0.317622
7.77306 7.54032 0.317622
7.77306 7.54032 0.317622
7.82343 7.66877 0.30474
7.87283 7.75261 0.327782
7.48255 7.6128 0.337665
7.48255 7.6128 0.337665
7.48255 7.6128 0.337665
7.48255 7.6128 0.337665
7.65799 7.92316 0.325567
7.65799 7.92316 0.325567
7.65799 7.92316 0.325567
7.65799 7.92316 0.325567
7.80182 8.04261 0.312375
7.80182 8.04261 0.312375
7.86788 8.28699 0.332686
7.72925 6.81784 0.343283
7.72925 6.81784 0.343283
7.67237 8.16233 0.33484
7.67237 8.16233 0.33484
7.76949 7.15972 0.334398
7.76949 7.15972 0.334398
7.76949 7.15972 0.334398
6.5354 6.76883 0.299344
6.5354 6.76883 0.299344
6.5354 6.76883 0.299344
6.28568 6.67704 0.30459
6.88434 6.97447 0.283914
6.26867 7.09974 0.304316
6.26867 7.09974 0.304316
6.78382 6.63184 0.303146
6.88715 6.73249 0.278767
6.88715 6.73249 0.278767
6.54627 6.67652 0.311692
6.64545 6.61244 0.287923
6.64545 6.61244 0.287923
6.64545 6.61244 0.287923
6.86554 7.10633 0.286401
6.72044 7.33605 0.288672
6.72044 7.33605 0.288672
6.72044 7.33605 0.288672
6.72044 7.33605 0.288672
6.01834 6.25177 0.000834648
6.01834 6.25177 0.000834648
6.01834 6.25177 0.000834648
6.01174 5.57162 -0.0100762
6.62219 6.2529 0.0115487
6.62219 6.2529 0.0115487
6.62219 6.2529 0.0115487
6.26677 6.11479 0.00463575
6.26677 6.11479 0.00463575
6.26677 6.11479 0.00463575
6.26677 6.11479 0.00463575
6.26677 6.11479 0.00463575
6.3701 6.21544 -0.019743
6.3701 6.21544 -0.019743
6.60168 6.55829 -0.00513132
6.60168 6.55829 -0.00513132
6.12699 6.26278 -0.00087697
6.12699 6.26278 -0.00087697
6.12699 6.26278 -0.00087697
8.35146 8.44134 0.312092
8.35146 8.44134 0.312092
7.86097 8.78188 0.313352
8.21757 8.70599 0.320638
8.43196 8.70138 0.332231
8.43196 8.70138 0.332231
8.43196 8.70138 0.332231
8.43196 8.70138 0.332231
8.78724 8.72352 0.313309
8.78724 8.72352 0.313309
8.78724 8.72352 0.313309
8.64735 8.80978 0.31194
8.64735 8.80978 0.31194
8.64735 8.80978 0.31194
8.64735 8.80978 0.31194
8.64735 8.80978 0.31194
8.61822 8.56488 0.313098
8.56594 8.59653 0.330896
8.81696 9.10512 0.304672
8.81696 9.10512 0.304672
8.81696 9.10512 0.304672
8.44051 8.66173 0.326942
8.44051 8.66173 0.326942
8.46309 8.34639 0.311967
8.79827 8.37441 0.308724
8.68196 8.70223 0.315358
8.68196 8.70223 0.315358
8.68196 8.70223 0.315358
8.72058 8.95254 0.336955
8.61074 9.12922 0.303648
8.61074 9.12922 0.303648
8.31781 8.54895 0.316781
9.35572 8.73127 0.308434
9.35572 8.73127 0.308434
9.35572 8.73127 0.308434
8.69913 8.89018 0.314056
8.64738 8.98346 0.324319
8.64492 9.14492 0.342374
8.48279 8.77826 0.312086
8.48279 8.77826 0.312086
8.81099 8.73649 0.322922
8.61784 8.3728 0.309298
8.72156 9.06631 0.313244
8.79947 8.80294 0.299629
8.28497 8.69976 0.320238
8.58892 8.98153 0.334366
8.36591 8.39318 0.327614
8.36591 8.39318 0.327614
8.36591 8.39318 0.327614
8.40283 8.76268 0.301452
8.40283 8.76268 0.301452
9.24252 8.74494 0.324627
8.75744 8.26416 0.307891
8.43696 8.44592 0.321786
8.43696 8.44592 0.321786
8.43696 8.44592 0.321786
8.23406 8.81449 0.3128
8.23406 8.81449 0.3128
8.58327 8.22036 0.29321
9.19731 8.80154 0.349125
9.19731 8.80154 0.349125
8.79498 8.66958 0.327762
8.79498 8.66958 0.327762
8.66302 8.37025 0.315487
8.72266 8.58139 0.313771
8.57649 7.99941 0.334616
8.57649 7.99941 0.334616
8.82186 8.67718 0.318251
8.82186 8.67718 0.318251
8.82186 8.67718 0.318251
8.83492 8.60247 0.316365
8.77799 9.08344 0.318898
8.46496 8.86737 0.320366
8.98427 9.25566 0.326197
8.50825 8.15189 0.329212
8.7469 8.51162 0.32587
8.7469 8.51162 0.32587
8.7469 8.51162 0.32587
8.44866 8.26377 0.32377
8.75025 8.57189 0.30703
8.6053 8.85197 0.311118
8.6053 8.85197 0.311118
8.6053 8.85197 0.311118
8.6053 8.85197 0.311118
8.71922 8.456 0.325491
8.71922 8.456 0.325491
8.71922 8.456 0.325491
8.27129 8.70318 0.305994
8.71667 8.66586 0.320675
8.64274 8.63754 0.311629
8.64274 8.63754 0.311629
8.64274 8.63754 0.311629
8.58702 8.63843 0.323027
8.99723 8.24628 0.32118
8.86351 8.87256 0.321769
8.86351 8.87256 0.321769
8.86351 8.87256 0.321769
8.68395 8.33892 0.311003
8.77736 8.57556 0.320423
8.77736 8.57556 0.320423
8.77736 8.57556 0.320423
8.77736 8.57556 0.320423
8.77736 8.57556 0.320423
8.66879 8.30445 0.3244
8.66879 8.30445 0.3244
8.35597 8.57743 0.322322
8.35597 8.57743 0.322322
8.32064 8.59676 0.313571
8.32064 8.59676 0.313571
8.32064 8.59676 0.313571
8.32064 8.59676 0.313571
8.61896 8.26481 0.305724
8.61896 8.26481 0.305724
8.70965 9.02255 0.31155
8.25524 8.53292 0.348543
8.25524 8.53292 0.348543
8.28729 8.81707 0.338386
8.57798 8.63708 0.318926
8.75894 8.4538 0.323583
8.72515 8.14746 0.318369
8.5099 9.1523 0.313821
8.5099 9.1523 0.313821
8.34215 9.05572 0.325648
8.34215 9.05572 0.325648
8.52297 8.66257 0.332726
9.11323 8.8263 0.315751
9.11323 8.8263 0.315751
8.52621 8.81039 0.329877
8.88428 8.77002 0.333313
8.88428 8.77002 0.333313
8.98311 9.04594 0.297332
8.79255 8.82812 0.318329
8.79255 8.82812 0.318329
9.12746 8.67306 0.314356
9.12746 8.67306 0.314356
8.85297 8.40926 0.318449
8.65166 8.42693 0.304236
8.44746 8.96081 0.337456
8.65075 8.52847 0.314221
8.82725 8.57112 0.302075
8.5251 8.01321 0.307354
8.52441 8.76461 0.313544
8.83662 9.27355 0.304338
8.83662 9.27355 0.304338
8.64915 9.02698 0.291996
8.89546 8.64134 0.329511
8.89546 8.64134 0.329511
8.50859 8.91737 0.315821
8.50859 8.91737 0.315821
8.70603 8.21895 0.326977
8.78457 8.7385 0.32335
8.78457 8.7385 0.32335
8.57285 9.14248 0.339881
8.57285 9.14248 0.339881
8.35181 8.77807 0.31486
8.77491 8.26215 0.322744
8.77491 8.26215 0.322744
8.23801 9.19105 0.317012
8.95356 9.05238 0.31581
9.28102 8.85863 0.326861
9.14362 9.01742 0.309188
8.29184 8.13355 0.31689
8.29184 8.13355 0.31689
8.30185 8.91143 0.311244
8.43965 8.69767 0.314685
8.43965 8.69767 0.314685
8.62009 8.79158 0.324009
7.90465 8.64271 0.324335
7.90465 8.64271 0.324335
8.82217 8.79745 0.316372
8.51281 8.77592 0.327239
8.75062 8.58779 0.304067
8.73954 9.02063 0.329648
8.73954 9.02063 0.329648
8.41444 9.03808 0.333682
8.78905 8.41477 0.311058
8.78905 8.41477 0.311058
8.78905 8.41477 0.311058
8.63951 8.82165 0.312297
8.63951 8.82165 0.312297
8.63951 8.82165 0.312297
8.30984 8.35057 0.3267
8.62066 8.68554 0.334383
8.63373 8.75328 0.318476
8.63373 8.75328 0.318476
9.35411 8.58705 0.320749
9.35411 8.58705 0.320749
9.35411 8.58705 0.320749
8.44599 8.36368 0.33281
8.53047 8.61274 0.345006
8.4075 8.42109 0.315291
8.4075 8.42109 0.315291
8.4075 8.42109 0.315291
8.745 8.6465 0.316114
8.57376 8.34451 0.326638
8.67788 8.896 0.331115
8.67788 8.896 0.331115
9.0628 8.55061 0.31421
9.0628 8.55061 0.31421
8.99522 8.65752 0.302664
8.49887 8.83994 0.315494
8.58809 8.64544 0.300103
8.48871 8.27333 0.322815
9.00716 8.90858 0.333562
9.0061 9.02384 0.311551
9.0061 9.02384 0.311551
9.0061 9.02384 0.311551
8.97041 8.68967 0.335224
8.97041 8.68967 0.335224
8.82252 8.98209 0.317027
8.85699 8.80281 0.33034
8.72728 8.95948 0.316439
9.11282 8.68493 0.316317
9.11282 8.68493 0.316317
8.49769 8.36679 0.307911
8.62647 8.82547 0.324869
9.11569 9.17644 0.330871
9.11569 9.17644 0.330871
9.11569 9.17644 0.330871
9.11569 9.17644 0.330871
8.20864 8.17038 0.306233
9.05144 8.55534 0.328004
8.61723 8.46899 0.323279
8.61723 8.46899 0.323279
8.61723 8.46899 0.323279
8.32995 9.37565 0.319719
8.32995 9.37565 0.319719
8.75933 9.02609 0.324867
8.75933 9.02609 0.324867
8.62851 8.86027 0.314022
8.62851 8.86027 0.314022
9.2071 8.17515 0.330013
8.59129 8.40591 0.327063
8.59129 8.40591 0.327063
8.59129 8.40591 0.327063
8.59129 8.40591 0.327063
8.59129 8.40591 0.327063
9.33999 8.13645 0.300943
9.33999 8.13645 0.300943
8.65263 8.64907 0.31035
8.46672 8.71645 0.322207
8.74457 8.90671 0.32788
8.11729 9.23216 0.311062
9.04738 8.75449 0.322037
9.04738 8.75449 0.322037
9.18221 8.76517 0.31169
8.77854 9.0004 0.323638
8.4235 8.70448 0.316291
8.4235 8.70448 0.316291
8.4235 8.70448 0.316291
8.4235 8.70448 0.316291
8.4235 8.70448 0.316291
9.01558 8.20946 0.31615
8.92699 8.86882 0.299615
8.806 9.00196 0.31981
8.806 9.00196 0.31981
8.806 9.00196 0.31981
8.87537 9.02151 0.321255
8.89854 8.90029 0.322919
8.76165 8.34554 0.341029
8.76165 8.34554 0.341029
8.50374 8.85266 0.313415
8.50374 8.85266 0.313415
8.50374 8.85266 0.313415
8.50374 8.85266 0.313415
8.62694 8.82792 0.334723
8.47409 8.4462 0.311746
8.47409 8.4462 0.311746
8.47409 8.4462 0.311746
8.47409 8.4462 0.311746
8.84108 8.6536 0.320073
8.84108 8.6536 0.320073
8.19146 8.79682 0.326984
8.65666 8.62064 0.313344
8.65666 8.62064 0.313344
8.42844 8.92003 0.335593
8.42844 8.92003 0.335593
8.88692 8.94732 0.310163
8.70619 8.80825 0.312788
8.70619 8.80825 0.312788
8.27729 8.55912 0.310317
9.04478 8.45618 0.325026
9.04478 8.45618 0.325026
8.63773 8.66236 0.325189
8.76617 9.18705 0.308491
8.59619 8.74364 0.31138
8.59619 8.74364 0.31138
9.04125 8.91165 0.308192
9.04125 8.91165 0.308192
9.04125 8.91165 0.308192
9.04125 8.91165 0.308192
9.04125 8.91165 0.308192
8.62728 8.37562 0.320538
8.48569 8.53516 0.305984
8.53208 8.4816 0.303922
8.53208 8.4816 0.303922
8.92636 9.33038 0.307976
8.92636 9.33038 0.307976
8.63096 8.722 0.325006
8.62597 8.82046 0.330321
8.62597 8.82046 0.330321
8.8204 8.74936 0.315564
8.82298 8.70541 0.333972
8.37928 8.74437 0.295733
8.11245 8.65687 0.316786
8.11245 8.65687 0.316786
9.15393 8.60455 0.329844
8.82454 8.52073 0.322836
8.72873 8.16319 0.326818
8.72873 8.16319 0.326818
8.72873 8.16319 0.326818
9.11932 8.6321 0.30887
8.83216 8.44797 0.338294
8.99349 8.22299 0.300716
9.2182 8.8645 0.32365
9.2182 8.8645 0.32365
8.6612 8.8506 0.331663
8.6612 8.8506 0.331663
8.63102 8.32843 0.326818
8.63102 8.32843 0.326818
8.63102 8.32843 0.326818
8.65523 8.33857 0.323393
8.95732 8.75546 0.338357
8.95732 8.75546 0.338357
8.95732 8.75546 0.338357
8.95732 8.75546 0.338357
8.8402 8.04068 0.315008
8.45898 8.87594 0.310586
8.45898 8.87594 0.310586
8.51032 8.71752 0.320755
9.21285 8.21158 0.321409
8.7014 8.56073 0.334591
8.7014 8.56073 0.334591
8.7014 8.56073 0.334591
8.54142 8.67753 0.334359
8.65373 8.81367 0.327886
8.65373 8.81367 0.327886
8.59842 9.03945 0.327624
8.80978 9.13739 0.303966
8.98093 8.83257 0.334088
8.90966 8.64897 0.310466
9.10441 8.96439 0.31323
8.90024 8.71768 0.317694
8.90024 8.71768 0.317694
8.76345 8.33352 0.339368
8.71414 8.6693 0.32355
8.71414 8.6693 0.32355
8.71414 8.6693 0.32355
8.37028 8.47864 0.32141
9.07068 8.79919 0.306699
9.02502 8.84271 0.313368
9.04079 8.33712 0.318655
9.04079 8.33712 0.318655
8.67535 8.15763 0.312374
8.67535 8.15763 0.312374
8.67535 8.15763 0.312374
8.69936 8.29368 0.328759
8.69936 8.29368 0.328759
8.69936 8.29368 0.328759
8.47839 8.34331 0.320678
8.47839 8.34331 0.320678
9.27824 8.8508 0.323227
8.71659 8.73902 0.312744
8.71659 8.73902 0.312744
8.71659 8.73902 0.312744
8.76203 8.71916 0.29453
7.45978 7.91198 0.31819
7.45978 7.91198 0.31819
7.45978 7.91198 0.31819
7.45978 7.91198 0.31819
7.45978 7.91198 0.31819
7.6744 7.56615 0.335017
7.6744 7.56615 0.335017
8.15872 7.56851 0.307496
8.15872 7.56851 0.307496
8.15872 7.56851 0.307496
8.15872 7.56851 0.307496
7.8322 7.42851 0.319639
7.97795 7.23964 0.316395
7.97795 7.23964 0.316395
7.68565 7.31001 0.344736
7.68565 7.31001 0.344736
7.77642 7.02587 0.333997
8.16307 7.70691 0.339574
8.01589 7.62819 0.324449
8.01589 7.62819 0.324449
7.08085 7.53135 0.327436
7.08085 7.53135 0.327436
7.80937 7.90145 0.325898
7.56266 7.84534 0.333034
7.56266 7.84534 0.333034
7.23959 7.42127 0.325159
7.48497 7.62511 0.323631
7.60694 7.30074 0.333087
7.60694 7.30074 0.333087
7.48277 7.75609 0.318136
7.48277 7.75609 0.318136
7.48277 7.75609 0.318136
7.59676 8.16911 0.337345
7.40459 7.75414 0.32669
7.40459 7.75414 0.32669
7.40459 7.75414 0.32669
7.72542 7.96661 0.327727
8.10509 7.16549 0.31071
8.10509 7.16549 0.31071
8.10509 7.16549 0.31071
8.10509 7.16549 0.31071
8.07449 7.32264 0.330896
8.07449 7.32264 0.330896
8.07449 7.32264 0.330896
7.95585 8.06809 0.318879
7.95585 8.06809 0.318879
8.11267 7.94794 0.314063
8.11267 7.94794 0.314063
8.11267 7.94794 0.314063
8.11267 7.94794 0.314063
8.11267 7.94794 0.314063
7.64552 8.09755 0.326183
7.64552 8.09755 0.326183
7.64552 8.09755 0.326183
7.64552 8.09755 0.326183
7.64552 8.09755 0.326183
7.63435 7.07715 0.322706
7.63435 7.07715 0.322706
7.63435 7.07715 0.322706
7.63435 7.07715 0.322706
7.76429 7.62059 0.338563
7.97883 8.04429 0.31212
7.97883 8.04429 0.31212
7.97883 8.04429 0.31212
7.64212 7.36408 0.332993
7.64212 7.36408 0.332993
8.02776 7.87213 0.30879
7.61979 7.86535 0.326347
7.3981 7.9123 0.331267
7.4641 7.31666 0.322892
7.4641 7.31666 0.322892
7.4641 7.31666 0.322892
7.4641 7.31666 0.322892
7.62318 7.61519 0.316155
7.32942 6.88363 0.336336
7.32942 6.88363 0.336336
7.85751 7.84223 0.332402
7.28109 7.65686 0.322055
7.28109 7.65686 0.322055
8.25009 8.11258 0.305481
8.25009 8.11258 0.305481
8.25009 8.11258 0.305481
8.25009 8.11258 0.305481
7.43966 7.76124 0.343242
7.43966 7.76124 0.343242
7.43966 7.76124 0.343242
8.28448 7.73088 0.325631
7.82355 7.14185 0.307498
7.37131 8.03451 0.317702
7.54218 7.74721 0.324925
7.9287 7.74022 0.32567
7.9287 7.74022 0.32567
7.24204 7.74688 0.316991
7.24204 7.74688 0.316991
7.64795 7.74941 0.321507
7.84936 7.57519 0.319466
7.84936 7.57519 0.319466
7.84936 7.57519 0.319466
7.84936 7.57519 0.319466
7.85529 7.71139 0.32725
7.85529 7.71139 0.32725
8.1169 7.90773 0.323029
7.03026 7.83446 0.325356
7.67253 7.19371 0.325974
7.67253 7.19371 0.325974
7.52048 7.11412 0.31588
7.52048 7.11412 0.31588
7.98024 7.88602 0.335936
7.98024 7.88602 0.335936
7.98024 7.88602 0.335936
7.98024 7.88602 0.335936
7.55011 7.90548 0.329213
7.55011 7.90548 0.329213
7.45588 7.86581 0.314798
7.6082 7.88713 0.310712
7.6082 7.88713 0.310712
7.35712 7.63798 0.32805
7.35712 7.63798 0.32805
7.35712 7.63798 0.32805
7.35712 7.63798 0.32805
7.35712 7.63798 0.32805
7.35712 7.63798 0.32805
7.90575 7.97431 0.331001
7.37596 7.69144 0.330357
7.37596 7.69144 0.330357
7.4463 8.20771 0.318923
7.4463 8.20771 0.318923
7.46073 7.8971 0.315552
7.46073 7.8971 0.315552
7.46073 7.8971 0.315552
7.64252 7.60417 0.304291
7.64252 7.60417 0.304291
7.64252 7.60417 0.304291
7.64252 7.60417 0.304291
7.64252 7.60417 0.304291
7.52644 7.65565 0.34968
7.52644 7.65565 0.34968
7.52644 7.65565 0.34968
7.28441 7.27709 0.32919
7.28441 7.27709 0.32919
7.28441 7.27709 0.32919
7.71339 7.71748 0.329797
7.71339 7.71748 0.329797
7.66515 7.27448 0.332185
7.66515 7.27448 0.332185
7.66515 7.27448 0.332185
7.66515 7.27448 0.332185
7.66515 7.27448 0.332185
7.66515 7.27448 0.332185
7.66515 7.27448 0.332185
7.598 7.32587 0.326171
7.46825 7.77312 0.320158
7.46825 7.77312 0.320158
7.46825 7.77312 0.320158
7.46825 7.77312 0.320158
7.46825 7.77312 0.320158
7.6934 7.55814 0.326911
7.89768 7.74367 0.326702
7.89768 7.74367 0.326702
7.89768 7.74367 0.326702
7.89768 7.74367 0.326702
7.89768 7.74367 0.326702
7.38322 7.401 0.324372
8.36811 7.58698 0.327239
7.72281 7.39365 0.329696
7.72281 7.39365 0.329696
7.63985 8.09916 0.325835
7.45621 7.98932 0.312827
7.45621 7.98932 0.312827
7.45621 7.98932 0.312827
7.45621 7.98932 0.312827
7.45621 7.98932 0.312827
7.45621 7.98932 0.312827
7.25634 7.69974 0.321572
7.25634 7.69974 0.321572
7.62746 7.71132 0.312177
7.62746 7.71132 0.312177
7.49376 7.4105 0.328833
7.7125 8.25368 0.320749
7.57851 7.28809 0.319165
7.57851 7.28809 0.319165
7.68459 7.03056 0.34354
8.0281 7.76628 0.32874
8.0281 7.76628 0.32874
8.0281 7.76628 0.32874
8.0281 7.76628 0.32874
8.0281 7.76628 0.32874
8.0281 7.76628 0.32874
8.36332 7.5689 0.327131
8.36332 7.5689 0.327131
8.36332 7.5689 0.327131
7.71339 7.38332 0.335059
7.68623 7.05994 0.324568
7.70994 8.10819 0.319228
7.70994 8.10819 0.319228
8.18787 7.65815 0.320657
7.86025 7.84963 0.320662
7.5951 7.99623 0.316781
7.5951 7.99623 0.316781
7.5951 7.99623 0.316781
7.57334 7.97244 0.315871
7.57334 7.97244 0.315871
7.16431 8.20033 0.323939
7.16431 8.20033 0.323939
7.98629 7.57036 0.335574
7.98629 7.57036 0.335574
7.98629 7.57036 0.335574
7.98629 7.57036 0.335574
7.98629 7.57036 0.335574
7.73403 7.7904 0.326556
7.63684 7.82615 0.326189
7.63684 7.82615 0.326189
7.63684 7.82615 0.326189
7.63684 7.82615 0.326189
7.67647 8.07271 0.313616
7.67647 8.07271 0.313616
7.67647 8.07271 0.313616
7.69228 7.55008 0.312152
7.42287 7.49326 0.335936
7.51158 7.94734 0.323634
7.51158 7.94734 0.323634
8.11055 7.79825 0.304417
7.57845 7.87261 0.330466
7.57845 7.87261 0.330466
7.56859 7.82066 0.335623
7.56859 7.82066 0.335623
7.56859 7.82066 0.335623
7.57104 7.65094 0.315304
7.57104 7.65094 0.315304
7.57104 7.65094 0.315304
8.14285 7.67883 0.325377
7.47383 7.5564 0.303884
7.47383 7.5564 0.303884
7.0515 7.90068 0.31809
8.30121 7.31043 0.333767
8.30121 7.31043 0.333767
8.30121 7.31043 0.333767
7.85404 7.83204 0.336013
7.85404 7.83204 0.336013
7.85404 7.83204 0.336013
7.8706 7.95346 0.31491
7.8706 7.95346 0.31491
7.8706 7.95346 0.31491
7.8706 7.95346 0.31491
7.8706 7.95346 0.31491
7.4981 7.36144 0.305673
7.74153 7.16342 0.313899
7.74153 7.16342 0.313899
7.54959 8.03654 0.318613
7.69992 7.95154 0.34798
7.69992 7.95154 0.34798
7.61688 7.77501 0.333913
7.61688 7.77501 0.333913
7.78025 7.55476 0.333367
7.78025 7.55476 0.333367
7.78025 7.55476 0.333367
7.21572 8.52621 0.316875
7.59235 7.7239 0.32149
7.59235 7.7239 0.32149
7.71409 7.2372 0.32009
7.71409 7.2372 0.32009
7.94957 7.84914 0.322673
7.2981 7.16106 0.345456
7.68332 7.68805 0.344064
7.51161 7.60962 0.318935
7.9766 7.50076 0.310134
7.55705 7.33352 0.316043
7.55705 7.33352 0.316043
8.05343 7.52491 0.351507
8.05343 7.52491 0.351507
8.05343 7.52491 0.351507
8.05343 7.52491 0.351507
7.35647 7.65427 0.339387
7.79994 7.75448 0.331759
7.79994 7.75448 0.331759
7.79994 7.75448 0.331759
7.80392 8.01768 0.321796
7.80392 8.01768 0.321796
7.49137 8.00984 0.315867
7.57784 7.6419 0.323419
7.57784 7.6419 0.323419
7.29535 7.85263 0.334367
7.29535 7.85263 0.334367
8.06533 7.41375 0.319281
8.06533 7.41375 0.319281
8.06533 7.41375 0.319281
8.06533 7.41375 0.319281
8.06533 7.41375 0.319281
8.06533 7.41375 0.319281
8.06533 7.41375 0.319281
7.922 7.31617 0.32425
7.922 7.31617 0.32425
7.922 7.31617 0.32425
7.922 7.31617 0.32425
7.48228 6.93384 0.318694
7.48228 6.93384 0.318694
7.6194 7.86432 0.322739
7.6194 7.86432 0.322739
7.6194 7.86432 0.322739
7.6194 7.86432 0.322739
7.6194 7.86432 0.322739
8.22007 7.23175 0.333329
8.22007 7.23175 0.333329
8.22007 7.23175 0.333329
7.88076 7.50687 0.308871
7.40627 7.21728 0.331174
7.40627 7.21728 0.331174
8.0553 7.28063 0.315426
8.0553 7.28063 0.315426
7.97906 8.21986 0.322768
7.97906 8.21986 0.322768
8.01146 7.44151 0.317315
8.01146 7.44151 0.317315
7.78351 7.49921 0.324082
7.55528 7.79384 0.313442
7.55528 7.79384 0.313442
7.71075 8.05093 0.323053
7.71075 8.05093 0.323053
7.71075 8.05093 0.323053
7.85582 7.83632 0.307021
7.85582 7.83632 0.307021
7.44787 7.89732 0.327085
7.36589 7.50789 0.324322
7.36589 7.50789 0.324322
7.36589 7.50789 0.324322
7.9962 8.06163 0.334111
7.68465 7.58725 0.326922
7.68465 7.58725 0.326922
7.68465 7.58725 0.326922
7.34687 7.41345 0.324897
7.56266 8.22487 0.33394
7.56266 8.22487 0.33394
7.56266 8.22487 0.33394
7.56266 8.22487 0.33394
7.4945 7.61977 0.327372
7.4945 7.61977 0.327372
7.51222 7.5133 0.319322
7.51222 7.5133 0.319322
7.51222 7.5133 0.319322
8.52003 7.73133 0.309449
7.5233 7.76856 0.314399
7.5233 7.76856 0.314399
7.5233 7.76856 0.314399
7.5233 7.76856 0.314399
7.5233 7.76856 0.314399
7.5233 7.76856 0.314399
7.039 7.9033 0.331413
7.039 7.9033 0.331413
7.039 7.9033 0.331413
7.039 7.9033 0.331413
7.039 7.9033 0.331413
7.039 7.9033 0.331413
7.039 7.9033 0.331413
7.94607 7.95548 0.327622
7.94607 7.95548 0.327622
7.19808 7.97952 0.315392
8.00012 7.76763 0.32274
8.00012 7.76763 0.32274
7.48364 8.06983 0.322787
7.82243 7.61597 0.329809
7.82243 7.61597 0.329809
7.83056 8.13746 0.31362
7.35222 7.81783 0.304826
7.84761 7.78056 0.322285
7.84761 7.78056 0.322285
7.84761 7.78056 0.322285
7.84761 7.78056 0.322285
7.84761 7.78056 0.322285
7.62827 7.44646 0.316363
7.62827 7.44646 0.316363
7.62827 7.44646 0.316363
7.74844 7.55877 0.317435
7.74844 7.55877 0.317435
7.74844 7.55877 0.317435
8.11857 7.41453 0.31429
8.11857 7.41453 0.31429
7.13367 8.06974 0.314357
7.78871 7.43985 0.332379
7.60645 7.38028 0.336724
7.60645 7.38028 0.336724
7.60645 7.38028 0.336724
7.9211 7.93015 0.328467
7.58572 7.43052 0.320731
7.58572 7.43052 0.320731
7.58572 7.43052 0.320731
7.58572 7.43052 0.320731
7.79968 7.35043 0.322186
6.8993 8.13354 0.338697
6.8993 8.13354 0.338697
7.46146 7.79137 0.325098
7.46146 7.79137 0.325098
7.46146 7.79137 0.325098
8.17194 8.15854 0.337421
8.17194 8.15854 0.337421
8.17194 8.15854 0.337421
7.32697 7.38701 0.324774
7.32697 7.38701 0.324774
7.74793 7.43026 0.316783
7.59209 8.01677 0.32646
7.59209 8.01677 0.32646
7.80994 7.31788 0.334665
7.56164 6.84272 0.334335
7.56164 6.84272 0.334335
7.56164 6.84272 0.334335
7.98273 7.87464 0.318693
7.98273 7.87464 0.318693
7.98273 7.87464 0.318693
7.46005 8.11264 0.331743
7.46005 8.11264 0.331743
7.58668 7.7596 0.336365
7.58668 7.7596 0.336365
7.43212 8.04708 0.327393
7.43212 8.04708 0.327393
7.43212 8.04708 0.327393
7.43212 8.04708 0.327393
8.48675 7.59895 0.313811
8.48675 7.59895 0.313811
8.48675 7.59895 0.313811
7.65233 7.39647 0.333849
7.65233 7.39647 0.333849
7.59614 7.88027 0.334411
7.46775 7.82371 0.340032
7.46775 7.82371 0.340032
7.67937 7.73252 0.318304
7.65029 7.46479 0.315769
6.94396 7.55809 0.325834
6.94396 7.55809 0.325834
7.81306 7.65938 0.337351
7.81306 7.65938 0.337351
7.81306 7.65938 0.337351
7.81306 7.65938 0.337351
7.65296 7.51755 0.343143
7.65296 7.51755 0.343143
7.65296 7.51755 0.343143
7.34606 8.14528 0.318212
7.34606 8.14528 0.318212
7.34606 8.14528 0.318212
7.58361 7.76112 0.329874
7.58361 7.76112 0.329874
7.58361 7.76112 0.329874
7.44229 7.75288 0.311083
7.44229 7.75288 0.311083
7.63976 7.42211 0.328075
7.63976 7.42211 0.328075
7.63976 7.42211 0.328075
7.95233 7.33108 0.325408
7.95233 7.33108 0.325408
7.95233 7.33108 0.325408
7.95233 7.33108 0.325408
7.95233 7.33108 0.325408
7.93326 7.81769 0.338173
7.93326 7.81769 0.338173
7.66419 7.61837 0.300187
7.66419 7.61837 0.300187
7.41455 7.50236 0.333386
7.56997 7.46351 0.330459
7.77792 7.3873 0.319343
7.77792 7.3873 0.319343
7.77792 7.3873 0.319343
7.77792 7.3873 0.319343
7.80147 7.1547 0.335558
7.80147 7.1547 0.335558
7.80147 7.1547 0.335558
7.80147 7.1547 0.335558
7.27302 8.35964 0.304649
7.44857 7.49962 0.326612
7.44857 7.49962 0.326612
7.72821 7.83999 0.33252
7.72821 7.83999 0.33252
7.72821 7.83999 0.33252
7.38387 7.68008 0.323944
7.38387 7.68008 0.323944
7.38387 7.68008 0.323944
7.38387 7.68008 0.323944
7.44696 7.29553 0.32458
7.44696 7.29553 0.32458
7.60818 7.34282 0.334998
7.60818 7.34282 0.334998
7.60818 7.34282 0.334998
7.60818 7.34282 0.334998
7.60818 7.34282 0.334998
7.60818 7.34282 0.334998
7.54631 7.41384 0.331893
7.57598 7.07653 0.312176
7.46897 7.48948 0.344783
7.46897 7.48948 0.344783
7.46897 7.48948 0.344783
7.57502 7.36881 0.321997
7.57502 7.36881 0.321997
7.57502 7.36881 0.321997
7.57502 7.36881 0.321997
7.65783 7.65139 0.321131
7.65783 7.65139 0.321131
7.52465 7.44347 0.303324
7.52465 7.44347 0.303324
7.31037 7.61339 0.32384
7.96632 7.72907 0.322044
7.96632 7.72907 0.322044
7.96632 7.72907 0.322044
7.96632 7.72907 0.322044
7.85878 7.56757 0.319926
7.65219 8.02339 0.328749
7.65219 8.02339 0.328749
8.24982 7.58064 0.321944
8.24982 7.58064 0.321944
8.24982 7.58064 0.321944
8.24982 7.58064 0.321944
7.89716 7.19631 0.323448
7.89716 7.19631 0.323448
7.50716 7.70156 0.312848
7.50716 7.70156 0.312848
7.50716 7.70156 0.312848
7.50716 7.70156 0.312848
7.98801 8.17688 0.335962
7.60098 7.49981 0.339011
7.60098 7.49981 0.339011
7.60098 7.49981 0.339011
7.8578 7.78874 0.336554
7.8578 7.78874 0.336554
7.8578 7.78874 0.336554
7.56912 7.68988 0.323679
7.56912 7.68988 0.323679
7.56912 7.68988 0.323679
7.79048 7.74459 0.334863
7.79048 7.74459 0.334863
7.79048 7.74459 0.334863
7.70256 8.03875 0.321734
7.38018 7.59418 0.323341
7.38018 7.59418 0.323341
7.62135 7.71844 0.320603
7.62135 7.71844 0.320603
7.62135 7.71844 0.320603
7.62135 7.71844 0.320603
8.44423 8.1597 0.324865
7.59228 7.48135 0.333663
7.59228 7.48135 0.333663
7.83829 7.5442 0.337597
7.17186 7.66874 0.334861
8.04078 7.61879 0.322037
8.04078 7.61879 0.322037
8.04078 7.61879 0.322037
8.04078 7.61879 0.322037
8.04078 7.61879 0.322037
7.69339 8.32702 0.334005
7.31487 7.5957 0.330711
7.31487 7.5957 0.330711
8.1118 7.93528 0.31201
8.1118 7.93528 0.31201
7.62957 7.49024 0.31901
7.62957 7.49024 0.31901
7.62957 7.49024 0.31901
7.62957 7.49024 0.31901
8.0635 7.46852 0.326357
7.62634 7.61544 0.333106
7.62634 7.61544 0.333106
7.6632 8.29364 0.321231
7.6632 8.29364 0.321231
7.71477 7.51511 0.320743
7.71477 7.51511 0.320743
7.71477 7.51511 0.320743
7.71477 7.51511 0.320743
7.9891 7.1532 0.298176
7.9891 7.1532 0.298176
7.97369 7.49354 0.321657
7.97369 7.49354 0.321657
6.98683 7.64729 0.33184
8.23794 7.04529 0.314327
8.23794 7.04529 0.314327
8.23794 7.04529 0.314327
8.23794 7.04529 0.314327
7.65993 7.67522 0.314119
7.9418 7.77579 0.335179
8.1756 7.63758 0.307597
7.70603 7.58064 0.344458
7.70603 7.58064 0.344458
7.80151 7.79789 0.316533
7.60629 7.4485 0.30706
7.60629 7.4485 0.30706
7.60629 7.4485 0.30706
7.99232 7.56541 0.315434
7.99232 7.56541 0.315434
7.99232 7.56541 0.315434
7.99232 7.56541 0.315434
7.60718 7.71639 0.327132
7.60718 7.71639 0.327132
7.80627 7.80474 0.315157
7.80627 7.80474 0.315157
7.80627 7.80474 0.315157
8.05889 8.17141 0.326682
7.98764 7.77941 0.308188
7.98764 7.77941 0.308188
7.98764 7.77941 0.308188
8.1153 7.58146 0.333475
8.1153 7.58146 0.333475
7.53283 7.79788 0.314795
7.53283 7.79788 0.314795
7.53283 7.79788 0.314795
7.53283 7.79788 0.314795
7.53283 7.79788 0.314795
7.54301 8.09077 0.31953
7.92508 8.05447 0.334387
7.84307 8.18615 0.320467
7.84307 8.18615 0.320467
7.84307 8.18615 0.320467
7.68525 7.82115 0.330846
7.68525 7.82115 0.330846
7.29272 7.96963 0.32975
7.21772 7.58527 0.34577
7.51577 7.36975 0.329004
7.51577 7.36975 0.329004
7.51577 7.36975 0.329004
7.66674 8.25238 0.317822
7.66674 8.25238 0.317822
7.73932 7.78606 0.327385
7.73932 7.78606 0.327385
7.73932 7.78606 0.327385
6.51971 6.11992 -0.00274263
6.51971 6.11992 -0.00274263
6.89551 5.5831 0.000841502
6.89551 5.5831 0.000841502
6.89551 5.5831 0.000841502
6.89551 5.5831 0.000841502
5.37296 6.07986 0.0139143
5.88526 6.05868 -0.0130028
5.88526 6.05868 -0.0130028
5.88526 6.05868 -0.0130028
5.88526 6.05868 -0.0130028
5.88526 6.05868 -0.0130028
5.88526 6.05868 -0.0130028
5.88526 6.05868 -0.0130028
5.88526 6.05868 -0.0130028
6.05876 6.78583 -0.0154643
6.05876 6.78583 -0.0154643
6.74086 6.46138 -0.00431504
6.3944 6.51142 0.311751
6.61774 5.77478 0.324575
6.82598 6.70072 0.310919
6.82598 6.70072 0.310919
6.53097 6.40673 0.323966
6.53097 6.40673 0.323966
6.53097 6.40673 0.323966
6.38144 6.40517 0.330449
6.38144 6.40517 0.330449
6.45938 6.86458 0.328262
6.45938 6.86458 0.328262
6.01583 6.47985 0.336782
6.37335 6.30457 0.323649
6.37335 6.30457 0.323649
6.37335 6.30457 0.323649
6.10643 6.71222 0.310241
6.10643 6.71222 0.310241
6.10643 6.71222 0.310241
6.10643 6.71222 0.310241
6.10643 6.71222 0.310241
6.10643 6.71222 0.310241
6.69438 5.93757 0.314539
6.69438 5.93757 0.314539
6.68768 6.91994 0.304731
6.68768 6.91994 0.304731
5.73905 6.30456 0.299232
6.38297 6.20406 0.339981
6.38297 6.20406 0.339981
6.38297 6.20406 0.339981
7.58081 7.87466 0.319266
7.58081 7.87466 0.319266
7.58081 7.87466 0.319266
7.54383 7.54122 0.317442
7.5745 7.577 0.313533
7.5745 7.577 0.313533
7.5714 7.50351 0.318023
8.20433 7.33453 0.314929
8.20433 7.33453 0.314929
7.79591 7.72714 0.324537
7.79591 7.72714 0.324537
7.68373 7.85592 0.318185
7.68373 7.85592 0.318185
7.67403 7.41595 0.321591
7.67403 7.41595 0.321591
7.80901 7.80725 0.318569
7.80901 7.80725 0.318569
7.80901 7.80725 0.318569
7.67386 7.0923 0.314178
7.75451 7.37413 0.322602
8.18884 7.78442 0.305211
8.18884 7.78442 0.305211
8.18884 7.78442 0.305211
7.47166 7.50789 0.315107
7.47166 7.50789 0.315107
7.47166 7.50789 0.315107
7.47166 7.50789 0.315107
7.47166 7.50789 0.315107
7.73735 7.67477 0.311716
7.73735 7.67477 0.311716
7.73735 7.67477 0.311716
7.31109 7.93572 0.311547
7.31109 7.93572 0.311547
7.31109 7.93572 0.311547
7.31109 7.93572 0.311547
7.99763 7.56582 0.318832
7.99763 7.56582 0.318832
7.99763 7.56582 0.318832
8.3159 7.74998 0.318441
7.51282 7.31323 0.323493
7.51282 7.31323 0.323493
7.51282 7.31323 0.323493
7.71659 7.27759 0.341414
7.71659 7.27759 0.341414
7.94863 7.80573 0.313711
7.94863 7.80573 0.313711
8.20654 7.95441 0.318517
8.20654 7.95441 0.318517
8.20654 7.95441 0.318517
8.20654 7.95441 0.318517
8.20654 7.95441 0.318517
8.20654 7.95441 0.318517
8.20654 7.95441 0.318517
8.20654 7.95441 0.318517
8.20654 7.95441 0.318517
7.61668 7.77201 0.329584
7.61668 7.77201 0.329584
7.61668 7.77201 0.329584
7.88766 7.5911 0.306187
7.88766 7.5911 0.306187
7.62739 7.64306 0.326677
7.62739 7.64306 0.326677
7.59814 7.89217 0.32331
7.36185 7.96469 0.317481
7.36185 7.96469 0.317481
7.64649 7.6026 0.314501
7.64649 7.6026 0.314501
7.92902 7.50314 0.326296
7.92902 7.50314 0.326296
7.92902 7.50314 0.326296
7.20893 7.79968 0.313592
7.20893 7.79968 0.313592
7.5728 7.46373 0.307407
7.5728 7.46373 0.307407
7.63825 7.23817 0.312952
7.88293 7.60584 0.32626
7.33958 7.01064 0.311958
8.08343 7.59173 0.318193
7.72535 7.89325 0.310693
7.72535 7.89325 0.310693
7.72535 7.89325 0.310693
7.84954 7.59157 0.313863
7.8605 7.22979 0.303218
7.65668 7.90697 0.312823
7.94856 7.64326 0.34571
7.67366 7.69833 0.321145
7.67366 7.69833 0.321145
7.67366 7.69833 0.321145
7.58734 7.65979 0.340157
7.61191 7.86686 0.329095
8.08499 7.78682 0.331959
8.1978 7.67244 0.32835
8.1978 7.67244 0.32835
7.35105 7.49511 0.342023
7.35105 7.49511 0.342023
7.35105 7.49511 0.342023
7.35105 7.49511 0.342023
8.01202 7.82937 0.330296
7.93284 7.83205 0.313327
7.6676 8.01043 0.320996
7.49928 7.8508 0.332002
8.27879 7.6947 0.308287
8.27879 7.6947 0.308287
8.27879 7.6947 0.308287
7.83366 7.90749 0.326481
7.83366 7.90749 0.326481
7.83366 7.90749 0.326481
7.89385 7.58859 0.304837
7.64448 8.09437 0.328902
7.64448 8.09437 0.328902
7.64448 8.09437 0.328902
7.64448 8.09437 0.328902
7.64448 8.09437 0.328902
7.66898 7.6277 0.338979
7.86934 7.51097 0.332151
7.86934 7.51097 0.332151
7.86934 7.51097 0.332151
7.88877 7.9217 0.315454
7.88877 7.9217 0.315454
7.81067 7.59684 0.307412
7.81067 7.59684 0.307412
7.82872 7.99375 0.324741
7.82872 7.99375 0.324741
7.82872 7.99375 0.324741
7.77592 7.54164 0.318155
7.77592 7.54164 0.318155
7.83682 7.76465 0.334878
7.83682 7.76465 0.334878
7.85688 7.40255 0.341796
7.85688 7.40255 0.341796
7.79346 7.11912 0.332921
8.43979 7.50629 0.321951
8.43979 7.50629 0.321951
7.6075 7.8397 0.335207
7.6075 7.8397 0.335207
7.84065 7.75263 0.318439
7.84065 7.75263 0.318439
8.73807 8.39178 0.333578
8.76641 8.38492 0.309033
8.36463 8.66836 0.304851
8.98489 7.99542 0.325726
8.98489 7.99542 0.325726
9.27731 8.3421 0.315899
8.9591 8.49697 0.327415
8.4976 8.63058 0.31498
8.4976 8.63058 0.31498
9.23426 8.67417 0.31107
9.23426 8.67417 0.31107
9.23426 8.67417 0.31107
8.86048 8.60447 0.322602
8.2996 8.7916 0.326726
8.2996 8.7916 0.326726
8.75656 8.43929 0.324785
8.40414 9.03624 0.295655
8.40414 9.03624 0.295655
8.40414 9.03624 0.295655
8.73311 8.07595 0.326188
8.73311 8.07595 0.326188
8.63989 8.37819 0.32326
8.63989 8.37819 0.32326
8.55734 8.76281 0.325927
8.63772 8.43622 0.300616
8.63772 8.43622 0.300616
8.17957 8.79098 0.321613
8.48101 8.61583 0.316597
8.84299 8.78562 0.321538
8.84299 8.78562 0.321538
8.91618 8.7768 0.322577
8.5314 8.53012 0.311802
9.06854 9.23537 0.320168
8.77159 8.40155 0.31947
8.77159 8.40155 0.31947
8.70897 8.76365 0.320082
8.70897 8.76365 0.320082
8.51731 8.6241 0.304281
8.51731 8.6241 0.304281
8.51731 8.6241 0.304281
8.51731 8.6241 0.304281
8.51731 8.6241 0.304281
8.80336 8.47422 0.300349
8.80336 8.47422 0.300349
8.80336 8.47422 0.300349
8.80336 8.47422 0.300349
8.73856 9.00844 0.306111
8.62988 8.6895 0.316467
8.62988 8.6895 0.316467
8.62988 8.6895 0.316467
8.62988 8.6895 0.316467
8.62988 8.6895 0.316467
8.60954 8.33107 0.317106
8.66858 8.34769 0.31671
8.85657 8.74232 0.342627
8.81235 8.89202 0.327799
8.25448 8.24802 0.329183
8.25448 8.24802 0.329183
8.25448 8.24802 0.329183
8.87052 9.26002 0.302935
8.87052 9.26002 0.302935
8.84917 8.37387 0.297588
8.19746 8.60719 0.330557
8.50288 8.55616 0.307654
8.50288 8.55616 0.307654
8.50288 8.55616 0.307654
8.28146 8.60017 0.317322
8.28146 8.60017 0.317322
8.79881 8.33671 0.310761
8.79881 8.33671 0.310761
8.47025 8.68296 0.330098
8.47025 8.68296 0.330098
8.16022 8.12944 0.31835
8.16022 8.12944 0.31835
8.82169 8.8023 0.31658
8.82169 8.8023 0.31658
8.79502 8.88104 0.3217
8.68474 9.1442 0.317361
8.68474 9.1442 0.317361
8.68474 9.1442 0.317361
8.68474 9.1442 0.317361
8.89352 8.59618 0.313827
8.89352 8.59618 0.313827
8.98351 8.87703 0.323105
8.98351 8.87703 0.323105
8.48042 9.51315 0.31224
8.22888 9.17249 0.309994
8.98885 8.71541 0.323028
8.86762 8.7415 0.324522
8.86762 8.7415 0.324522
8.86762 8.7415 0.324522
8.86762 8.7415 0.324522
8.69202 8.91118 0.338034
8.69202 8.91118 0.338034
8.69202 8.91118 0.338034
8.69202 8.91118 0.338034
8.69202 8.91118 0.338034
8.69202 8.91118 0.338034
7.84054 9.00936 0.322757
7.84054 9.00936 0.322757
8.36394 8.8049 0.313951
8.76836 8.46719 0.314495
8.50274 8.32157 0.329751
8.50274 8.32157 0.329751
8.39144 9.15796 0.316337
8.39144 9.15796 0.316337
8.39144 9.15796 0.316337
8.98929 8.81856 0.343604
8.98929 8.81856 0.343604
8.25141 8.89149 0.318227
8.76578 8.56146 0.323989
8.79734 8.68428 0.312603
8.36844 8.79058 0.320728
8.36844 8.79058 0.320728
8.53187 8.77909 0.324049
8.53187 8.77909 0.324049
8.53187 8.77909 0.324049
7.95045 8.84149 0.309057
7.95045 8.84149 0.309057
7.95045 8.84149 0.309057
8.48343 8.4564 0.330897
8.48343 8.4564 0.330897
8.18844 8.54789 0.307675
9.29794 9.04241 0.336661
8.24602 8.54242 0.312391
8.58491 8.94591 0.299312
8.58491 8.94591 0.299312
8.11233 8.57906 0.30845
8.11233 8.57906 0.30845
8.6184 8.39144 0.310896
9.09338 8.7262 0.313698
8.67308 8.81814 0.309687
8.67308 8.81814 0.309687
8.72989 8.13235 0.320937
8.37824 8.53982 0.313461
8.96251 8.86765 0.31847
8.59499 8.97701 0.298022
8.59499 8.97701 0.298022
8.55993 8.50135 0.336599
8.55993 8.50135 0.336599
8.85575 8.86025 0.308725
8.85575 8.86025 0.308725
8.85575 8.86025 0.308725
9.3193 8.15977 0.330361
9.15758 9.04782 0.304824
9.15758 9.04782 0.304824
8.83158 8.26296 0.320942
8.50835 8.82156 0.308673
8.63429 8.44232 0.325456
8.63429 8.44232 0.325456
8.86932 8.46517 0.343778
8.86932 8.46517 0.343778
8.51642 8.37793 0.324476
8.51642 8.37793 0.324476
8.51642 8.37793 0.324476
8.51642 8.37793 0.324476
8.99368 8.45991 0.320812
8.8401 8.07878 0.312872
8.97791 8.8152 0.308223
9.00467 8.32637 0.308895
9.00467 8.32637 0.308895
9.00467 8.32637 0.308895
8.90393 8.47715 0.314536
8.12197 8.789 0.308619
8.12197 8.789 0.308619
8.12197 8.789 0.308619
9.13499 9.00932 0.324029
9.13499 9.00932 0.324029
8.21655 8.61791 0.315874
8.58368 8.1612 0.298321
8.74209 8.8716 0.333846
8.49013 9.20059 0.323891
8.49013 9.20059 0.323891
8.49013 9.20059 0.323891
8.80996 8.90058 0.304762
8.57443 8.50488 0.313026
8.69154 8.66072 0.325331
8.69154 8.66072 0.325331
8.63935 8.8087 0.310476
8.63935 8.8087 0.310476
8.77317 8.23351 0.326552
8.49829 8.73387 0.309586
8.49829 8.73387 0.309586
8.80399 9.16477 0.320835
8.80399 9.16477 0.320835
8.72376 8.8948 0.335448
8.72376 8.8948 0.335448
8.72376 8.8948 0.335448
8.39683 8.58784 0.323244
8.39683 8.58784 0.323244
8.71241 9.05336 0.310711
8.97774 8.55305 0.319995
8.41047 9.06672 0.312591
8.74466 8.72527 0.314239
8.57804 8.74473 0.307837
8.73374 7.99876 0.320829
8.23438 8.28279 0.325325
8.23438 8.28279 0.325325
8.23438 8.28279 0.325325
8.23438 8.28279 0.325325
8.66386 8.52819 0.3172
8.90546 8.76542 0.314297
8.84009 8.43358 0.332772
9.21597 8.90369 0.32037
9.21597 8.90369 0.32037
8.82146 8.73456 0.325112
8.51189 9.06125 0.326239
8.17211 8.23371 0.339612
8.79623 8.69742 0.331732
8.73268 8.65901 0.334509
8.16722 8.89141 0.314371
8.16722 8.89141 0.314371
8.16722 8.89141 0.314371
8.52809 9.25601 0.314405
8.43792 9.08323 0.310524
8.43792 9.08323 0.310524
8.93023 8.31465 0.32817
8.93023 8.31465 0.32817
8.93023 8.31465 0.32817
8.93023 8.31465 0.32817
8.93023 8.31465 0.32817
9.12204 8.4389 0.308313
8.34421 9.20739 0.312355
8.03524 8.7006 0.317373
8.05188 8.8732 0.307085
8.05188 8.8732 0.307085
8.18892 9.02195 0.322001
8.18892 9.02195 0.322001
8.23689 8.82552 0.315599
8.12605 8.44845 0.319335
8.12605 8.44845 0.319335
8.39934 8.39164 0.311273
8.36358 8.50388 0.319974
8.36358 8.50388 0.319974
8.10884 9.28696 0.318263
8.10884 9.28696 0.318263
8.27779 8.62054 0.307409
8.54579 9.23706 0.331284
8.59704 8.22393 0.306473
8.59704 8.22393 0.306473
8.75325 8.65405 0.324065
8.5666 8.01419 0.307555
8.57221 9.00407 0.319379
7.95482 9.01815 0.31954
8.60476 8.75123 0.324288
8.50319 9.20341 0.318586
8.98213 8.34596 0.318861
8.98213 8.34596 0.318861
8.22008 8.4596 0.311451
8.75307 9.11271 0.316905
8.75307 9.11271 0.316905
8.82826 8.93045 0.340343
8.72636 8.50954 0.352649
8.72636 8.50954 0.352649
8.38968 8.71564 0.314906
8.38968 8.71564 0.314906
8.34403 8.91442 0.327003
8.28854 8.82451 0.307606
8.52659 8.43825 0.310586
8.52659 8.43825 0.310586
8.52659 8.43825 0.310586
8.2585 8.62478 0.318782
8.55228 9.05504 0.305004
8.50872 8.02167 0.302303
8.50872 8.02167 0.302303
8.50872 8.02167 0.302303
8.81429 8.42546 0.313798
8.5388 8.10382 0.330272
8.5388 8.10382 0.330272
8.5388 8.10382 0.330272
8.5388 8.10382 0.330272
8.5388 8.10382 0.330272
8.89236 9.08325 0.318946
8.89236 9.08325 0.318946
8.52186 8.69248 0.334138
8.66069 8.85168 0.310167
8.66069 8.85168 0.310167
8.79242 8.71632 0.329298
8.79242 8.71632 0.329298
8.79242 8.71632 0.329298
8.92045 8.25493 0.329477
9.13646 8.14392 0.312236
7.95838 9.41088 0.328616
8.33742 8.1918 0.307171
8.33742 8.1918 0.307171
9.14739 9.14971 0.31925
8.00608 8.79726 0.325992
8.1162 8.30139 0.333111
8.1162 8.30139 0.333111
8.1162 8.30139 0.333111
8.63713 8.68583 0.352273
8.63713 8.68583 0.352273
8.99393 8.93544 0.343919
8.17987 8.78618 0.313766
9.00233 8.24484 0.338306
8.66421 8.52561 0.336622
8.59087 8.50468 0.310514
8.59087 8.50468 0.310514
8.59087 8.50468 0.310514
8.8039 8.68937 0.304163
8.74267 9.07266 0.329845
8.37522 9.03786 0.333775
9.11988 8.78736 0.321625
8.46003 8.69134 0.321484
9.25726 8.52002 0.310149
9.25726 8.52002 0.310149
8.3552 8.19953 0.326268
9.07125 9.03845 0.326493
8.98121 8.30124 0.304936
8.98121 8.30124 0.304936
8.58397 8.67157 0.321541
8.58397 8.67157 0.321541
8.58397 8.67157 0.321541
8.58397 8.67157 0.321541
8.67798 8.36918 0.312239
8.67798 8.36918 0.312239
8.84669 8.16694 0.32183
8.55901 8.52504 0.310527
8.55901 8.52504 0.310527
8.55901 8.52504 0.310527
8.78453 8.36661 0.312805
8.82006 8.29297 0.318339
8.4551 8.77274 0.307853
8.63342 8.33581 0.329088
8.63342 8.33581 0.329088
8.47897 8.6367 0.331337
8.47897 8.6367 0.331337
8.44998 8.94478 0.333419
9.07072 8.73165 0.329931
8.6415 8.97315 0.324792
8.6415 8.97315 0.324792
8.6415 8.97315 0.324792
8.6415 8.97315 0.324792
8.78671 8.84168 0.334132
8.8223 8.65302 0.326972
8.53455 8.38181 0.318105
8.53455 8.38181 0.318105
9.20429 8.21171 0.304658
9.20429 8.21171 0.304658
8.96483 8.69909 0.311692
8.22783 9.12498 0.313008
8.83065 8.43253 0.320338
8.80203 8.47287 0.325331
8.80203 8.47287 0.325331
8.29688 8.52446 0.318775
8.47526 8.26942 0.318502
8.47526 8.26942 0.318502
8.47526 8.26942 0.318502
8.47526 8.26942 0.318502
8.78419 8.37838 0.317748
8.87577 8.28905 0.325292
7.89047 8.64744 0.312461
8.16377 8.34458 0.327603
8.80453 8.71516 0.320503
8.80453 8.71516 0.320503
8.80453 8.71516 0.320503
8.32433 8.70314 0.326791
8.14798 8.6175 0.319822
8.14798 8.6175 0.319822
9.09985 8.39234 0.315972
8.19195 8.53614 0.338032
8.56865 8.38294 0.299378
8.94987 8.75851 0.320792
8.94987 8.75851 0.320792
8.94987 8.75851 0.320792
8.45131 9.34163 0.328077
8.40152 8.32538 0.317712
8.40152 8.32538 0.317712
8.40152 8.32538 0.317712
8.40152 8.32538 0.317712
8.29703 8.27743 0.303562
8.29703 8.27743 0.303562
8.85936 8.59233 0.326721
8.7864 8.73291 0.328138
8.36958 8.717 0.328882
8.29539 8.17376 0.320198
8.7661 8.29487 0.32366
8.88591 8.68021 0.317724
8.8558 8.5258 0.308667
8.83131 8.81966 0.306037
8.74336 8.48583 0.335845
8.74336 8.48583 0.335845
8.79107 8.33881 0.324453
8.58078 8.76894 0.318607
8.91059 8.8751 0.333799
9.1692 8.50248 0.318493
8.82498 8.38352 0.330666
8.15195 8.78004 0.336615
8.44556 8.56767 0.350613
8.39866 8.36608 0.303104
8.39866 8.36608 0.303104
8.39866 8.36608 0.303104
8.56331 8.3755 0.308952
8.54099 8.95997 0.300395
8.90638 9.14385 0.31197
8.90638 9.14385 0.31197
8.15722 8.59057 0.320312
8.22892 8.4838 0.327259
9.25145 8.56062 0.321409
8.22887 8.33028 0.318855
8.22887 8.33028 0.318855
8.22887 8.33028 0.318855
8.22887 8.33028 0.318855
8.22887 8.33028 0.318855
8.62175 8.44528 0.321142
8.58154 8.54503 0.310528
8.58154 8.54503 0.310528
8.58154 8.54503 0.310528
8.44781 8.88445 0.324835
8.44781 8.88445 0.324835
8.26008 8.71163 0.314506
8.92105 8.54462 0.307657
8.3444 8.53187 0.325368
8.46637 9.12107 0.326335
8.15801 8.97168 0.316735
9.21319 8.46419 0.313222
9.21319 8.46419 0.313222
9.21319 8.46419 0.313222
8.31029 8.36863 0.331851
8.74283 8.86361 0.331271
8.20601 8.52538 0.32055
8.45587 9.0246 0.330158
8.205 8.39056 0.327242
8.205 8.39056 0.327242
8.205 8.39056 0.327242
8.71255 8.56389 0.33176
8.62518 8.2996 0.309698
8.58933 8.85002 0.319647
8.52627 9.19658 0.333583
8.22751 9.11641 0.32556
8.82229 9.04608 0.324748
9.08702 8.35343 0.319703
8.98942 8.77411 0.318013
9.07148 8.68803 0.312957
9.07148 8.68803 0.312957
8.42637 8.33502 0.331052
8.42637 8.33502 0.331052
9.20265 8.49957 0.318337
8.54966 8.58553 0.315802
8.54966 8.58553 0.315802
8.54966 8.58553 0.315802
8.25902 8.93152 0.317957
8.43113 8.56379 0.31696
8.45871 8.7273 0.308098
8.75934 8.69585 0.333126
8.75934 8.69585 0.333126
8.75934 8.69585 0.333126
8.75934 8.69585 0.333126
8.75934 8.69585 0.333126
7.83856 8.73758 0.311204
8.9943 8.48147 0.320053
8.9943 8.48147 0.320053
9.31794 8.83092 0.317425
9.31794 8.83092 0.317425
9.31794 8.83092 0.317425
9.31794 8.83092 0.317425
9.31794 8.83092 0.317425
8.81172 9.0141 0.314619
8.59241 8.6774 0.309626
8.84636 8.52415 0.332763
8.84636 8.52415 0.332763
8.7701 8.77755 0.319634
8.7701 8.77755 0.319634
8.10332 8.26389 0.32403
8.40453 8.48571 0.326508
8.66981 8.63907 0.323176
8.66981 8.63907 0.323176
8.47513 9.16759 0.323138
8.47513 9.16759 0.323138
8.47513 9.16759 0.323138
8.47513 9.16759 0.323138
9.01661 8.16807 0.30588
9.01661 8.16807 0.30588
9.01661 8.16807 0.30588
9.00429 8.87601 0.323775
9.00429 8.87601 0.323775
8.73211 8.80701 0.305232
8.73211 8.80701 0.305232
8.73211 8.80701 0.305232
8.73211 8.80701 0.305232
9.10392 9.0092 0.315632
8.9463 9.34775 0.315715
8.7092 8.47329 0.315414
8.77245 8.61557 0.314096
8.77245 8.61557 0.314096
8.58107 9.04394 0.309897
8.07982 8.71649 0.318084
9.31691 8.71152 0.30795
8.79596 9.08647 0.349337
8.46391 8.61894 0.318992
8.48576 8.98764 0.311585
9.14128 8.85382 0.324559
9.14128 8.85382 0.324559
9.14128 8.85382 0.324559
8.89826 8.50597 0.32136
8.89826 8.50597 0.32136
8.89826 8.50597 0.32136
8.89826 8.50597 0.32136
8.89826 8.50597 0.32136
8.90553 8.70597 0.30509
8.90553 8.70597 0.30509
8.90553 8.70597 0.30509
9.24095 8.81271 0.339465
8.5272 8.56965 0.308002
8.25568 8.31197 0.318779
8.57241 9.19394 0.33582
8.57616 9.09141 0.326979
8.56839 8.80777 0.327993
8.89472 8.46162 0.314278
8.92714 8.13167 0.322941
7.95689 8.48519 0.327089
8.43272 8.95376 0.317152
8.6184 8.78858 0.337377
9.0176 8.42219 0.327237
9.0176 8.42219 0.327237
8.66301 8.68145 0.326082
8.66301 8.68145 0.326082
8.66301 8.68145 0.326082
9.08593 8.48677 0.313792
9.08593 8.48677 0.313792
9.08593 8.48677 0.313792
8.58457 8.75147 0.333784
8.58457 8.75147 0.333784
8.72479 8.72486 0.315727
8.54399 8.39959 0.305554
8.54399 8.39959 0.305554
8.5646 8.96336 0.308914
8.47587 9.03823 0.312841
8.78456 8.7311 0.319145
9.02935 8.75379 0.304021
9.02935 8.75379 0.304021
9.02935 8.75379 0.304021
9.02935 8.75379 0.304021
8.68037 8.64637 0.329785
8.44329 8.88723 0.321665
8.44329 8.88723 0.321665
8.44329 8.88723 0.321665
8.40337 8.83935 0.338684
8.40337 8.83935 0.338684
8.40337 8.83935 0.338684
8.40337 8.83935 0.338684
8.86644 8.75756 0.314303
8.86644 8.75756 0.314303
9.13655 8.6661 0.311303
8.997 8.71714 0.325947
8.997 8.71714 0.325947
8.74946 8.57403 0.326087
8.62921 9.14755 0.316191
8.62921 9.14755 0.316191
8.49021 8.91769 0.326216
8.49021 8.91769 0.326216
8.04781 8.73427 0.333384
8.04781 8.73427 0.333384
8.58777 8.44076 0.321699
8.58777 8.44076 0.321699
8.55857 8.71763 0.314011
8.64272 8.96486 0.325564
8.64272 8.96486 0.325564
8.64272 8.96486 0.325564
8.17133 8.45853 0.328828
8.48419 8.48948 0.316901
7.98136 9.12791 0.349393
8.71584 8.43595 0.337519
9.15631 8.71159 0.317305
9.15631 8.71159 0.317305
9.15631 8.71159 0.317305
9.15631 8.71159 0.317305
8.03971 9.14834 0.315962
8.03971 9.14834 0.315962
8.49761 8.44657 0.312989
8.70859 8.98431 0.323208
8.61731 9.02686 0.325711
8.14327 8.37218 0.325432
8.78824 8.52202 0.319595
8.78824 8.52202 0.319595
8.44308 8.32881 0.337632
8.44308 8.32881 0.337632
8.42901 7.94104 0.333507
8.98439 8.4906 0.321439
8.98439 8.4906 0.321439
8.79332 8.68389 0.324646
8.50757 8.76743 0.33338
8.50757 8.76743 0.33338
8.73365 9.40185 0.328956
7.91113 9.03528 0.310553
8.85714 8.78792 0.314776
8.85714 8.78792 0.314776
8.56457 8.3111 0.30723
8.56457 8.3111 0.30723
8.56457 8.3111 0.30723
8.56457 8.3111 0.30723
8.55977 8.83479 0.326946
8.55977 8.83479 0.326946
8.55977 8.83479 0.326946
8.84228 8.52099 0.303263
8.84228 8.52099 0.303263
8.37339 8.57569 0.345959
8.04368 9.06276 0.326567
8.04368 9.06276 0.326567
8.64749 8.38958 0.31682
8.43744 8.03687 0.313977
8.79688 8.83713 0.32576
8.27348 8.98241 0.317871
8.99063 8.33096 0.324215
8.50835 8.44306 0.332842
8.94018 8.444 0.326846
8.67555 8.59903 0.331061
8.82474 8.11207 0.313436
8.82474 8.11207 0.313436
7.96767 8.01653 0.321299
8.53298 9.02554 0.332705
8.45545 8.54576 0.328419
8.7562 8.94415 0.30655
8.14552 8.55306 0.33065
9.11178 9.14432 0.320729
9.09617 8.93338 0.329367
9.09617 8.93338 0.329367
8.87784 8.7157 0.318312
8.38607 9.03574 0.322725
8.38607 9.03574 0.322725
8.98943 8.81227 0.337358
9.23717 8.31123 0.318445
8.49861 8.94005 0.32841
8.8456 8.24668 0.333606
8.59378 8.83906 0.327495
8.6936 8.17029 0.329822
8.6936 8.17029 0.329822
8.6936 8.17029 0.329822
8.2594 8.57849 0.334172
8.2594 8.57849 0.334172
8.2594 8.57849 0.334172
8.2594 8.57849 0.334172
7.98731 8.22962 0.336003
8.52676 8.74745 0.318586
8.52676 8.74745 0.318586
8.26329 9.06276 0.323936
8.70477 8.91751 0.302373
8.64377 8.72949 0.307644
8.5904 8.62918 0.324626
8.5904 8.62918 0.324626
8.76854 8.68878 0.324578
8.76854 8.68878 0.324578
8.58564 8.76512 0.331201
8.58564 8.76512 0.331201
9.04891 8.5919 0.318464
9.04891 8.5919 0.318464
9.08749 8.53427 0.332049
8.9328 8.33462 0.326852
8.85797 8.43496 0.293959
9.02562 8.7371 0.316288
8.76604 8.62405 0.318953
8.66691 8.53616 0.327233
8.66691 8.53616 0.327233
8.66691 8.53616 0.327233
9.01137 8.48106 0.321732
8.7301 8.71687 0.301617
8.7301 8.71687 0.301617
8.1667 8.65002 0.317427
9.09914 8.20749 0.309834
9.09914 8.20749 0.309834
8.48228 8.56365 0.325514
8.20413 9.10568 0.303922
8.20413 9.10568 0.303922
8.53309 8.44566 0.304419
8.82499 9.16685 0.316517
8.86743 8.39977 0.317668
9.0271 8.57416 0.342768
8.99181 8.8807 0.313483
8.99181 8.8807 0.313483
8.72553 8.76133 0.321814
8.72553 8.76133 0.321814
8.81844 8.92978 0.318918
8.81446 8.52261 0.325766
8.41885 8.70286 0.313647
8.81844 8.13984 0.323489
8.81844 8.13984 0.323489
8.81844 8.13984 0.323489
8.88311 8.5705 0.304051
9.09328 8.5078 0.320566
8.77736 8.50892 0.344103
8.77736 8.50892 0.344103
8.63257 8.45174 0.326975
8.63257 8.45174 0.326975
8.09268 8.71544 0.309199
8.09268 8.71544 0.309199
8.09268 8.71544 0.309199
8.36053 8.41605 0.321138
8.36053 8.41605 0.321138
8.36053 8.41605 0.321138
8.72032 8.49669 0.32693
8.72032 8.49669 0.32693
8.72032 8.49669 0.32693
8.4068 8.92321 0.311478
8.4068 8.92321 0.311478
8.4068 8.92321 0.311478
8.80077 8.9483 0.307525
8.80077 8.9483 0.307525
8.67169 8.57536 0.312254
9.05403 8.80119 0.33209
8.50536 8.06191 0.314045
9.16443 9.16803 0.331346
9.16443 9.16803 0.331346
8.84164 8.86896 0.328942
8.64568 8.87849 0.324831
9.12319 8.88943 0.314638
9.12319 8.88943 0.314638
9.12319 8.88943 0.314638
8.55382 8.85058 0.305768
8.55382 8.85058 0.305768
8.55382 8.85058 0.305768
9.2241 8.63397 0.32639
8.7883 8.48838 0.312846
9.07897 8.53764 0.323109
9.0269 8.96835 0.321
8.33259 8.92869 0.3378
8.7692 8.78834 0.311694
8.18814 8.45485 0.313183
8.18814 8.45485 0.313183
8.36069 8.08053 0.320357
8.87421 8.57989 0.313563
8.31568 8.72565 0.320177
8.16587 8.91388 0.311125
8.73366 8.3515 0.320842
8.57004 8.19929 0.334002
9.26076 9.10327 0.322995
9.26076 9.10327 0.322995
8.64533 8.76295 0.304972
8.64533 8.76295 0.304972
8.76388 8.7064 0.320728
8.81026 8.47753 0.305794
8.1842 8.66038 0.313878
8.1842 8.66038 0.313878
8.65348 8.91311 0.318904
8.65357 9.10474 0.308768
8.62326 8.95034 0.315208
8.2934 8.38222 0.315797
8.63575 8.66206 0.31516
8.79635 8.50457 0.306334
8.7733 8.67549 0.320641
8.7733 8.67549 0.320641
8.7733 8.67549 0.320641
8.86302 8.79237 0.310445
8.70622 8.93384 0.339271
8.80569 8.505 0.321041
8.45792 8.68421 0.332679
8.67799 8.44 0.306868
8.67799 8.44 0.306868
8.67799 8.44 0.306868
8.70767 8.38264 0.32311
8.70767 8.38264 0.32311
8.27285 8.93723 0.323024
8.73679 8.25728 0.330046
8.73679 8.25728 0.330046
8.73679 8.25728 0.330046
8.79735 8.58613 0.320398
9.01821 8.82767 0.315129
9.00575 8.03978 0.325848
8.82727 8.61131 0.313915
8.82727 8.61131 0.313915
8.82727 8.61131 0.313915
8.43588 8.84855 0.309546
8.43588 8.84855 0.309546
8.43588 8.84855 0.309546
8.53561 9.09317 0.317672
8.48267 8.82243 0.317488
9.22826 8.36611 0.328362
9.22826 8.36611 0.328362
9.22826 8.36611 0.328362
9.22826 8.36611 0.328362
8.70468 8.62113 0.323342
8.70468 8.62113 0.323342
8.94293 8.37853 0.336349
8.94293 8.37853 0.336349
8.94293 8.37853 0.336349
8.44914 9.12776 0.315144
9.11557 8.66061 0.313409
9.11557 8.66061 0.313409
8.43017 8.97093 0.310324
8.60288 8.95314 0.325948
8.60288 8.95314 0.325948
8.47966 8.75964 0.341342
8.47966 8.75964 0.341342
8.52417 8.7352 0.306368
8.82946 9.42869 0.323624
8.80496 8.62673 0.32193
8.80496 8.62673 0.32193
8.85162 8.69249 0.30702
8.85162 8.69249 0.30702
8.85162 8.69249 0.30702
8.95465 8.50862 0.316702
8.50556 8.77576 0.312956
8.50556 8.77576 0.312956
8.53451 8.47766 0.296718
8.16138 8.93035 0.307018
8.16138 8.93035 0.307018
8.16138 8.93035 0.307018
9.02217 8.21266 0.331374
9.02217 8.21266 0.331374
8.46909 8.39578 0.308787
8.62899 8.13752 0.308792
8.58258 9.09639 0.336846
8.58258 9.09639 0.336846
8.8099 8.62128 0.315959
8.95341 8.89163 0.308803
8.95341 8.89163 0.308803
8.95341 8.89163 0.308803
8.80873 9.13368 0.325613
8.71452 8.62061 0.324187
8.71452 8.62061 0.324187
9.08318 9.10884 0.329395
9.08318 9.10884 0.329395
9.08318 9.10884 0.329395
8.30653 9.0387 0.322375
8.25724 8.12965 0.308542
8.7545 8.14153 0.299286
8.94062 8.87902 0.312724
8.94062 8.87902 0.312724
8.77244 8.77425 0.324407
8.68235 8.42117 0.310997
9.04922 8.68039 0.316975
8.64208 8.65365 0.324656
8.11589 8.34236 0.327756
8.82824 8.82845 0.326638
8.82824 8.82845 0.326638
9.15243 8.21397 0.341474
9.15243 8.21397 0.341474
8.41881 8.6928 0.302247
8.66091 8.14525 0.337869
8.79739 8.14337 0.328365
8.15022 8.36522 0.337839
8.50906 8.64741 0.321383
8.49938 8.3529 0.328602
8.72275 8.40412 0.311123
8.17446 8.20553 0.321116
9.77326 9.95822 0.312582
9.15356 9.57724 0.3249
9.4676 9.34823 0.329108
9.4676 9.34823 0.329108
9.4676 9.34823 0.329108
9.4676 9.34823 0.329108
9.6008 9.65191 0.325797
9.24339 9.59562 0.318748
9.72608 9.72168 0.317098
9.42687 9.45814 0.315282
9.42688 9.39838 0.325073
9.21716 9.67365 0.303795
9.68257 9.33162 0.318355
9.36592 9.3161 0.312352
9.93667 9.29309 0.319746
9.93667 9.29309 0.319746
9.43455 9.27521 0.324697
9.67282 9.7098 0.322159
9.47423 9.74266 0.304673
9.47423 9.74266 0.304673
9.62005 9.8809 0.316618
9.20028 9.30273 0.313985
9.7037 10.1635 0.314174
9.7191 9.28669 0.329201
9.33596 10.2091 0.314475
9.22747 9.81373 0.325065
9.35341 10.0348 0.313815
9.59544 9.63514 0.301766
9.55832 10.0378 0.312985
9.55832 10.0378 0.312985
10.7249 9.56336 0.30243
9.50743 9.45081 0.313414
8.94621 9.90024 0.322124
9.72204 9.26366 0.321627
9.38881 9.17213 0.295933
9.69832 9.02459 0.302791
9.70729 9.5746 0.328289
9.88244 9.13372 0.30322
9.13092 9.53643 0.315381
9.3439 9.72577 0.308293
9.3439 9.72577 0.308293
9.3439 9.72577 0.308293
9.96644 9.80946 0.311911
9.8265 9.91597 0.322846
9.65756 9.32053 0.302392
9.70945 9.86577 0.317157
9.0105 9.64747 0.317239
9.0105 9.64747 0.317239
9.84941 9.64694 0.324721
9.86222 9.4489 0.311661
9.59037 10.054 0.308889
9.20866 9.31258 0.31776
9.20866 9.31258 0.31776
9.50681 9.85878 0.310414
9.50681 9.85878 0.310414
6.78652 6.86296 0.281726
6.78652 6.86296 0.281726
6.53646 6.57196 0.302897
6.53646 6.57196 0.302897
6.53646 6.57196 0.302897
6.53646 6.57196 0.302897
6.53646 6.57196 0.302897
6.53646 6.57196 0.302897
7.69625 6.67681 0.292226
7.69625 6.67681 0.292226
6.61976 7.03175 0.312289
6.61976 7.03175 0.312289
6.61976 7.03175 0.312289
6.61976 7.03175 0.312289
6.01745 6.62712 0.299193
6.51969 6.76272 0.314942
7.34084 6.88386 0.290352
6.60541 6.43706 0.292835
6.60541 6.43706 0.292835
6.60541 6.43706 0.292835
6.85376 6.77443 0.285785
6.80434 7.44126 0.295759
6.80434 7.44126 0.295759
6.91969 6.87094 0.317074
6.91969 6.87094 0.317074
6.91969 6.87094 0.317074
6.91969 6.87094 0.317074
6.99884 6.85394 0.290889
6.99884 6.85394 0.290889
6.99884 6.85394 0.290889
7.0405 6.51761 0.307078
7.0405 6.51761 0.307078
7.0405 6.51761 0.307078
7.77893 7.62532 0.32284
7.77893 7.62532 0.32284
7.77893 7.62532 0.32284
7.4027 7.61176 0.297244
7.4027 7.61176 0.297244
7.1402 7.55816 0.319943
6.90505 7.98217 0.322313
7.74524 7.6447 0.321816
7.70272 7.82013 0.334101
7.70272 7.82013 0.334101
7.70272 7.82013 0.334101
7.70272 7.82013 0.334101
6.55192 6.86243 0.282482
6.55192 6.86243 0.282482
6.55192 6.86243 0.282482
6.68511 6.96357 0.312855
6.68511 6.96357 0.312855
7.1367 6.56581 0.310518
7.1367 6.56581 0.310518
6.73684 6.91389 0.3039
6.73684 6.91389 0.3039
6.78422 6.22107 0.309291
6.78422 6.22107 0.309291
6.78422 6.22107 0.309291
6.78422 6.22107 0.309291
6.78422 6.22107 0.309291
6.78422 6.22107 0.309291
6.78649 7.04498 0.308897
6.78649 7.04498 0.308897
6.80905 6.76469 0.298454
7.27919 6.45089 0.300834
6.64997 6.79671 0.297323
6.64997 6.79671 0.297323
6.64997 6.79671 0.297323
6.64997 6.79671 0.297323
6.46444 7.08859 0.310127
6.46444 7.08859 0.310127
6.45396 7.14931 0.296997
6.45396 7.14931 0.296997
6.45396 7.14931 0.296997
6.45396 7.14931 0.296997
6.45396 7.14931 0.296997
6.82661 6.61415 0.306147
6.82661 6.61415 0.306147
6.82661 6.61415 0.306147
6.67966 7.46108 0.277956
6.67966 7.46108 0.277956
6.76263 6.51167 0.291022
6.76263 6.51167 0.291022
6.76263 6.51167 0.291022
6.90575 6.81781 0.296294
6.90575 6.81781 0.296294
6.90575 6.81781 0.296294
6.90575 6.81781 0.296294
7.02575 6.84538 0.291724
7.02575 6.84538 0.291724
7.02575 6.84538 0.291724
6.36034 6.56235 0.31392
6.36034 6.56235 0.31392
6.82638 6.48565 0.291357
6.82638 6.48565 0.291357
6.82638 6.48565 0.291357
6.82638 6.48565 0.291357
6.82638 6.48565 0.291357
6.82638 6.48565 0.291357
6.82638 6.48565 0.291357
6.82638 6.48565 0.291357
6.82638 6.48565 0.291357
6.43999 6.75157 0.306414
6.43999 6.75157 0.306414
6.53737 6.62753 0.302578
6.36209 6.79032 -0.00729213
6.36209 6.79032 -0.00729213
6.20989 6.32536 0.00849406
6.20989 6.32536 0.00849406
6.20989 6.32536 0.00849406
6.14912 6.12257 0.00590595
6.14912 6.12257 0.00590595
6.14912 6.12257 0.00590595
6.44737 5.73607 0.00679362
6.44737 5.73607 0.00679362
6.44737 5.73607 0.00679362
8.0114 7.82175 0.297711
8.0114 7.82175 0.297711
8.0114 7.82175 0.297711
7.57436 7.57148 0.328674
7.06825 7.81507 0.325597
7.65224 7.3204 0.319981
7.65224 7.3204 0.319981
7.78066 7.47982 0.333815
7.54121 7.23277 0.329816
7.54121 7.23277 0.329816
7.63651 7.70904 0.32293
7.63651 7.70904 0.32293
7.63651 7.70904 0.32293
7.63651 7.70904 0.32293
7.63651 7.70904 0.32293
7.63651 7.70904 0.32293
7.27363 7.58436 0.331507
7.27363 7.58436 0.331507
7.97203 7.54744 0.335377
7.97203 7.54744 0.335377
7.97897 7.81867 0.321437
7.97897 7.81867 0.321437
7.97897 7.81867 0.321437
8.18984 7.65382 0.32297
8.18984 7.65382 0.32297
7.70825 7.86852 0.343429
7.70825 7.86852 0.343429
7.70825 7.86852 0.343429
7.70825 7.86852 0.343429
7.70825 7.86852 0.343429
3.9382 46.556 -66.807
3.9382 46.556 -66.807
3.9382 46.556 -66.807
3.9382 46.556 -66.807
3.9382 46.556 -66.807
3.9382 46.556 -66.807
3.9382 46.556 -66.807
3.9382 46.556 -66.807
3.9382 46.556 -66.807
3.9382 46.556 -66.807
3.9382 46.556 -66.807
3.9382 46.556 -66.807
3.9382 46.556 -66.807
3.9382 46.556 -66.807
3.9382 46.556 -66.807
3.9382 46.556 -66.807
3.9382 46.556 -66.807
3.9382 46.556 -66.807
3.9382 46.556 -66.807
3.9382 46.556 -66.807
3.9382 46.556 -66.807
3.9382 46.556 -66.807
3.9382 46.556 -66.807
3.9382 46.556 -66.807
3.9382 46.556 -66.807
3.9382 46.556 -66.807
3.9382 46.556 -66.807
3.9382 46.556 -66.807
3.9382 46.556 -66.807
3.9382 46.556 -66.807
3.9382 46.556 -66.807
3.9382 46.556 -66.807
3.9382 46.556 -66.807
3.9382 46.556 -66.807
3.9382 46.556 -66.807
3.9382 46.556 -66.807
3.9382 46.556 -66.807
3.9382 46.556 -66.807
3.9382 46.556 -66.807
3.9382 46.556 -66.807
3.9382 46.556 -66.807
3.9382 46.556 -66.807
3.9382 46.556 -66.807
3.9382 46.556 -66.807
3.9382 46.556 -66.807
3.9382 46.556 -66.807
3.9382 46.556 -66.807
3.9382 46.556 -66.807
3.9382 46.556 -66.807
3.9382 46.556 -66.807
3.9382 46.556 -66.807
3.9382 46.556 -66.807
3.9382 46.556 -66.807
3.9382 46.556 -66.807
3.9382 46.556 -66.807
3.9382 46.556 -66.807
3.9382 46.556 -66.807
3.9382 46.556 -66.807
3.9382 46.556 -66.807
3.9382 46.556 -66.807
3.9382 46.556 -66.807
3.9382 46.556 -66.807
3.9382 46.556 -66.807
3.9382 46.556 -66.807
3.9382 46.556 -66.807
3.9382 46.556 -66.807
3.9382 46.556 -66.807
3.9382 46.556 -66.807
3.9382 46.556 -66.807
3.9382 46.556 -66.807
3.9382 46.556 -66.807
3.9382 46.556 -66.807
7.27346 7.52048 0.342427
3.9382 46.556 -66.807
3.9382 46.556 -66.807
3.9382 46.556 -66.807
3.9382 46.556 -66.807
3.9382 46.556 -66.807
3.9382 46.556 -66.807
3.9382 46.556 -66.807
3.9382 46.556 -66.807
3.9382 46.556 -66.807
3.9382 46.556 -66.807
3.9382 46.556 -66.807
3.9382 46.556 -66.807
3.9382 46.556 -66.807
3.9382 46.556 -66.807
3.9382 46.556 -66.807
3.9382 46.556 -66.807
3.9382 46.556 -66.807
3.9382 46.556 -66.807
3.9382 46.556 -66.807
3.9382 46.556 -66.807
3.9382 46.556 -66.807
3.9382 46.556 -66.807
3.9382 46.556 -66.807
3.9382 46.556 -66.807
3.9382 46.556 -66.807
3.9382 46.556 -66.807
3.9382 46.556 -66.807
9.48177 8.74219 0.320251
8.69874 8.92997 0.314159
8.69874 8.92997 0.314159
8.69874 8.92997 0.314159
8.69874 8.92997 0.314159
8.69874 8.92997 0.314159
8.39362 9.04156 0.31674
8.93819 8.77258 0.32103
8.43036 8.9114 0.315236
8.43036 8.9114 0.315236
8.83782 8.47605 0.322033
8.46746 8.6842 0.306345
8.92403 9.14967 0.318603
7.82179 8.83284 0.3189
8.96677 8.19906 0.317484
8.43358 9.03237 0.319734
8.43358 9.03237 0.319734
8.43358 9.03237 0.319734
8.30876 8.73483 0.316726
8.6483 8.78333 0.320117
8.94632 9.28146 0.315833
8.83383 8.68696 0.323331
8.83383 8.68696 0.323331
8.83383 8.68696 0.323331
9.25621 8.86883 0.309513
8.77046 8.596 0.326445
8.77046 8.596 0.326445
8.77046 8.596 0.326445
8.16201 8.93404 0.325259
8.59587 8.81263 0.326335
8.59587 8.81263 0.326335
8.42706 9.30167 0.322112
8.59192 8.89755 0.324034
8.13857 8.76097 0.324487
8.5808 8.45679 0.33151
8.77649 8.29568 0.303421
8.6488 8.91926 0.319921
8.43495 7.80469 0.311243
8.77161 8.52213 0.314438
8.56432 8.22424 0.330226
8.63103 8.58161 0.311428
8.72711 8.74759 0.328497
8.66408 8.45135 0.316076
8.66408 8.45135 0.316076
8.25799 8.6095 0.317335
8.65043 8.42253 0.304374
8.65043 8.42253 0.304374
8.65043 8.42253 0.304374
8.65043 8.42253 0.304374
8.21405 9.00781 0.311142
8.57157 8.8196 0.311956
8.57157 8.8196 0.311956
8.17378 8.49243 0.324561
8.99051 8.59734 0.324797
8.63359 9.03481 0.326392
8.63359 9.03481 0.326392
8.59521 8.60873 0.319092
8.66281 8.80294 0.312211
8.53576 8.27233 0.330649
9.20484 8.87238 0.324093
9.20484 8.87238 0.324093
9.20484 8.87238 0.324093
9.20484 8.87238 0.324093
8.68443 8.29613 0.32869
8.66445 8.21123 0.337472
8.49363 8.73398 0.336457
8.16231 8.62614 0.321597
8.63293 8.71034 0.32066
8.66842 8.45426 0.320055
8.47708 8.7712 0.33105
9.1143 9.07177 0.3126
8.5882 8.98899 0.307754
9.07249 8.85064 0.307543
9.07249 8.85064 0.307543
8.20534 8.99261 0.327032
8.36738 8.23576 0.309844
8.36738 8.23576 0.309844
8.36738 8.23576 0.309844
8.61571 8.58542 0.327492
8.5085 8.51739 0.314325
8.60647 8.73311 0.311419
8.60647 8.73311 0.311419
8.20354 8.39712 0.306218
8.60043 8.60378 0.320656
8.47484 8.70985 0.315818
8.91848 8.62498 0.317037
8.58716 8.35634 0.335437
8.62502 8.43535 0.321535
8.62502 8.43535 0.321535
8.62502 8.43535 0.321535
8.62502 8.43535 0.321535
8.62502 8.43535 0.321535
8.62502 8.43535 0.321535
8.62502 8.43535 0.321535
8.62502 8.43535 0.321535
8.70332 8.50582 0.31533
9.06134 8.80809 0.323284
8.30807 8.03837 0.30338
8.21289 8.9927 0.321113
8.51524 8.61266 0.29675
8.51524 8.61266 0.29675
8.51524 8.61266 0.29675
8.61111 8.8674 0.300652
8.97723 8.74939 0.329966
8.97723 8.74939 0.329966
9.00343 8.74784 0.325739
8.68328 7.98913 0.309919
8.68328 7.98913 0.309919
8.66391 8.68485 0.322545
8.6428 8.68908 0.330637
8.8578 8.34674 0.320159
8.42135 8.62842 0.308459
8.42135 8.62842 0.308459
8.42135 8.62842 0.308459
8.59477 9.18225 0.318322
8.47919 8.73019 0.320408
8.47919 8.73019 0.320408
8.48037 9.30358 0.319994
8.48037 9.30358 0.319994
8.69617 8.50536 0.314869
8.69617 8.50536 0.314869
8.69617 8.50536 0.314869
8.09161 8.66478 0.313202
8.72763 8.95495 0.31855
8.72763 8.95495 0.31855
8.72763 8.95495 0.31855
8.56158 8.84578 0.321802
8.76626 8.52492 0.318107
8.70355 8.88296 0.305243
8.78492 8.98551 0.327556
8.78492 8.98551 0.327556
8.78492 8.98551 0.327556
8.6344 8.70949 0.328234
9.23201 8.56984 0.322346
8.46744 9.09292 0.318467
8.46744 9.09292 0.318467
8.46744 9.09292 0.318467
8.4649 8.71325 0.318731
8.45823 8.44984 0.308639
8.44506 8.66786 0.314496
8.6671 8.42011 0.304704
8.68152 8.32648 0.310936
8.68152 8.32648 0.310936
8.68152 8.32648 0.310936
9.49251 9.04474 0.312394
8.52961 8.6234 0.318949
8.52961 8.6234 0.318949
8.38683 8.3605 0.324516
8.47521 8.44298 0.322063
8.47521 8.44298 0.322063
8.47521 8.44298 0.322063
8.9652 8.2638 0.321924
8.9652 8.2638 0.321924
8.34814 8.9773 0.323319
8.8865 8.74036 0.322101
8.8865 8.74036 0.322101
8.31246 8.28966 0.309688
8.858 8.62014 0.318073
8.6581 8.77437 0.332079
8.6581 8.77437 0.332079
8.3181 8.89815 0.31432
8.3181 8.89815 0.31432
8.3181 8.89815 0.31432
8.35397 8.89057 0.321077
8.35397 8.89057 0.321077
8.35397 8.89057 0.321077
8.3863 8.69243 0.327594
8.3863 8.69243 0.327594
8.47919 8.22314 0.316889
8.62084 8.38937 0.3099
8.96478 8.6188 0.340804
8.96478 8.6188 0.340804
8.15434 8.4837 0.325925
8.15434 8.4837 0.325925
8.72818 8.77641 0.329858
8.72818 8.77641 0.329858
8.65618 8.29513 0.318357
8.65618 8.29513 0.318357
8.65618 8.29513 0.318357
8.67137 8.2293 0.330877
8.81648 8.70519 0.324288
8.68737 8.57254 0.326858
8.68737 8.57254 0.326858
9.16012 8.56912 0.330488
8.93983 8.50282 0.308769
8.93983 8.50282 0.308769
8.93983 8.50282 0.308769
8.81084 8.37573 0.319988
8.81084 8.37573 0.319988
8.58207 8.54472 0.330269
8.27491 8.72823 0.310053
7.99931 8.52822 0.310586
8.33615 8.7128 0.30741
8.6861 8.38962 0.317939
8.51217 8.9501 0.315352
9.13013 8.50221 0.300245
9.13013 8.50221 0.300245
9.13013 8.50221 0.300245
9.13013 8.50221 0.300245
8.88196 8.30649 0.323507
9.05602 8.82951 0.334412
8.92923 8.35839 0.303624
8.92923 8.35839 0.303624
8.44982 8.97109 0.327775
8.44982 8.97109 0.327775
8.44982 8.97109 0.327775
8.44982 8.97109 0.327775
8.76156 8.659 0.31247
8.62929 8.62794 0.311609
9.33696 9.04881 0.310468
8.36632 8.67976 0.32506
8.36632 8.67976 0.32506
8.69678 8.7151 0.307132
8.59045 8.73002 0.310674
8.27976 8.75084 0.339683
8.80743 8.93451 0.325881
8.80743 8.93451 0.325881
8.62702 8.36426 0.313697
8.62215 8.9652 0.326255
8.73038 8.91344 0.317183
9.32031 8.7008 0.321392
9.32031 8.7008 0.321392
8.07255 8.39462 0.326928
9.05084 8.64457 0.32475
9.05084 8.64457 0.32475
8.80864 8.74668 0.29689
9.17704 9.02776 0.314901
8.58089 8.68996 0.304047
8.64845 8.76312 0.332702
8.50961 8.55586 0.325964
8.71093 8.66658 0.326899
8.71093 8.66658 0.326899
8.53781 8.23836 0.317784
8.53781 8.23836 0.317784
8.53781 8.23836 0.317784
8.82923 8.67087 0.314832
8.45257 8.77981 0.304695
8.60799 9.26204 0.322332
8.30638 9.18278 0.341758
8.11111 8.82484 0.325403
8.11111 8.82484 0.325403
8.48877 8.65738 0.320597
8.46429 8.18937 0.312064
8.57618 8.59768 0.323939
8.57618 8.59768 0.323939
8.86611 8.88107 0.331375
8.86611 8.88107 0.331375
8.32534 9.14156 0.329868
9.02434 8.47141 0.339108
9.02434 8.47141 0.339108
8.76485 8.62327 0.317375
8.76485 8.62327 0.317375
8.96811 8.77744 0.314973
7.97832 8.04776 0.317359
8.64058 8.59134 0.315118
8.64058 8.59134 0.315118
8.5491 9.16241 0.328182
8.5491 9.16241 0.328182
8.5491 9.16241 0.328182
8.60061 8.53164 0.323964
8.60061 8.53164 0.323964
8.60061 8.53164 0.323964
8.62139 8.44059 0.32132
8.62139 8.44059 0.32132
8.62139 8.44059 0.32132
8.62139 8.44059 0.32132
9.07324 8.52479 0.318776
9.07324 8.52479 0.318776
9.07324 8.52479 0.318776
8.83366 8.61898 0.317679
8.62014 8.09196 0.316803
9.11579 8.51967 0.304224
9.11579 8.51967 0.304224
9.11579 8.51967 0.304224
7.75902 8.62347 0.31531
8.21868 8.03964 0.3069
8.21868 8.03964 0.3069
8.4868 8.67649 0.330384
8.6224 8.23632 0.320846
8.66652 8.65411 0.315207
8.89777 8.98526 0.311513
8.89777 8.98526 0.311513
8.89777 8.98526 0.311513
8.55808 8.51422 0.316235
8.55808 8.51422 0.316235
8.55808 8.51422 0.316235
8.66684 8.96431 0.328973
8.34018 8.8653 0.314391
8.31118 8.58878 0.316635
8.31118 8.58878 0.316635
8.31118 8.58878 0.316635
8.79262 8.56869 0.317827
8.79262 8.56869 0.317827
8.22986 8.36699 0.330259
8.1698 8.61815 0.343915
8.1698 8.61815 0.343915
9.21418 9.08191 0.321758
8.82664 8.54266 0.321137
8.60602 8.57323 0.321815
8.60602 8.57323 0.321815
8.60602 8.57323 0.321815
8.60602 8.57323 0.321815
8.06482 8.47506 0.332281
8.06482 8.47506 0.332281
8.93179 9.47014 0.327186
8.99673 8.34731 0.311827
8.8859 8.55512 0.316536
8.8859 8.55512 0.316536
8.85572 8.70618 0.325678
8.6325 9.21674 0.308458
8.66875 8.38019 0.314002
8.47098 9.22801 0.324908
8.24511 8.67339 0.313535
8.24511 8.67339 0.313535
8.98884 8.33966 0.305499
8.98884 8.33966 0.305499
8.73325 8.74697 0.309064
8.76717 8.42061 0.326014
8.74552 8.65999 0.316485
8.74552 8.65999 0.316485
8.74552 8.65999 0.316485
8.53819 8.59176 0.354596
8.30355 8.69046 0.31609
9.27183 7.74089 0.314659
9.27183 7.74089 0.314659
9.27183 7.74089 0.314659
8.84634 8.42098 0.300654
8.62222 8.52893 0.322108
8.62222 8.52893 0.322108
9.04509 8.17163 0.313726
9.02307 8.16562 0.33047
9.02307 8.16562 0.33047
9.02307 8.16562 0.33047
8.57776 8.16409 0.323351
8.68648 8.64279 0.304569
8.26952 8.29476 0.307132
9.09035 8.89078 0.316217
9.09035 8.89078 0.316217
8.72141 8.29761 0.313466
8.42939 8.95455 0.31719
8.91638 8.60893 0.327604
8.96588 9.16549 0.335782
8.67112 9.04427 0.322137
8.90329 8.95542 0.337072
8.46523 8.75896 0.326011
8.45253 8.76522 0.321127
8.45253 8.76522 0.321127
8.98713 8.7288 0.312361
8.66169 8.53082 0.306234
8.80061 8.43898 0.301399
8.83359 8.57029 0.317922
8.83359 8.57029 0.317922
8.42182 8.62846 0.305616
8.42182 8.62846 0.305616
8.56969 8.28095 0.321732
8.56969 8.28095 0.321732
8.56969 8.28095 0.321732
8.56969 8.28095 0.321732
8.53434 8.41965 0.338743
8.53434 8.41965 0.338743
8.53434 8.41965 0.338743
9.12212 8.87037 0.320223
9.12212 8.87037 0.320223
8.97765 8.75983 0.324521
8.97765 8.75983 0.324521
8.97765 8.75983 0.324521
8.73501 8.46973 0.316532
8.73501 8.46973 0.316532
8.73501 8.46973 0.316532
8.73501 8.46973 0.316532
8.8213 9.11459 0.318687
9.0842 8.07918 0.315659
9.0842 8.07918 0.315659
9.0842 8.07918 0.315659
8.73368 8.76261 0.315487
8.27254 8.95876 0.320603
9.14442 8.50135 0.3325
9.14442 8.50135 0.3325
9.14442 8.50135 0.3325
8.98742 8.4072 0.336899
8.92044 9.28741 0.331058
8.74452 8.99404 0.322839
9.0095 8.66429 0.325291
9.0095 8.66429 0.325291
8.5888 8.56152 0.315301
8.5888 8.56152 0.315301
8.5888 8.56152 0.315301
8.5888 8.56152 0.315301
9.10453 8.86862 0.325767
8.40699 8.83021 0.314164
9.44269 8.67221 0.307551
9.44269 8.67221 0.307551
9.38508 8.81211 0.299365
9.01921 9.04033 0.306738
9.05226 8.73142 0.312291
8.47638 8.52546 0.321953
8.61996 8.49663 0.304016
8.42315 8.89896 0.30472
8.42315 8.89896 0.30472
8.69481 8.57047 0.313786
8.69453 9.26501 0.336388
8.96681 8.68233 0.308345
8.96681 8.68233 0.308345
8.96681 8.68233 0.308345
8.96681 8.68233 0.308345
8.11912 9.06011 0.319859
8.11912 9.06011 0.319859
8.98455 8.46548 0.308528
8.98455 8.46548 0.308528
8.98455 8.46548 0.308528
8.63088 8.50222 0.306547
8.63088 8.50222 0.306547
9.18465 8.42548 0.313003
8.92629 8.37242 0.319701
8.20961 9.40058 0.302987
8.20961 9.40058 0.302987
8.20961 9.40058 0.302987
8.91893 8.71321 0.338886
8.91893 8.71321 0.338886
8.09953 8.66204 0.318145
8.79232 9.02681 0.330629
9.06613 8.32343 0.339742
8.57337 8.41165 0.311233
8.57337 8.41165 0.311233
7.92014 8.75203 0.320817
8.86277 8.94053 0.31785
9.17946 8.44331 0.314584
9.17946 8.44331 0.314584
9.17946 8.44331 0.314584
9.17946 8.44331 0.314584
8.51197 8.37973 0.323755
8.51197 8.37973 0.323755
8.31977 8.09992 0.309105
9.15599 9.03186 0.335409
8.86567 8.68772 0.307139
8.71326 8.54208 0.318586
8.71326 8.54208 0.318586
8.42419 8.46649 0.327499
8.42419 8.46649 0.327499
8.18197 8.08315 0.335371
8.37161 8.13887 0.314363
8.37161 8.13887 0.314363
8.37161 8.13887 0.314363
8.66545 8.81083 0.307463
8.28656 8.54387 0.317473
8.67109 8.39405 0.314028
8.04265 8.95901 0.310051
8.04265 8.95901 0.310051
8.49859 8.94086 0.338781
8.66169 8.7145 0.328681
8.39152 8.01431 0.337105
8.3495 8.52624 0.325244
8.3495 8.52624 0.325244
8.50057 9.0119 0.330883
8.50057 9.0119 0.330883
9.07935 9.02031 0.32705
9.14825 8.43226 0.320818
9.14825 8.43226 0.320818
8.67715 9.06816 0.318242
8.67715 9.06816 0.318242
8.39227 8.46263 0.314026
8.97879 9.1538 0.306693
8.97879 9.1538 0.306693
8.68695 8.93179 0.303533
8.40653 8.53335 0.31011
8.40653 8.53335 0.31011
8.42752 8.89418 0.311599
8.42752 8.89418 0.311599
8.85677 8.49236 0.314198
8.45575 8.9647 0.312456
8.18619 7.82884 0.331162
8.82092 8.91235 0.324001
8.85516 8.80998 0.319042
8.58806 8.60031 0.333623
8.58806 8.60031 0.333623
8.26934 8.76458 0.308406
9.07483 8.85888 0.321523
8.7404 8.5887 0.315714
8.7404 8.5887 0.315714
8.62596 9.31382 0.315922
8.77585 9.10805 0.312053
8.77585 9.10805 0.312053
8.37851 8.95927 0.312478
8.85133 8.07715 0.320292
9.71538 9.09722 0.321884
8.93428 8.43707 0.335808
9.20622 8.93406 0.324334
8.89009 7.74471 0.295141
9.55194 8.49457 0.31785
9.55194 8.49457 0.31785
8.62198 8.92304 0.327806
8.62198 8.92304 0.327806
8.62198 8.92304 0.327806
8.80276 8.65559 0.306128
8.80276 8.65559 0.306128
8.87356 8.03978 0.321468
8.87356 8.03978 0.321468
8.55353 8.7935 0.307191
8.49639 8.65916 0.318062
8.68648 8.75094 0.325483
8.70217 8.86478 0.334327
8.70217 8.86478 0.334327
8.70217 8.86478 0.334327
8.40835 8.35261 0.322905
8.40835 8.35261 0.322905
8.40835 8.35261 0.322905
8.40835 8.35261 0.322905
9.00472 8.91844 0.328786
9.00472 8.91844 0.328786
9.00472 8.91844 0.328786
8.79505 8.53326 0.304948
8.91333 8.59094 0.316903
8.91333 8.59094 0.316903
8.91333 8.59094 0.316903
8.53023 9.06957 0.32414
9.05186 9.05735 0.313164
8.7905 8.39593 0.327457
9.06761 8.55463 0.318422
9.06761 8.55463 0.318422
8.8311 8.51709 0.314651
8.19275 8.58563 0.314893
8.80464 8.6802 0.340922
8.80464 8.6802 0.340922
8.80464 8.6802 0.340922
8.80464 8.6802 0.340922
8.60602 9.01555 0.333602
8.60602 9.01555 0.333602
8.42244 8.74893 0.317959
9.30672 8.56572 0.310381
8.84183 8.8034 0.319889
8.25955 8.17919 0.325524
8.80489 8.18612 0.307887
8.97984 8.41946 0.323178
8.66414 8.7521 0.325848
8.44721 8.63082 0.319337
8.41239 9.03097 0.335178
8.41239 9.03097 0.335178
8.41239 9.03097 0.335178
8.41239 9.03097 0.335178
8.53383 8.39324 0.311905
9.20479 8.42219 0.30874
8.57461 8.65224 0.297981
8.57461 8.65224 0.297981
8.49148 8.94931 0.319404
8.40888 9.05493 0.326612
8.87768 8.46324 0.314237
8.87768 8.46324 0.314237
8.76777 9.00874 0.319203
8.49665 8.82586 0.32116
8.49665 8.82586 0.32116
8.62239 8.68895 0.312478
8.62239 8.68895 0.312478
9.12602 9.12917 0.32189
8.70921 8.52982 0.298814
8.54473 8.65545 0.308553
8.54473 8.65545 0.308553
8.61387 8.46196 0.332351
8.44099 8.17251 0.312262
8.27921 8.60467 0.319774
8.60183 8.16403 0.306452
8.60183 8.16403 0.306452
8.60183 8.16403 0.306452
8.60183 8.16403 0.306452
9.21028 8.70338 0.3306
8.75429 8.38222 0.330964
8.75429 8.38222 0.330964
8.9905 9.25868 0.321481
8.9905 9.25868 0.321481
8.84387 8.85347 0.319663
8.41557 8.83086 0.345379
8.69179 8.6406 0.305463
8.9084 9.34979 0.332235
8.23327 8.41219 0.312513
8.23327 8.41219 0.312513
8.65335 8.71988 0.289325
8.65335 8.71988 0.289325
8.45807 8.33543 0.333559
8.45807 8.33543 0.333559
8.65901 9.03025 0.33461
8.65901 9.03025 0.33461
8.76014 8.73778 0.337326
8.80089 8.66571 0.330737
9.11375 8.69932 0.311471
8.44058 8.58386 0.313581
8.80942 8.02425 0.316922
8.80942 8.02425 0.316922
8.94748 8.90102 0.329815
8.41552 8.66069 0.307097
8.41552 8.66069 0.307097
8.2433 8.77785 0.317224
8.58939 8.84203 0.324078
8.58939 8.84203 0.324078
8.58895 9.10819 0.322373
9.04613 8.7894 0.335632
8.08736 8.7254 0.320349
8.08736 8.7254 0.320349
8.77731 9.19442 0.307229
8.77731 9.19442 0.307229
8.99363 8.47356 0.323586
9.23477 8.4741 0.32011
9.03966 8.98047 0.315635
9.03966 8.98047 0.315635
8.63871 8.68743 0.314381
8.63871 8.68743 0.314381
8.29483 9.03979 0.314485
8.29483 9.03979 0.314485
8.93199 8.62608 0.32637
8.93199 8.62608 0.32637
8.93199 8.62608 0.32637
8.96339 8.49082 0.327382
8.96339 8.49082 0.327382
8.65333 8.49745 0.32271
8.83082 8.52863 0.314141
8.83082 8.52863 0.314141
9.06126 9.037 0.315777
8.97103 8.91175 0.310738
9.12571 8.20469 0.341466
9.12571 8.20469 0.341466
9.29014 8.80769 0.300951
8.84412 9.34788 0.31532
9.40929 9.21249 0.324755
9.40929 9.21249 0.324755
9.40929 9.21249 0.324755
9.28691 8.2917 0.30994
8.29338 8.59781 0.320551
8.95604 8.69823 0.312794
8.57063 8.79355 0.315885
8.47129 8.39268 0.312599
8.47129 8.39268 0.312599
8.15536 8.78742 0.339905
8.80393 8.78421 0.331774
8.98145 9.07356 0.320916
8.98145 9.07356 0.320916
9.29269 8.83889 0.308442
8.23889 8.62406 0.325266
8.99098 9.03293 0.321828
8.99098 9.03293 0.321828
9.31628 8.55961 0.320122
9.31628 8.55961 0.320122
8.55683 8.8048 0.309379
8.55683 8.8048 0.309379
8.48369 8.62434 0.345148
8.98936 8.61634 0.336081
8.98936 8.61634 0.336081
8.98936 8.61634 0.336081
8.419 8.65015 0.318523
8.419 8.65015 0.318523
8.43794 8.62162 0.33856
8.8612 8.48926 0.32791
8.86231 8.78221 0.319926
8.30076 8.74915 0.306278
8.61064 8.04158 0.310353
8.61064 8.04158 0.310353
8.7491 8.58234 0.311738
8.68311 8.86647 0.314591
8.68311 8.86647 0.314591
8.68311 8.86647 0.314591
8.68311 8.86647 0.314591
8.68311 8.86647 0.314591
8.89978 8.7463 0.326868
8.89978 8.7463 0.326868
8.89382 8.25243 0.31806
8.89382 8.25243 0.31806
8.89382 8.25243 0.31806
8.67357 8.48662 0.322739
8.77333 8.36236 0.310708
8.77333 8.36236 0.310708
8.73248 8.61504 0.336315
8.92696 8.90558 0.329002
8.66885 8.71945 0.33285
9.02773 8.82337 0.323147
9.02773 8.82337 0.323147
9.02773 8.82337 0.323147
8.97454 8.82865 0.312423
8.97454 8.82865 0.312423
8.97454 8.82865 0.312423
8.71362 8.63733 0.340286
8.60107 8.53103 0.321628
8.35805 8.41135 0.338009
8.06549 8.91924 0.324916
8.89488 8.70872 0.312876
8.34496 8.32153 0.320327
8.34496 8.32153 0.320327
8.5051 8.49626 0.319212
8.94725 8.58803 0.316144
8.94725 8.58803 0.316144
8.7497 8.76468 0.311698
8.7497 8.76468 0.311698
9.13105 8.25773 0.305764
9.13105 8.25773 0.305764
8.72211 8.27423 0.322992
8.40328 8.41941 0.331478
8.53273 8.46858 0.316019
8.88228 8.22273 0.32162
8.88555 8.08719 0.321152
8.88555 8.08719 0.321152
8.71032 8.52575 0.317906
8.71032 8.52575 0.317906
8.71032 8.52575 0.317906
8.50948 8.04059 0.332914
8.68078 8.39737 0.307025
8.47979 8.30482 0.315087
8.449 8.04612 0.337415
8.83094 8.82969 0.320787
8.93343 8.72432 0.318236
9.20829 8.61536 0.324262
8.81528 8.94496 0.317108
8.0139 8.48361 0.314779
8.78103 8.57674 0.314678
9.02396 8.40403 0.325974
8.75786 8.4376 0.319638
8.75786 8.4376 0.319638
9.08019 8.7621 0.335182
8.27702 8.71482 0.321512
8.87506 8.23235 0.327981
8.72349 8.72302 0.323697
8.52858 8.892 0.335766
8.71644 9.11208 0.320819
8.71644 9.11208 0.320819
8.34462 8.76471 0.327466
8.28932 8.88783 0.319752
8.69689 8.99245 0.317399
8.69689 8.99245 0.317399
8.4925 8.586 0.319348
8.4925 8.586 0.319348
8.46133 8.71735 0.309401
8.46133 8.71735 0.309401
9.19308 8.32399 0.312595
8.74682 8.98084 0.329911
8.74682 8.98084 0.329911
8.93991 8.37644 0.315597
8.93991 8.37644 0.315597
8.4356 8.75615 0.31316
8.80988 8.72784 0.326322
8.80988 8.72784 0.326322
8.80988 8.72784 0.326322
8.25043 8.6644 0.317639
8.25043 8.6644 0.317639
9.16126 8.99819 0.319641
8.62061 8.72618 0.316451
8.62061 8.72618 0.316451
8.20621 8.3118 0.327359
8.20621 8.3118 0.327359
8.57964 8.72517 0.315679
8.59605 8.83287 0.334518
8.54918 8.80222 0.333475
9.01545 8.57328 0.312556
8.21631 8.13687 0.3141
8.38162 8.46739 0.306098
8.38162 8.46739 0.306098
8.38162 8.46739 0.306098
9.15232 8.66274 0.327705
9.15232 8.66274 0.327705
8.42993 8.77399 0.32412
8.79054 8.64347 0.324912
8.11654 8.38118 0.299394
8.49027 8.75812 0.314455
8.49027 8.75812 0.314455
8.78939 8.80446 0.330615
8.54506 8.20513 0.321492
8.54506 8.20513 0.321492
8.3523 8.89469 0.288428
8.3523 8.89469 0.288428
8.38029 8.50634 0.321368
8.38029 8.50634 0.321368
8.5823 8.35752 0.300346
8.76035 8.59499 0.307841
8.68194 8.38451 0.305845
8.68194 8.38451 0.305845
8.68194 8.38451 0.305845
8.68194 8.38451 0.305845
8.68194 8.38451 0.305845
8.35082 8.56542 0.321177
9.0409 8.48342 0.296021
8.95354 8.70797 0.299268
8.95354 8.70797 0.299268
8.95354 8.70797 0.299268
8.95354 8.70797 0.299268
8.78775 8.76906 0.291136
8.78775 8.76906 0.291136
8.65269 8.92933 0.324342
8.78138 8.57305 0.324465
8.78138 8.57305 0.324465
8.48993 8.47045 0.310114
8.48993 8.47045 0.310114
8.76612 8.98046 0.324975
8.22657 8.58026 0.309267
8.3793 8.67668 0.32459
8.03516 8.35009 0.314876
8.03516 8.35009 0.314876
8.03516 8.35009 0.314876
8.47605 8.79147 0.311975
8.32427 8.90216 0.308102
8.32427 8.90216 0.308102
8.70694 8.86072 0.328378
8.70694 8.86072 0.328378
9.28551 8.60349 0.332813
8.53555 8.96728 0.339479
8.53555 8.96728 0.339479
9.01925 9.19614 0.329975
9.03289 8.53668 0.323967
9.03289 8.53668 0.323967
8.93216 8.17546 0.320431
8.92191 8.47731 0.316078
8.13488 8.89867 0.337755
8.71232 8.52824 0.332976
8.81523 8.39225 0.32366
8.65296 8.50764 0.311881
8.65296 8.50764 0.311881
8.22905 8.87777 0.333516
9.07392 8.67511 0.319061
8.70049 8.33463 0.325938
8.70049 8.33463 0.325938
8.6304 9.09394 0.322691
8.57536 8.82857 0.31921
9.41073 8.41045 0.314879
8.60984 8.18565 0.32501
8.60984 8.18565 0.32501
8.64794 8.26689 0.310889
8.43481 8.01364 0.312654
8.72837 8.80641 0.326525
7.95975 8.81227 0.301359
7.95975 8.81227 0.301359
8.34128 9.01418 0.329568
8.96344 9.28719 0.333322
8.96344 9.28719 0.333322
8.6409 8.44779 0.30777
9.1811 8.55095 0.326835
8.05865 8.56864 0.337838
8.43544 8.51325 0.301972
8.43544 8.51325 0.301972
8.43544 8.51325 0.301972
9.01707 9.14745 0.323653
9.01707 9.14745 0.323653
9.01707 9.14745 0.323653
8.53252 8.9133 0.30917
8.80462 8.93259 0.316873
8.80462 8.93259 0.316873
8.80462 8.93259 0.316873
8.64659 8.96849 0.309419
8.64659 8.96849 0.309419
8.49554 8.68423 0.325523
8.49554 8.68423 0.325523
9.08379 8.52893 0.320402
8.32859 8.36283 0.322637
8.32859 8.36283 0.322637
8.95124 8.66677 0.317801
8.95124 8.66677 0.317801
8.37574 8.70867 0.314292
8.37574 8.70867 0.314292
8.52226 8.95085 0.319794
8.52226 8.95085 0.319794
8.36362 8.40397 0.320999
8.36362 8.40397 0.320999
8.8995 8.6269 0.314979
8.8995 8.6269 0.314979
8.8995 8.6269 0.314979
8.53113 8.51906 0.317186
8.72628 8.40423 0.323888
8.53667 8.44938 0.336842
8.93715 7.91014 0.303919
8.7618 8.43353 0.318363
8.7618 8.43353 0.318363
7.40592 7.77971 0.333341
7.40592 7.77971 0.333341
7.44978 7.88051 0.33251
7.44978 7.88051 0.33251
7.44978 7.88051 0.33251
7.44978 7.88051 0.33251
7.44978 7.88051 0.33251
7.77432 7.13913 0.33897
7.77432 7.13913 0.33897
7.77432 7.13913 0.33897
7.77432 7.13913 0.33897
7.77432 7.13913 0.33897
8.02293 7.68051 0.336185
7.81055 8.00663 0.324161
7.81055 8.00663 0.324161
7.64547 7.57499 0.327729
7.76378 7.42439 0.317269
7.24002 7.81104 0.323056
7.24002 7.81104 0.323056
7.24002 7.81104 0.323056
7.24002 7.81104 0.323056
7.69626 7.7786 0.321977
7.69626 7.7786 0.321977
7.69626 7.7786 0.321977
7.79524 7.02523 0.310056
7.74628 7.30424 0.34056
7.74628 7.30424 0.34056
7.74628 7.30424 0.34056
8.05747 8.00521 0.335457
8.02878 7.85242 0.328809
8.02878 7.85242 0.328809
8.02878 7.85242 0.328809
8.02878 7.85242 0.328809
8.02878 7.85242 0.328809
8.02878 7.85242 0.328809
8.15884 7.78624 0.320251
8.15884 7.78624 0.320251
8.15884 7.78624 0.320251
7.64642 6.98007 0.318199
7.87381 7.33523 0.329961
7.86496 7.54851 0.33116
7.86496 7.54851 0.33116
7.86496 7.54851 0.33116
7.73105 7.13848 0.339577
7.73105 7.13848 0.339577
7.73105 7.13848 0.339577
7.59744 7.39381 0.314698
7.59744 7.39381 0.314698
7.59744 7.39381 0.314698
8.04952 7.64152 0.333692
8.04952 7.64152 0.333692
7.70325 7.8794 0.324036
7.70325 7.8794 0.324036
8.13824 7.59524 0.327676
8.13824 7.59524 0.327676
8.13824 7.59524 0.327676
8.13824 7.59524 0.327676
8.13824 7.59524 0.327676
8.13824 7.59524 0.327676
8.13824 7.59524 0.327676
7.53275 8.11846 0.313902
7.53275 8.11846 0.313902
8.03368 7.56343 0.32013
8.03368 7.56343 0.32013
8.03368 7.56343 0.32013
7.83276 7.70696 0.315854
7.83276 7.70696 0.315854
7.79927 7.97075 0.328735
8.09129 7.57473 0.334427
8.09129 7.57473 0.334427
7.12882 7.92529 0.319931
7.12882 7.92529 0.319931
7.12882 7.92529 0.319931
7.12882 7.92529 0.319931
7.6068 7.92178 0.336121
7.6068 7.92178 0.336121
7.6068 7.92178 0.336121
7.6068 7.92178 0.336121
7.6068 7.92178 0.336121
7.98056 7.79639 0.322823
7.98056 7.79639 0.322823
7.98056 7.79639 0.322823
7.98056 7.79639 0.322823
7.98056 7.79639 0.322823
7.98056 7.79639 0.322823
7.85964 7.32899 0.328211
7.85964 7.32899 0.328211
7.85964 7.32899 0.328211
7.76636 7.719 0.320658
7.76636 7.719 0.320658
7.65302 7.93549 0.302998
8.24605 7.44513 0.32597
7.32867 7.68722 0.323287
8.10846 8.02735 0.324229
7.65861 8.06289 0.332038
7.65861 8.06289 0.332038
7.65861 8.06289 0.332038
7.65861 8.06289 0.332038
7.65861 8.06289 0.332038
7.65861 8.06289 0.332038
7.77076 7.60822 0.306754
7.77076 7.60822 0.306754
7.77076 7.60822 0.306754
7.95351 7.69005 0.322975
7.50946 8.08946 0.320395
7.63132 7.35792 0.345164
7.63132 7.35792 0.345164
7.63132 7.35792 0.345164
7.63132 7.35792 0.345164
7.39231 7.90268 0.302433
7.39231 7.90268 0.302433
7.56721 7.75284 0.324941
7.36264 7.87462 0.330548
7.36264 7.87462 0.330548
7.37617 7.55101 0.303443
7.37617 7.55101 0.303443
7.61764 6.81755 0.320902
7.31463 8.33458 0.34241
7.31463 8.33458 0.34241
7.31463 8.33458 0.34241
7.59918 7.58902 0.319316
7.59918 7.58902 0.319316
7.27357 7.48541 0.306167
7.27357 7.48541 0.306167
7.27357 7.48541 0.306167
7.27357 7.48541 0.306167
7.27357 7.48541 0.306167
7.25242 7.53484 0.338791
7.25242 7.53484 0.338791
7.25242 7.53484 0.338791
7.25242 7.53484 0.338791
7.25242 7.53484 0.338791
8.07805 7.32964 0.32612
8.07805 7.32964 0.32612
7.51411 7.97965 0.332132
7.51411 7.97965 0.332132
7.51411 7.97965 0.332132
7.08793 8.14954 0.325928
7.58505 7.30601 0.317865
7.58505 7.30601 0.317865
8.19645 7.7675 0.32124
8.19645 7.7675 0.32124
8.19645 7.7675 0.32124
7.37769 7.63744 0.322572
7.74607 7.15344 0.319633
7.74607 7.15344 0.319633
7.74607 7.15344 0.319633
7.74607 7.15344 0.319633
7.374 7.6646 0.326429
7.374 7.6646 0.326429
7.45298 7.61715 0.336906
8.24384 7.86041 0.316913
8.24384 7.86041 0.316913
8.24384 7.86041 0.316913
8.24384 7.86041 0.316913
8.24384 7.86041 0.316913
8.11695 8.03032 0.329945
8.11695 8.03032 0.329945
8.11695 8.03032 0.329945
8.11695 8.03032 0.329945
7.37349 7.56754 0.322196
7.37349 7.56754 0.322196
7.37349 7.56754 0.322196
7.37349 7.56754 0.322196
7.53246 7.82094 0.319606
7.64061 7.61356 0.302425
7.64061 7.61356 0.302425
7.64061 7.61356 0.302425
7.89849 8.01286 0.318861
7.89849 8.01286 0.318861
8.16998 7.93551 0.319609
8.16998 7.93551 0.319609
7.88234 8.06747 0.326988
7.63872 8.59452 0.304691
7.61662 7.76056 0.337659
7.70159 7.88848 0.313063
7.70159 7.88848 0.313063
8.12348 7.16405 0.327557
8.12348 7.16405 0.327557
7.66737 8.02066 0.312091
7.66737 8.02066 0.312091
7.66737 8.02066 0.312091
8.07505 7.06118 0.30464
8.07505 7.06118 0.30464
8.07505 7.06118 0.30464
7.8247 8.06348 0.315692
6.50298 6.25559 0.296909
6.7337 6.21424 0.308087
6.7337 6.21424 0.308087
5.97982 6.21786 0.325784
6.04959 5.9256 0.336923
6.42779 6.35618 0.309909
6.59384 7.2032 0.320952
6.59384 7.2032 0.320952
6.59384 7.2032 0.320952
6.59384 7.2032 0.320952
6.74102 6.58702 0.291044
7.09742 6.6968 0.296809
7.09742 6.6968 0.296809
7.09742 6.6968 0.296809
7.09742 6.6968 0.296809
6.76801 6.84542 0.300373
6.76801 6.84542 0.300373
6.76801 6.84542 0.300373
6.76801 6.84542 0.300373
7.08809 6.69425 0.293003
7.08809 6.69425 0.293003
6.39798 7.2772 0.30064
6.39798 7.2772 0.30064
6.35636 6.63181 0.29718
6.35636 6.63181 0.29718
6.75095 6.49711 0.30576
6.75095 6.49711 0.30576
6.75095 6.49711 0.30576
6.75095 6.49711 0.30576
6.75095 6.49711 0.30576
6.75095 6.49711 0.30576
7.6198 6.83423 0.299986
7.6198 6.83423 0.299986
7.6198 6.83423 0.299986
6.07457 6.97643 0.296088
6.95806 5.98621 0.300674
6.80031 7.32682 0.291225
6.80031 7.32682 0.291225
6.80031 7.32682 0.291225
6.80031 7.32682 0.291225
6.91947 6.66916 0.290699
6.91947 6.66916 0.290699
7.22448 6.91735 0.291601
6.8737 7.11882 0.306556
6.90721 6.69042 0.291918
6.78319 6.79367 0.301938
6.78319 6.79367 0.301938
6.62377 6.68929 0.295818
6.62377 6.68929 0.295818
6.62377 6.68929 0.295818
6.62377 6.68929 0.295818
