15.6069 16.0034 0.311432
15.4822 15.9013 0.298858
18.298 17.9685 0.298419
9.98836 9.22669 0.294127
14.6298 14.9667 0.282827
16.8992 16.3733 0.275651
8.47849 8.40586 0.311079
19.923 19.7638 0.304431
13.0605 13.3249 0.289885
11.4454 11.648 0.316461
13.3332 13.3111 0.296966
23.7176 24.4833 0.260795
18.162 18.2978 0.28064
9.5903 10.0193 0.311043
18.8795 19.3555 0.261025
9.22828 9.25309 0.302213
15.9241 15.8911 0.291103
19.9228 20.0858 0.267666
20.037 19.9595 0.27989
11.6142 11.2764 0.318521
7.76867 7.80736 0.344634
10.1126 10.2139 0.294161
18.8795 19.3555 0.261025
24.5492 24.3814 0.235597
8.04784 7.85237 0.332648
10.7409 10.57 0.300085
15.831 16.2275 0.283055
15.4963 15.1468 0.29195
20.8324 20.6257 0.259427
15.5643 15.9557 0.307769
15.7432 15.5724 0.282706
10.8895 10.5601 0.327694
11.9919 12.8229 0.308825
13.2923 13.0028 0.298575
23.5459 24.0165 0.265801
6.01834 6.25177 0.000834648
10.3561 10.7326 0.298809
16.3974 16.354 0.296558
9.28337 8.84325 0.305543
9.75382 8.97282 0.30782
5.95039 6.71278 0.00192008
10.8895 10.5601 0.327694
11.4454 11.648 0.316461
15.7432 15.5724 0.282706
7.7201 7.56812 0.329119
20.2944 20.8352 0.273593
7.77147 7.61535 0.299868
24.6296 25.1389 0.246413
22.9623 22.8103 0.264614
17.4558 17.4071 0.273923
23.9427 23.7681 0.265976
12.9158 12.745 0.295069
8.47849 8.40586 0.311079
9.39852 9.87457 0.312378
9.75382 8.97282 0.30782
14.9372 15.478 0.295899
14.0762 13.8435 0.277601
7.86086 7.6541 0.315561
15.0932 15.4697 0.288281
23.6284 23.902 0.255577
10.3423 9.90214 0.291107
9.22828 9.25309 0.302213
6.26867 7.09974 0.304316
7.7201 7.56812 0.329119
23.0448 22.4068 0.266382
16.885 17.6768 0.27464
9.38676 9.21869 0.309483
10.5339 11.1495 0.291346
24.679 24.8816 0.2455
7.7201 7.56812 0.329119
10.8895 10.5601 0.327694
7.7201 7.56812 0.329119
14.0762 13.8435 0.277601
20.8324 20.6257 0.259427
15.8888 15.7885 0.324489
6.4195 6.29928 0.00329886
12.0074 11.8328 0.324726
10.7197 10.6194 0.333591
10.3561 10.7326 0.298809
7.77147 7.61535 0.299868
15.0932 15.4697 0.288281
6.41059 6.44927 0.336636
9.5903 10.0193 0.311043
23.7176 24.4833 0.260795
18.8795 19.3555 0.261025
7.7201 7.56812 0.329119
10.4728 10.266 0.299113
12.8201 13.2115 0.301444
10.3778 10.4792 0.28731
7.94892 8.07917 0.327881
8.29573 8.83653 0.324694
22.4251 22.3525 0.260377
16.9715 17.4586 0.260229
9.22828 9.25309 0.302213
10.9446 10.4187 0.310374
20.5414 20.3523 0.266493
16.2032 15.9965 0.292768
13.8834 14.3594 0.28122
20.0191 20.0754 0.249923
14.4114 14.5417 0.297256
6.31503 6.59463 0.310024
6.31503 6.59463 0.310024
6.31503 6.59463 0.310024
6.31503 6.59463 0.310024
6.31503 6.59463 0.310024
6.31503 6.59463 0.310024
6.31503 6.59463 0.310024
6.31503 6.59463 0.310024
6.31503 6.59463 0.310024
6.31503 6.59463 0.310024
6.31503 6.59463 0.310024
6.31503 6.59463 0.310024
6.31503 6.59463 0.310024
6.15507 5.85826 0.306937
6.15507 5.85826 0.306937
6.15507 5.85826 0.306937
6.15507 5.85826 0.306937
6.15507 5.85826 0.306937
6.15507 5.85826 0.306937
6.15507 5.85826 0.306937
6.15507 5.85826 0.306937
6.04563 6.80803 0.318406
6.04563 6.80803 0.318406
6.04563 6.80803 0.318406
6.04563 6.80803 0.318406
6.50754 6.33291 0.321974
6.50754 6.33291 0.321974
6.50754 6.33291 0.321974
6.50754 6.33291 0.321974
6.50754 6.33291 0.321974
6.50754 6.33291 0.321974
6.50754 6.33291 0.321974
6.50754 6.33291 0.321974
6.50754 6.33291 0.321974
6.50754 6.33291 0.321974
6.50754 6.33291 0.321974
6.50754 6.33291 0.321974
6.50754 6.33291 0.321974
6.50754 6.33291 0.321974
6.50754 6.33291 0.321974
6.34281 6.67968 0.31524
6.34281 6.67968 0.31524
6.34281 6.67968 0.31524
6.34281 6.67968 0.31524
6.34281 6.67968 0.31524
6.34281 6.67968 0.31524
6.34281 6.67968 0.31524
6.34281 6.67968 0.31524
6.34281 6.67968 0.31524
6.34281 6.67968 0.31524
6.34281 6.67968 0.31524
6.34281 6.67968 0.31524
8.31863 7.68067 0.319798
8.31863 7.68067 0.319798
8.31863 7.68067 0.319798
8.31863 7.68067 0.319798
8.31863 7.68067 0.319798
8.31863 7.68067 0.319798
10.5358 10.2464 0.308359
10.5358 10.2464 0.308359
10.5358 10.2464 0.308359
10.5358 10.2464 0.308359
10.5358 10.2464 0.308359
10.5358 10.2464 0.308359
10.5358 10.2464 0.308359
10.5358 10.2464 0.308359
10.6855 10.3476 0.315539
10.6855 10.3476 0.315539
10.6855 10.3476 0.315539
10.6855 10.3476 0.315539
10.6855 10.3476 0.315539
10.6855 10.3476 0.315539
10.6855 10.3476 0.315539
10.6855 10.3476 0.315539
10.6855 10.3476 0.315539
10.6855 10.3476 0.315539
10.6855 10.3476 0.315539
10.6855 10.3476 0.315539
10.1781 10.5331 0.313025
10.1781 10.5331 0.313025
10.1781 10.5331 0.313025
10.1781 10.5331 0.313025
10.1781 10.5331 0.313025
10.1781 10.5331 0.313025
10.1781 10.5331 0.313025
22.9009 22.6114 0.267154
23.5748 23.049 0.262318
22.6567 22.1357 0.252584
22.6567 22.1357 0.252584
22.6567 22.1357 0.252584
22.9153 23.1949 0.253517
22.9153 23.1949 0.253517
22.9153 23.1949 0.253517
22.9153 23.1949 0.253517
22.9153 23.1949 0.253517
22.8369 23.1392 0.26837
22.5432 22.8981 0.27182
22.8158 22.8429 0.260209
22.8158 22.8429 0.260209
23.2689 22.5398 0.268283
7.71198 7.48273 0.314756
7.71198 7.48273 0.314756
7.71198 7.48273 0.314756
7.60076 7.82817 0.336487
7.60076 7.82817 0.336487
7.60076 7.82817 0.336487
7.60076 7.82817 0.336487
7.71369 8.12367 0.309316
7.71369 8.12367 0.309316
7.90182 7.13669 0.322744
7.90182 7.13669 0.322744
7.90182 7.13669 0.322744
7.90182 7.13669 0.322744
7.90182 7.13669 0.322744
7.90182 7.13669 0.322744
7.90182 7.13669 0.322744
7.33701 7.48929 0.317156
7.33701 7.48929 0.317156
7.33701 7.48929 0.317156
7.33701 7.48929 0.317156
7.33701 7.48929 0.317156
7.33701 7.48929 0.317156
7.33701 7.48929 0.317156
7.49967 7.35201 0.328196
7.49967 7.35201 0.328196
7.49967 7.35201 0.328196
7.49967 7.35201 0.328196
7.49967 7.35201 0.328196
7.49967 7.35201 0.328196
7.49967 7.35201 0.328196
7.49967 7.35201 0.328196
7.49967 7.35201 0.328196
7.76283 8.10886 0.315048
7.76283 8.10886 0.315048
7.76283 8.10886 0.315048
7.76283 8.10886 0.315048
7.76283 8.10886 0.315048
7.76283 8.10886 0.315048
8.09654 7.91793 0.330748
8.09654 7.91793 0.330748
8.09654 7.91793 0.330748
8.09654 7.91793 0.330748
8.09654 7.91793 0.330748
8.09654 7.91793 0.330748
8.09654 7.91793 0.330748
8.09654 7.91793 0.330748
8.09654 7.91793 0.330748
8.05763 7.68486 0.308288
8.05763 7.68486 0.308288
8.05763 7.68486 0.308288
8.05763 7.68486 0.308288
8.05763 7.68486 0.308288
8.18006 8.91491 0.311236
8.18006 8.91491 0.311236
8.83384 8.27659 0.326203
8.83384 8.27659 0.326203
8.83384 8.27659 0.326203
8.55479 8.53773 0.320976
8.55479 8.53773 0.320976
8.55479 8.53773 0.320976
8.96325 9.07884 0.31886
8.96325 9.07884 0.31886
8.96325 9.07884 0.31886
8.96325 9.07884 0.31886
8.96325 9.07884 0.31886
8.96325 9.07884 0.31886
8.96325 9.07884 0.31886
8.96325 9.07884 0.31886
8.96325 9.07884 0.31886
8.96325 9.07884 0.31886
8.96325 9.07884 0.31886
8.96325 9.07884 0.31886
8.96325 9.07884 0.31886
8.96325 9.07884 0.31886
8.96325 9.07884 0.31886
9.04791 8.78902 0.313477
9.04791 8.78902 0.313477
9.04791 8.78902 0.313477
9.04791 8.78902 0.313477
9.04791 8.78902 0.313477
9.04791 8.78902 0.313477
9.04791 8.78902 0.313477
9.04791 8.78902 0.313477
9.04791 8.78902 0.313477
9.04791 8.78902 0.313477
9.04791 8.78902 0.313477
9.04791 8.78902 0.313477
9.04791 8.78902 0.313477
9.04791 8.78902 0.313477
8.30565 8.78417 0.327326
8.30565 8.78417 0.327326
8.30565 8.78417 0.327326
8.30565 8.78417 0.327326
8.30565 8.78417 0.327326
8.30565 8.78417 0.327326
8.30565 8.78417 0.327326
8.59406 8.87713 0.311631
8.59406 8.87713 0.311631
8.59406 8.87713 0.311631
8.59406 8.87713 0.311631
19.5329 19.8098 0.283816
19.5329 19.8098 0.283816
19.5329 19.8098 0.283816
19.5329 19.8098 0.283816
19.5329 19.8098 0.283816
19.5329 19.8098 0.283816
19.5329 19.8098 0.283816
19.5329 19.8098 0.283816
19.7586 19.9415 0.274341
19.7586 19.9415 0.274341
19.7586 19.9415 0.274341
20.2758 19.7109 0.289953
20.2758 19.7109 0.289953
20.1534 19.549 0.292249
20.1534 19.549 0.292249
20.1617 20.0335 0.276431
20.1617 20.0335 0.276431
19.824 20.0329 0.286993
19.824 20.0329 0.286993
20.0305 20.0188 0.271966
20.3238 19.921 0.266798
20.3238 19.921 0.266798
19.4619 20.0979 0.28365
19.4619 20.0979 0.28365
19.4619 20.0979 0.28365
19.4619 20.0979 0.28365
19.7932 19.5731 0.296985
19.7932 19.5731 0.296985
19.7932 19.5731 0.296985
19.7932 19.5731 0.296985
19.7932 19.5731 0.296985
19.7932 19.5731 0.296985
19.7932 19.5731 0.296985
19.5283 19.4648 0.283662
20.1724 20.1649 0.286164
20.1724 20.1649 0.286164
20.091 19.9436 0.285984
20.091 19.9436 0.285984
20.091 19.9436 0.285984
20.091 19.9436 0.285984
19.9067 19.5669 0.277935
19.9067 19.5669 0.277935
19.5546 20.1733 0.263236
19.5546 20.1733 0.263236
20.0085 19.9804 0.292874
20.0085 19.9804 0.292874
20.0085 19.9804 0.292874
19.9298 20.3274 0.291407
19.9298 20.3274 0.291407
19.9298 20.3274 0.291407
19.9298 20.3274 0.291407
19.7472 19.7897 0.278623
19.7472 19.7897 0.278623
19.7472 19.7897 0.278623
19.8308 19.6155 0.269176
19.8308 19.6155 0.269176
8.29265 8.36911 0.310468
8.29265 8.36911 0.310468
8.29265 8.36911 0.310468
8.29265 8.36911 0.310468
8.29265 8.36911 0.310468
8.29265 8.36911 0.310468
8.29265 8.36911 0.310468
8.29265 8.36911 0.310468
8.29265 8.36911 0.310468
8.29265 8.36911 0.310468
8.35208 7.99052 0.319232
8.35208 7.99052 0.319232
8.35208 7.99052 0.319232
8.35208 7.99052 0.319232
8.35208 7.99052 0.319232
8.35208 7.99052 0.319232
8.35208 7.99052 0.319232
8.35208 7.99052 0.319232
8.35208 7.99052 0.319232
8.35208 7.99052 0.319232
8.35208 7.99052 0.319232
8.35208 7.99052 0.319232
8.35208 7.99052 0.319232
8.35208 7.99052 0.319232
8.35208 7.99052 0.319232
8.35208 7.99052 0.319232
8.35208 7.99052 0.319232
8.35208 7.99052 0.319232
8.35208 7.99052 0.319232
8.35208 7.99052 0.319232
8.35208 7.99052 0.319232
8.35208 7.99052 0.319232
8.67296 8.16803 0.30998
8.67296 8.16803 0.30998
8.67296 8.16803 0.30998
7.90373 8.59657 0.335763
7.90373 8.59657 0.335763
7.90373 8.59657 0.335763
7.90373 8.59657 0.335763
7.90373 8.59657 0.335763
7.90373 8.59657 0.335763
7.90373 8.59657 0.335763
7.90373 8.59657 0.335763
7.90373 8.59657 0.335763
