18.7999 18.9012 0.250393
9.38676 9.21869 0.309483
14.6298 14.9667 0.282827
17.4042 17.8942 0.284772
30.0524 29.141 0.242342
74.0807 74.6793 0.104408
9.38676 9.21869 0.309483
26.4694 26.3968 0.239085
55.18 54.659 0.142629
37.2678 37.176 0.217052
11.9919 12.8229 0.308825
46.703 46.1539 0.173539
26.4694 26.3968 0.239085
10.347 10.3249 0.309636
58.3884 58.8644 0.148393
47.5446 47.5116 0.166752
69.049 69.1793 0.104342
15.8208 16.3301 0.271449
44.8058 45.071 0.16934
71.0838 71.3246 0.103809
46.6861 46.5659 0.176038
54.9704 55.8015 0.15583
16.0671 16.1685 0.259438
52.0654 51.7004 0.127937
71.9899 71.8981 0.123413
53.2279 53.7149 0.12647
22.2132 21.7731 0.255546
9.38676 9.21869 0.309483
58.3686 58.4212 0.148593
30.6947 30.7218 0.218197
55.0017 54.929 0.145626
49.7832 49.3675 0.144549
16.8992 16.3733 0.275651
10.5339 11.1495 0.291346
58.3686 58.4212 0.148593
47.683 47.531 0.181975
14.0762 13.8435 0.277601
20.743 20.5869 0.243734
14.9555 14.2265 0.292377
27.4563 27.4745 0.214933
46.6861 46.5659 0.176038
7.76867 7.80736 0.344634
60.675 61.33 0.132867
24.0654 23.9651 0.270039
24.0514 24.0696 0.253401
30.6947 30.7218 0.218197
14.0762 13.8435 0.277601
30.6947 30.7218 0.218197
61.875 60.8515 0.121686
6.41059 6.44927 0.336636
26.4694 26.3968 0.239085
77.0813 77.4875 0.11944
39.0225 39.5091 0.159494
9.75382 8.97282 0.30782
33.9152 34.2175 0.219411
32.9867 32.975 0.19424
46.703 46.1539 0.173539
64.4836 64.3633 0.131756
38.4472 38.2726 0.195964
23.631 23.794 0.277553
46.5828 45.973 0.182654
13.6923 13.3428 0.288881
39.585 39.7876 0.170549
59.2579 58.8178 0.0989011
32.0726 31.5235 0.190663
64.6694 64.3199 0.125939
24.0654 23.9651 0.270039
75.0203 74.6046 0.0944672
59.0471 59.5564 0.107115
61.076 61.0941 0.122523
63.7462 62.9652 0.119249
72.7859 73.3267 0.103594
41.3205 41.8071 0.178753
58.355 58.3798 0.149322
45.4445 44.8065 0.169016
75.8856 75.9418 0.0925278
72.9318 73.4024 0.103662
23.3807 23.5833 0.257712
17.4042 17.8942 0.284772
53.8538 53.6792 0.146145
69.1825 68.8847 0.100427
11.9624 12.0525 0.304642
68.8893 69.4301 0.096404
47.452 48.0507 0.174303
19.5649 18.6535 0.297894
78.7879 78.2388 0.105215
69.0556 69.6542 0.0881242
35.5698 35.2804 0.208315
43.374 43.2933 0.162259
39.585 39.7876 0.170549
32.7507 33.5131 0.205309
22.4534 22.2854 0.27058
22.683 22.7532 0.264134
80.8359 80.6613 0.100511
18.298 17.9685 0.298419
15.8888 15.7885 0.324489
78.9456 78.8649 0.102087
11.8814 11.5121 0.315714
14.0762 13.8435 0.277601
72.2948 72.2141 0.11357
46.7976 46.8313 0.175625
46.7976 46.8313 0.175625
46.7976 46.8313 0.175625
46.3382 46.2455 0.173971
46.3382 46.2455 0.173971
46.3382 46.2455 0.173971
46.3382 46.2455 0.173971
46.3382 46.2455 0.173971
46.3382 46.2455 0.173971
46.1057 46.5513 0.17054
18.4705 18.3523 0.286602
18.4705 18.3523 0.286602
18.4705 18.3523 0.286602
18.4705 18.3523 0.286602
18.4705 18.3523 0.286602
41.2733 41.4349 0.188707
41.2733 41.4349 0.188707
41.2733 41.4349 0.188707
41.2733 41.4349 0.188707
41.2733 41.4349 0.188707
41.2733 41.4349 0.188707
41.2733 41.4349 0.188707
41.2733 41.4349 0.188707
41.2733 41.4349 0.188707
41.2733 41.4349 0.188707
41.2733 41.4349 0.188707
41.2733 41.4349 0.188707
41.2205 41.2781 0.175159
41.2205 41.2781 0.175159
41.2205 41.2781 0.175159
41.2205 41.2781 0.175159
41.2205 41.2781 0.175159
41.2205 41.2781 0.175159
41.2205 41.2781 0.175159
41.2205 41.2781 0.175159
41.2205 41.2781 0.175159
41.2205 41.2781 0.175159
41.2205 41.2781 0.175159
41.5131 41.6713 0.17441
41.5131 41.6713 0.17441
41.5131 41.6713 0.17441
41.5131 41.6713 0.17441
41.5131 41.6713 0.17441
40.8122 41.8501 0.170868
40.8122 41.8501 0.170868
40.8122 41.8501 0.170868
40.8122 41.8501 0.170868
40.8122 41.8501 0.170868
40.8122 41.8501 0.170868
40.8122 41.8501 0.170868
40.8122 41.8501 0.170868
40.8122 41.8501 0.170868
40.8122 41.8501 0.170868
40.8122 41.8501 0.170868
41.6511 41.6079 0.183397
41.6511 41.6079 0.183397
41.6511 41.6079 0.183397
41.6511 41.6079 0.183397
41.6511 41.6079 0.183397
41.6511 41.6079 0.183397
41.6511 41.6079 0.183397
41.6511 41.6079 0.183397
41.6511 41.6079 0.183397
41.6511 41.6079 0.183397
41.3661 41.6573 0.18732
41.3661 41.6573 0.18732
41.3661 41.6573 0.18732
40.8649 41.574 0.171996
40.8649 41.574 0.171996
40.8649 41.574 0.171996
40.8649 41.574 0.171996
40.8649 41.574 0.171996
40.8649 41.574 0.171996
40.8649 41.574 0.171996
40.8649 41.574 0.171996
40.8649 41.574 0.171996
40.8649 41.574 0.171996
40.8649 41.574 0.171996
40.8649 41.574 0.171996
40.8649 41.574 0.171996
40.8649 41.574 0.171996
40.8649 41.574 0.171996
40.8649 41.574 0.171996
40.8649 41.574 0.171996
41.4688 41.0329 0.173772
41.4688 41.0329 0.173772
41.4688 41.0329 0.173772
41.4688 41.0329 0.173772
41.4688 41.0329 0.173772
41.4688 41.0329 0.173772
41.4688 41.0329 0.173772
41.4688 41.0329 0.173772
41.4688 41.0329 0.173772
41.4688 41.0329 0.173772
41.4688 41.0329 0.173772
41.4688 41.0329 0.173772
41.4688 41.0329 0.173772
41.4688 41.0329 0.173772
41.5499 41.3841 0.183976
41.5499 41.3841 0.183976
77.014 76.5348 0.101507
77.014 76.5348 0.101507
77.014 76.5348 0.101507
77.014 76.5348 0.101507
77.014 76.5348 0.101507
77.014 76.5348 0.101507
77.1508 77.399 0.106127
77.1508 77.399 0.106127
77.1622 76.9667 0.0978798
77.1622 76.9667 0.0978798
77.4861 76.6814 0.111094
77.4861 76.6814 0.111094
77.4861 76.6814 0.111094
77.2279 77.0283 0.0995483
77.2279 77.0283 0.0995483
76.9792 76.8914 0.115067
76.7909 76.6275 0.108036
76.7909 76.6275 0.108036
77.8024 76.8796 0.09116
77.4383 77.1446 0.10692
77.5738 76.7878 0.090791
76.956 76.8449 0.101995
77.4368 77.5102 0.0848868
18.9008 19.3099 0.252485
18.8443 18.4303 0.270904
18.8443 18.4303 0.270904
18.8443 18.4303 0.270904
18.8443 18.4303 0.270904
18.8443 18.4303 0.270904
18.8443 18.4303 0.270904
18.8443 18.4303 0.270904
18.8443 18.4303 0.270904
18.8443 18.4303 0.270904
18.8443 18.4303 0.270904
18.9764 18.8477 0.261418
18.9764 18.8477 0.261418
18.9764 18.8477 0.261418
18.9764 18.8477 0.261418
18.9764 18.8477 0.261418
18.9764 18.8477 0.261418
18.9764 18.8477 0.261418
17.1312 17.3537 0.282814
16.249 16.389 0.276297
16.249 16.389 0.276297
16.249 16.389 0.276297
6.65796 6.10279 0.314698
6.65796 6.10279 0.314698
6.65796 6.10279 0.314698
6.65796 6.10279 0.314698
6.65796 6.10279 0.314698
6.65796 6.10279 0.314698
6.65796 6.10279 0.314698
6.65796 6.10279 0.314698
6.65796 6.10279 0.314698
6.65796 6.10279 0.314698
6.65796 6.10279 0.314698
6.65796 6.10279 0.314698
20.0729 19.9738 0.27043
20.0729 19.9738 0.27043
20.0729 19.9738 0.27043
20.0729 19.9738 0.27043
20.0729 19.9738 0.27043
20.0729 19.9738 0.27043
20.0729 19.9738 0.27043
20.0729 19.9738 0.27043
20.0729 19.9738 0.27043
20.0729 19.9738 0.27043
20.0729 19.9738 0.27043
20.0729 19.9738 0.27043
20.0729 19.9738 0.27043
20.0729 19.9738 0.27043
20.0729 19.9738 0.27043
20.0729 19.9738 0.27043
20.0729 19.9738 0.27043
20.0729 19.9738 0.27043
20.0729 19.9738 0.27043
20.0729 19.9738 0.27043
20.0729 19.9738 0.27043
20.0729 19.9738 0.27043
20.0729 19.9738 0.27043
20.0729 19.9738 0.27043
20.0729 19.9738 0.27043
20.0729 19.9738 0.27043
20.0729 19.9738 0.27043
20.0729 19.9738 0.27043
20.0729 19.9738 0.27043
20.0729 19.9738 0.27043
20.0729 19.9738 0.27043
20.0729 19.9738 0.27043
20.0729 19.9738 0.27043
20.0729 19.9738 0.27043
20.0729 19.9738 0.27043
20.0729 19.9738 0.27043
20.0729 19.9738 0.27043
20.0729 19.9738 0.27043
20.0729 19.9738 0.27043
20.0729 19.9738 0.27043
19.7586 19.9415 0.274341
19.7586 19.9415 0.274341
19.7586 19.9415 0.274341
