32.9867 32.975 0.19424
64.4836 64.3633 0.131756
61.076 61.0941 0.122523
65.4607 65.3087 0.113987
62.9856 62.6361 0.114059
58.3686 58.4212 0.148593
71.9899 71.8981 0.123413
61.4567 61.2976 0.144794
84.6768 85.0959 0.101845
61.4505 60.8125 0.124142
24.0654 23.9651 0.270039
78.6222 78.5734 0.103923
15.8208 16.3301 0.271449
6.41059 6.44927 0.336636
32.9867 32.975 0.19424
46.5828 45.973 0.182654
62.6432 62.3137 0.133479
30.6947 30.7218 0.218197
15.8208 16.3301 0.271449
78.6669 78.7055 0.124566
18.298 17.9685 0.298419
10.1126 10.2139 0.294161
36.701 36.6893 0.183929
9.75382 8.97282 0.30782
62.6962 62.7433 0.116992
15.8208 16.3301 0.271449
31.4049 31.7962 0.195943
74.1455 74.3085 0.124509
81.452 81.4791 0.0952738
18.298 17.9685 0.298419
11.9624 12.0525 0.304642
81.1004 81.4918 0.101123
49.7962 49.5064 0.166098
43.3624 43.1878 0.186984
11.9624 12.0525 0.304642
75.8513 75.5536 0.102472
13.3332 13.3111 0.296966
6.26297 5.93353 0.0169025
6.41059 6.44927 0.336636
18.298 17.9685 0.298419
62.6983 62.5422 0.0919624
29.3601 29.9798 0.207581
78.1991 78.5541 0.116256
26.1813 26.1325 0.242214
31.9523 31.9993 0.190278
18.298 17.9685 0.298419
44.3698 44.7611 0.174337
30.6947 30.7218 0.218197
46.3737 46.4263 0.169698
17.4042 17.8942 0.284772
24.0514 24.0696 0.253401
18.298 17.9685 0.298419
63.599 62.8684 0.130623
57.2611 57.102 0.158886
78.5991 78.9359 0.103169
68.7714 69.6025 0.0969661
10.4728 10.266 0.299113
16.0587 15.7292 0.318592
12.7976 13.2285 0.304061
22.2132 21.7731 0.255546
11.3271 11.9821 0.313649
18.298 17.9685 0.298419
30.0577 29.3271 0.216039
15.8208 16.3301 0.271449
55.4707 55.6842 0.139604
37.6007 37.2314 0.221086
46.703 46.1539 0.173539
66.405 66.6185 0.106419
84.4507 84.035 0.0798869
61.4567 61.2976 0.144794
44.8058 45.071 0.16934
15.8208 16.3301 0.271449
10.6001 10.8645 0.309277
16.3974 16.354 0.296558
16.3974 16.354 0.296558
55.7004 55.7705 0.148535
15.8208 16.3301 0.271449
28.1848 27.847 0.247119
63.619 63.2812 0.141404
27.4563 27.4745 0.214933
27.641 28.0375 0.242506
76.3108 75.9415 0.104754
73.228 72.7269 0.0929163
36.701 36.6893 0.183929
19.3748 19.0055 0.275815
9.38676 9.21869 0.309483
32.7507 33.5131 0.205309
14.0762 13.8435 0.277601
11.3271 11.9821 0.313649
30.6947 30.7218 0.218197
18.7999 18.9012 0.250393
20.5183 20.1938 0.271574
74.0807 74.6793 0.104408
19.2758 19.6126 0.28139
79.6293 79.4402 0.0844551
77.089 77.7047 0.0935655
14.7453 14.6678 0.281354
22.683 22.7532 0.264134
26.704 27.0953 0.228099
46.703 46.1539 0.173539
51.9826 52.5449 0.154392
51.9826 52.5449 0.154392
51.9826 52.5449 0.154392
51.9826 52.5449 0.154392
51.9826 52.5449 0.154392
51.9826 52.5449 0.154392
51.9826 52.5449 0.154392
51.9826 52.5449 0.154392
51.9826 52.5449 0.154392
51.9826 52.5449 0.154392
51.9826 52.5449 0.154392
52.5897 52.4248 0.15885
52.5897 52.4248 0.15885
52.5897 52.4248 0.15885
52.0282 52.4627 0.156238
52.0282 52.4627 0.156238
52.0282 52.4627 0.156238
52.0282 52.4627 0.156238
52.378 52.7763 0.148723
52.378 52.7763 0.148723
52.378 52.7763 0.148723
52.378 52.7763 0.148723
52.378 52.7763 0.148723
52.378 52.7763 0.148723
52.378 52.7763 0.148723
52.378 52.7763 0.148723
52.378 52.7763 0.148723
52.378 52.7763 0.148723
52.378 52.7763 0.148723
52.378 52.7763 0.148723
52.378 52.7763 0.148723
52.378 52.7763 0.148723
52.6076 52.6517 0.164671
52.6076 52.6517 0.164671
52.5514 52.2133 0.151317
51.8537 52.3798 0.14636
51.8537 52.3798 0.14636
53.0224 51.9621 0.158872
53.0224 51.9621 0.158872
53.0224 51.9621 0.158872
53.0224 51.9621 0.158872
53.0224 51.9621 0.158872
53.0224 51.9621 0.158872
53.0224 51.9621 0.158872
53.0224 51.9621 0.158872
52.5428 52.7995 0.13715
52.3756 52.9516 0.166304
52.3756 52.9516 0.166304
52.3756 52.9516 0.166304
52.3756 52.9516 0.166304
52.3756 52.9516 0.166304
52.3756 52.9516 0.166304
52.8707 52.6184 0.136234
52.8707 52.6184 0.136234
52.2794 52.6397 0.147196
52.2794 52.6397 0.147196
52.2794 52.6397 0.147196
52.8103 52.2119 0.154826
52.8103 52.2119 0.154826
52.8103 52.2119 0.154826
52.8103 52.2119 0.154826
52.8103 52.2119 0.154826
52.8103 52.2119 0.154826
52.5697 52.6118 0.150175
52.5697 52.6118 0.150175
52.5697 52.6118 0.150175
52.1515 52.2175 0.13641
52.1515 52.2175 0.13641
52.1515 52.2175 0.13641
52.1515 52.2175 0.13641
52.1515 52.2175 0.13641
42.7931 43.2559 0.17503
42.7931 43.2559 0.17503
42.7931 43.2559 0.17503
42.8709 43.2501 0.151286
42.8709 43.2501 0.151286
42.8709 43.2501 0.151286
42.8709 43.2501 0.151286
42.8709 43.2501 0.151286
42.8709 43.2501 0.151286
42.8709 43.2501 0.151286
43.1981 42.8359 0.179184
43.1981 42.8359 0.179184
43.1981 42.8359 0.179184
43.1981 42.8359 0.179184
43.1981 42.8359 0.179184
43.1981 42.8359 0.179184
43.1981 42.8359 0.179184
43.1981 42.8359 0.179184
43.1981 42.8359 0.179184
43.1981 42.8359 0.179184
43.1981 42.8359 0.179184
43.1981 42.8359 0.179184
43.1981 42.8359 0.179184
43.1981 42.8359 0.179184
43.1981 42.8359 0.179184
43.1981 42.8359 0.179184
43.1981 42.8359 0.179184
43.1981 42.8359 0.179184
43.1981 42.8359 0.179184
22.7704 22.9461 0.251198
22.7704 22.9461 0.251198
22.7704 22.9461 0.251198
22.7704 22.9461 0.251198
22.7704 22.9461 0.251198
22.7704 22.9461 0.251198
22.7704 22.9461 0.251198
22.7704 22.9461 0.251198
22.7704 22.9461 0.251198
22.7704 22.9461 0.251198
10.4933 10.971 0.307805
10.4933 10.971 0.307805
10.4933 10.971 0.307805
10.4933 10.971 0.307805
10.4933 10.971 0.307805
10.4933 10.971 0.307805
72.3896 72.4391 0.115907
72.3896 72.4391 0.115907
72.3896 72.4391 0.115907
72.3896 72.4391 0.115907
71.7861 71.9163 0.110308
71.7861 71.9163 0.110308
71.7861 71.9163 0.110308
71.6911 71.9535 0.1096
71.6911 71.9535 0.1096
71.6911 71.9535 0.1096
71.6911 71.9535 0.1096
72.0481 72.1339 0.11271
72.0481 72.1339 0.11271
71.4676 72.0438 0.117541
71.4676 72.0438 0.117541
71.4676 72.0438 0.117541
71.4676 72.0438 0.117541
71.4676 72.0438 0.117541
71.4676 72.0438 0.117541
71.4676 72.0438 0.117541
71.4457 72.1565 0.121556
71.4457 72.1565 0.121556
71.4457 72.1565 0.121556
78.1595 78.3982 0.0947992
78.1595 78.3982 0.0947992
78.1125 78.5594 0.109739
78.5258 78.5321 0.109717
78.5258 78.5321 0.109717
78.7674 78.672 0.0951757
79.1038 78.4698 0.113714
79.3691 78.8639 0.0980629
79.3691 78.8639 0.0980629
79.3691 78.8639 0.0980629
79.3691 78.8639 0.0980629
79.3691 78.8639 0.0980629
78.7143 78.3704 0.095681
78.7143 78.3704 0.095681
78.7143 78.3704 0.095681
78.7143 78.3704 0.095681
78.4795 78.6482 0.113205
78.4795 78.6482 0.113205
78.4553 78.5263 0.117136
78.4553 78.5263 0.117136
78.8175 78.3549 0.104153
78.8175 78.3549 0.104153
78.8175 78.3549 0.104153
78.8524 78.6412 0.103331
78.8524 78.6412 0.103331
78.65 78.7037 0.106439
78.2507 78.9814 0.121678
78.2507 78.9814 0.121678
78.2507 78.9814 0.121678
78.2507 78.9814 0.121678
78.455 78.6887 0.102974
78.455 78.6887 0.102974
78.8914 78.364 0.0955139
78.8914 78.364 0.0955139
78.3166 78.6575 0.106134
78.3166 78.6575 0.106134
78.6448 78.8392 0.112302
78.6448 78.8392 0.112302
78.6448 78.8392 0.112302
78.6448 78.8392 0.112302
78.3151 78.5817 0.085164
78.3151 78.5817 0.085164
78.3064 78.515 0.0860998
78.3137 78.2505 0.10705
78.3137 78.2505 0.10705
78.3137 78.2505 0.10705
78.3137 78.2505 0.10705
78.631 78.2851 0.102719
78.631 78.2851 0.102719
78.631 78.2851 0.102719
78.631 78.2851 0.102719
78.631 78.2851 0.102719
78.81 78.952 0.0887082
78.81 78.952 0.0887082
78.81 78.952 0.0887082
78.8516 78.8046 0.102466
78.8516 78.8046 0.102466
78.7023 79.0097 0.0928013
77.9955 78.2825 0.102653
77.9955 78.2825 0.102653
77.9955 78.2825 0.102653
