22.4534 22.2854 0.27058
48.8387 49.2695 0.162101
15.8208 16.3301 0.271449
37.5519 36.8228 0.217841
18.298 17.9685 0.298419
10.3423 9.90214 0.291107
37.1199 37.4222 0.217929
16.0587 15.7292 0.318592
32.9867 32.975 0.19424
13.6923 13.3428 0.288881
17.4042 17.8942 0.284772
11.3271 11.9821 0.313649
32.9867 32.975 0.19424
47.9736 48.4045 0.178382
54.7582 54.7969 0.169397
32.0726 31.5235 0.190663
39.0853 38.7607 0.172277
15.5643 15.9557 0.307769
30.6947 30.7218 0.218197
27.8771 27.9785 0.21889
13.6923 13.3428 0.288881
11.8814 11.5121 0.315714
30.0882 29.5871 0.21811
6.29217 6.34845 0.315809
14.0762 13.8435 0.277601
26.1693 26.5756 0.238898
24.5492 24.3814 0.235597
8.04784 7.85237 0.332648
54.7589 54.8059 0.149661
46.4651 46.1357 0.183886
22.2132 21.7731 0.255546
26.704 27.0953 0.228099
44.8679 44.7159 0.172893
52.0378 52.8689 0.153841
41.8668 41.699 0.176667
28.6233 28.1023 0.223838
33.9152 34.2175 0.219411
54.6482 54.3588 0.156422
18.298 17.9685 0.298419
44.7177 44.5286 0.166401
9.75382 8.97282 0.30782
43.6592 43.1333 0.166927
15.8112 16.2818 0.307003
42.4172 43.0369 0.159704
20.6769 20.5088 0.273307
53.5699 53.5369 0.13007
9.22828 9.25309 0.302213
27.8416 27.4015 0.222687
6.26867 7.09974 0.304316
15.8208 16.3301 0.271449
37.7348 38.5266 0.1907
31.3749 31.6904 0.19164
11.3271 11.9821 0.313649
7.76867 7.80736 0.344634
15.8888 15.7885 0.324489
36.9289 37.6913 0.211457
51.7454 52.2353 0.156486
18.298 17.9685 0.298419
44.3509 44.1828 0.178634
39.9361 39.6463 0.181119
10.7993 10.8174 0.300323
27.4563 27.4745 0.214933
26.704 27.0953 0.228099
16.3974 16.354 0.296558
22.683 22.7532 0.264134
26.4588 26.3875 0.24176
15.4497 15.3771 0.290848
55.5005 55.4784 0.151625
49.7982 50.4138 0.148467
10.1126 10.2139 0.294161
27.641 28.0375 0.242506
55.2494 55.736 0.140466
25.4012 25.2057 0.261885
15.8208 16.3301 0.271449
32.7507 33.5131 0.205309
22.2132 21.7731 0.255546
10.1126 10.2139 0.294161
18.298 17.9685 0.298419
6.41059 6.44927 0.336636
36.8631 37.1039 0.180969
37.7348 38.5266 0.1907
22.8236 22.4544 0.277171
32.9867 32.975 0.19424
20.9975 20.802 0.281958
6.26867 7.09974 0.304316
19.3748 19.0055 0.275815
50.0946 50.4859 0.175455
45.4445 44.8065 0.169016
23.631 23.794 0.277553
31.4049 31.7962 0.195943
44.9642 44.8868 0.165538
8.73661 9.07348 0.303305
20.5414 20.3523 0.266493
29.8641 30.1664 0.220856
13.6923 13.3428 0.288881
50.6744 50.9152 0.157267
26.4694 26.3968 0.239085
22.9475 22.7795 0.264937
55.2546 55.8532 0.146988
24.292 24.0593 0.240379
22.1399 21.4345 0.252625
21.896 22.501 0.252394
21.896 22.501 0.252394
21.896 22.501 0.252394
21.896 22.501 0.252394
21.896 22.501 0.252394
21.896 22.501 0.252394
21.896 22.501 0.252394
21.896 22.501 0.252394
39.3441 39.0868 0.199016
39.3441 39.0868 0.199016
38.9962 39.2763 0.144733
38.8593 39.5127 0.165205
38.8593 39.5127 0.165205
38.8593 39.5127 0.165205
38.8593 39.5127 0.165205
38.8593 39.5127 0.165205
38.8593 39.5127 0.165205
38.8593 39.5127 0.165205
50.2326 50.0362 0.151327
50.2326 50.0362 0.151327
50.2326 50.0362 0.151327
50.2326 50.0362 0.151327
50.2326 50.0362 0.151327
50.2326 50.0362 0.151327
49.8221 49.9611 0.16225
49.8681 49.7204 0.151783
49.1539 50.215 0.158161
49.1539 50.215 0.158161
49.1539 50.215 0.158161
49.1539 50.215 0.158161
49.1312 50.0517 0.138864
49.1312 50.0517 0.138864
49.1312 50.0517 0.138864
49.1312 50.0517 0.138864
49.7067 49.8569 0.159804
49.7067 49.8569 0.159804
49.7067 49.8569 0.159804
49.7067 49.8569 0.159804
49.2946 49.7805 0.157198
49.2946 49.7805 0.157198
49.2946 49.7805 0.157198
49.8187 49.7176 0.149971
49.8187 49.7176 0.149971
50.3119 50.2178 0.151649
50.3119 50.2178 0.151649
50.3119 50.2178 0.151649
50.3119 50.2178 0.151649
49.7083 49.9378 0.157173
49.7083 49.9378 0.157173
49.7083 49.9378 0.157173
49.7509 49.743 0.151649
49.7509 49.743 0.151649
49.7509 49.743 0.151649
49.7509 49.743 0.151649
49.7509 49.743 0.151649
49.764 49.2605 0.164178
49.7193 49.3693 0.136388
49.7193 49.3693 0.136388
49.7193 49.3693 0.136388
49.8129 49.9299 0.15563
49.8129 49.9299 0.15563
49.8129 49.9299 0.15563
49.8129 49.9299 0.15563
49.8129 49.9299 0.15563
49.8129 49.9299 0.15563
49.4138 49.5747 0.146582
49.502 49.9648 0.149467
49.502 49.9648 0.149467
49.502 49.9648 0.149467
49.8058 49.5561 0.157941
49.5727 49.5466 0.154689
49.8883 49.7908 0.163969
49.8883 49.7908 0.163969
49.8883 49.7908 0.163969
49.5903 49.7696 0.157775
49.7547 50.1636 0.177735
49.7547 50.1636 0.177735
49.7547 50.1636 0.177735
49.4844 49.6322 0.166811
49.6657 49.8818 0.141202
49.6657 49.8818 0.141202
49.6657 49.8818 0.141202
49.6657 49.8818 0.141202
49.6657 49.8818 0.141202
49.6657 49.8818 0.141202
50.0749 49.4671 0.172569
50.0749 49.4671 0.172569
50.0749 49.4671 0.172569
50.0749 49.4671 0.172569
49.6157 49.4928 0.155842
49.6157 49.4928 0.155842
50.2342 49.7362 0.156043
50.4191 49.5518 0.152468
50.4191 49.5518 0.152468
50.4191 49.5518 0.152468
50.4191 49.5518 0.152468
50.4191 49.5518 0.152468
50.4191 49.5518 0.152468
50.4191 49.5518 0.152468
37.3738 37.6603 0.217714
37.3738 37.6603 0.217714
37.3738 37.6603 0.217714
37.0187 36.7546 0.2024
37.7115 36.939 0.185804
37.7115 36.939 0.185804
37.7115 36.939 0.185804
37.7115 36.939 0.185804
36.7161 37.5068 0.195075
36.7161 37.5068 0.195075
36.7161 37.5068 0.195075
37.4488 36.9252 0.204741
37.4488 36.9252 0.204741
37.4488 36.9252 0.204741
37.4488 36.9252 0.204741
37.4488 36.9252 0.204741
37.4488 36.9252 0.204741
37.4488 36.9252 0.204741
37.4488 36.9252 0.204741
37.4488 36.9252 0.204741
37.4488 36.9252 0.204741
37.4488 36.9252 0.204741
37.0742 37.5711 0.192173
37.67 37.4203 0.22081
36.7716 37.314 0.209971
36.7716 37.314 0.209971
36.7716 37.314 0.209971
36.7716 37.314 0.209971
36.7716 37.314 0.209971
36.7716 37.314 0.209971
36.7716 37.314 0.209971
24.0611 23.4616 0.244943
24.0611 23.4616 0.244943
24.0611 23.4616 0.244943
23.3463 24.3515 0.249713
23.3463 24.3515 0.249713
23.3463 24.3515 0.249713
23.3463 24.3515 0.249713
12.4235 12.4385 0.308457
12.4235 12.4385 0.308457
12.4235 12.4385 0.308457
12.4235 12.4385 0.308457
12.4235 12.4385 0.308457
32.7129 33.0769 0.193802
32.7129 33.0769 0.193802
32.7129 33.0769 0.193802
32.7129 33.0769 0.193802
32.7129 33.0769 0.193802
32.7129 33.0769 0.193802
32.7129 33.0769 0.193802
32.7129 33.0769 0.193802
33.027 33.2224 0.217716
33.027 33.2224 0.217716
33.027 33.2224 0.217716
33.027 33.2224 0.217716
33.027 33.2224 0.217716
33.027 33.2224 0.217716
33.027 33.2224 0.217716
33.027 33.2224 0.217716
33.027 33.2224 0.217716
33.027 33.2224 0.217716
33.027 33.2224 0.217716
33.027 33.2224 0.217716
33.027 33.2224 0.217716
33.027 33.2224 0.217716
33.027 33.2224 0.217716
33.027 33.2224 0.217716
33.027 33.2224 0.217716
33.027 33.2224 0.217716
33.027 33.2224 0.217716
33.027 33.2224 0.217716
33.027 33.2224 0.217716
33.027 33.2224 0.217716
33.1568 33.1674 0.197874
33.1568 33.1674 0.197874
33.1568 33.1674 0.197874
33.1568 33.1674 0.197874
33.1568 33.1674 0.197874
33.1568 33.1674 0.197874
33.1568 33.1674 0.197874
33.1568 33.1674 0.197874
33.1568 33.1674 0.197874
33.1568 33.1674 0.197874
33.1568 33.1674 0.197874
32.1962 33.3808 0.185217
32.1962 33.3808 0.185217
32.1962 33.3808 0.185217
32.1962 33.3808 0.185217
32.1962 33.3808 0.185217
32.1962 33.3808 0.185217
32.1962 33.3808 0.185217
32.1962 33.3808 0.185217
32.1962 33.3808 0.185217
32.2977 32.9187 0.211609
32.2977 32.9187 0.211609
32.2977 32.9187 0.211609
32.2977 32.9187 0.211609
32.2977 32.9187 0.211609
32.2977 32.9187 0.211609
32.2977 32.9187 0.211609
