13.3332 13.3111 0.296966
37.7348 38.5266 0.1907
38.6917 39.4835 0.169276
26.4694 26.3968 0.239085
11.9624 12.0525 0.304642
37.0143 37.613 0.206502
26.704 27.0953 0.228099
32.0726 31.5235 0.190663
26.704 27.0953 0.228099
33.6796 33.1537 0.205728
39.3106 39.7396 0.164475
7.77147 7.61535 0.299868
16.5589 16.1939 0.25512
7.7201 7.56812 0.329119
17.6598 16.5701 0.288201
8.73661 9.07348 0.303305
9.39852 9.87457 0.312378
10.5339 11.1495 0.291346
26.1601 26.1484 0.213712
16.0671 16.1685 0.259438
20.8324 20.6257 0.259427
20.5414 20.3523 0.266493
19.5649 18.6535 0.297894
27.0556 27.0827 0.222249
26.1813 26.1325 0.242214
26.1582 26.495 0.24146
32.1354 32.6762 0.217705
13.3332 13.3111 0.296966
23.044 23.2848 0.24787
13.6923 13.3428 0.288881
26.1582 26.495 0.24146
16.5589 16.1939 0.25512
9.75382 8.97282 0.30782
18.7137 18.1928 0.256871
15.831 16.2275 0.283055
26.0671 25.7426 0.226087
28.0163 28.0046 0.223614
11.3271 11.9821 0.313649
32.4705 32.7357 0.213544
16.2032 15.9965 0.292768
14.0084 14.2219 0.274043
26.4694 26.3968 0.239085
17.4042 17.8942 0.284772
15.8208 16.3301 0.271449
13.8835 14.0193 0.283585
26.4694 26.3968 0.239085
10.0759 10.8416 0.314738
6.41059 6.44927 0.336636
39.085 38.9847 0.19185
19.3146 19.691 0.27672
21.8167 22.5791 0.265918
35.3149 36.0773 0.203059
33.2078 33.0011 0.194467
28.4315 28.3881 0.227632
27.1544 27.6444 0.232376
35.6121 35.949 0.199893
16.2032 15.9965 0.292768
30.0524 29.141 0.242342
15.4963 15.1468 0.29195
27.8771 27.9785 0.21889
36.9289 37.6913 0.211457
26.1693 26.5756 0.238898
26.1582 26.495 0.24146
29.1831 29.2013 0.224147
6.12699 6.26278 -0.00087697
20.6769 20.5088 0.273307
16.8992 16.3733 0.275651
33.2078 33.0011 0.194467
20.743 20.5869 0.243734
10.1126 10.2139 0.294161
15.8888 15.7885 0.324489
10.1126 10.2139 0.294161
22.683 22.7532 0.264134
20.0885 20.5076 0.290812
31.4049 31.7962 0.195943
39.2117 39.4913 0.162589
11.3528 11.3776 0.301853
30.0952 30.5242 0.218967
7.77147 7.61535 0.299868
25.0807 24.9126 0.253234
18.8795 19.3555 0.261025
24.9557 25.0914 0.247399
9.877 9.52748 0.313101
27.036 27.1989 0.239084
9.38676 9.21869 0.309483
32.582 31.9722 0.222376
25.1179 25.0261 0.255791
10.7993 10.8174 0.300323
26.8273 26.0656 0.212464
23.7795 23.6204 0.282309
22.9446 22.7855 0.2818
11.4454 11.648 0.316461
7.7201 7.56812 0.329119
34.1223 34.3631 0.198911
15.4963 15.1468 0.29195
22.4534 22.2854 0.27058
11.3271 11.9821 0.313649
31.4474 31.8439 0.199606
18.298 17.9685 0.298419
11.9624 12.0525 0.304642
9.74046 9.75854 0.314759
9.74046 9.75854 0.314759
9.74046 9.75854 0.314759
9.74046 9.75854 0.314759
9.74046 9.75854 0.314759
9.74046 9.75854 0.314759
9.75321 9.82333 0.314131
9.75321 9.82333 0.314131
9.75321 9.82333 0.314131
8.78117 8.44332 0.333806
8.78117 8.44332 0.333806
8.78117 8.44332 0.333806
8.78117 8.44332 0.333806
8.78117 8.44332 0.333806
8.78117 8.44332 0.333806
8.78117 8.44332 0.333806
8.78117 8.44332 0.333806
8.78117 8.44332 0.333806
8.78117 8.44332 0.333806
33.3485 33.2773 0.202443
33.3485 33.2773 0.202443
33.3485 33.2773 0.202443
33.3485 33.2773 0.202443
32.7738 33.0383 0.201875
33.4057 33.0562 0.20087
33.4057 33.0562 0.20087
33.4057 33.0562 0.20087
33.4057 33.0562 0.20087
33.4057 33.0562 0.20087
33.4057 33.0562 0.20087
33.4677 32.4441 0.202102
33.4677 32.4441 0.202102
33.4677 32.4441 0.202102
33.4677 32.4441 0.202102
33.4677 32.4441 0.202102
33.4677 32.4441 0.202102
32.6115 33.008 0.213132
32.6115 33.008 0.213132
32.6115 33.008 0.213132
32.6115 33.008 0.213132
33.0018 32.7119 0.211183
33.0018 32.7119 0.211183
33.0018 32.7119 0.211183
33.0018 32.7119 0.211183
33.0018 32.7119 0.211183
33.0018 32.7119 0.211183
33.0018 32.7119 0.211183
33.0479 33.3848 0.202143
33.0479 33.3848 0.202143
33.0479 33.3848 0.202143
33.0479 33.3848 0.202143
33.0479 33.3848 0.202143
33.6437 33.0057 0.204148
33.6437 33.0057 0.204148
33.6437 33.0057 0.204148
33.6437 33.0057 0.204148
32.8938 32.9186 0.201077
32.8938 32.9186 0.201077
32.8938 32.9186 0.201077
32.6699 33.2107 0.208633
32.6699 33.2107 0.208633
32.6699 33.2107 0.208633
32.6699 33.2107 0.208633
32.6699 33.2107 0.208633
32.6699 33.2107 0.208633
32.6699 33.2107 0.208633
32.6699 33.2107 0.208633
32.6699 33.2107 0.208633
32.6699 33.2107 0.208633
33.2078 33.0011 0.194467
33.2078 33.0011 0.194467
32.9272 33.4033 0.200147
32.9272 33.4033 0.200147
32.9272 33.4033 0.200147
32.9272 33.4033 0.200147
32.9272 33.4033 0.200147
32.9272 33.4033 0.200147
33.4016 33.2065 0.210696
33.0633 32.7339 0.220291
33.0633 32.7339 0.220291
33.0633 32.7339 0.220291
33.0633 32.7339 0.220291
33.0633 32.7339 0.220291
33.1353 32.4047 0.206964
33.1353 32.4047 0.206964
33.1353 32.4047 0.206964
32.6012 33.1105 0.201526
32.6012 33.1105 0.201526
32.6012 33.1105 0.201526
32.6012 33.1105 0.201526
32.6012 33.1105 0.201526
32.6012 33.1105 0.201526
32.6012 33.1105 0.201526
32.6012 33.1105 0.201526
33.4759 33.3051 0.195439
32.8934 32.7932 0.226188
32.8934 32.7932 0.226188
32.8934 32.7932 0.226188
32.8934 32.7932 0.226188
32.8934 32.7932 0.226188
24.5412 23.8856 0.230874
24.5412 23.8856 0.230874
30.7512 30.8899 0.210728
30.7512 30.8899 0.210728
30.7512 30.8899 0.210728
30.3681 30.2409 0.225223
30.3681 30.2409 0.225223
30.3681 30.2409 0.225223
30.7509 30.5555 0.214965
30.7509 30.5555 0.214965
30.7509 30.5555 0.214965
30.7509 30.5555 0.214965
30.7509 30.5555 0.214965
30.7509 30.5555 0.214965
30.7509 30.5555 0.214965
30.8838 30.3327 0.21443
30.8838 30.3327 0.21443
30.8868 30.3346 0.216214
30.8868 30.3346 0.216214
31.0609 30.8999 0.226356
31.0609 30.8999 0.226356
31.0609 30.8999 0.226356
31.2786 30.502 0.218688
31.2786 30.502 0.218688
31.2786 30.502 0.218688
31.2786 30.502 0.218688
31.056 30.5914 0.197878
31.056 30.5914 0.197878
31.056 30.5914 0.197878
31.056 30.5914 0.197878
31.056 30.5914 0.197878
31.056 30.5914 0.197878
31.056 30.5914 0.197878
31.056 30.5914 0.197878
31.056 30.5914 0.197878
31.056 30.5914 0.197878
30.6932 30.825 0.216338
30.1922 30.2547 0.212552
30.1922 30.2547 0.212552
30.1922 30.2547 0.212552
30.6949 31.1145 0.205623
30.6949 31.1145 0.205623
30.1962 31.1252 0.214825
30.7429 30.8882 0.226364
30.7429 30.8882 0.226364
30.7429 30.8882 0.226364
30.7633 30.8203 0.219738
30.7633 30.8203 0.219738
30.7633 30.8203 0.219738
30.7633 30.8203 0.219738
30.7633 30.8203 0.219738
31.0711 30.6326 0.232116
31.1674 30.497 0.214807
31.0061 30.9503 0.217023
31.0061 30.9503 0.217023
30.8657 31.2531 0.219808
30.8657 31.2531 0.219808
30.8657 31.2531 0.219808
30.8657 31.2531 0.219808
30.8657 31.2531 0.219808
30.8657 31.2531 0.219808
30.8657 31.2531 0.219808
30.8657 31.2531 0.219808
30.8657 31.2531 0.219808
30.8657 31.2531 0.219808
29.9479 30.3908 0.210515
29.9479 30.3908 0.210515
30.5967 30.8653 0.211361
30.5967 30.8653 0.211361
30.5967 30.8653 0.211361
30.5967 30.8653 0.211361
30.5967 30.8653 0.211361
30.5967 30.8653 0.211361
30.5967 30.8653 0.211361
30.5967 30.8653 0.211361
30.5967 30.8653 0.211361
30.5967 30.8653 0.211361
30.5967 30.8653 0.211361
30.5967 30.8653 0.211361
30.1651 30.4955 0.23078
30.1651 30.4955 0.23078
30.1651 30.4955 0.23078
30.1651 30.4955 0.23078
29.6359 29.5441 0.216341
29.6359 29.5441 0.216341
29.6359 29.5441 0.216341
29.6359 29.5441 0.216341
30.0806 30.3558 0.195579
30.0806 30.3558 0.195579
30.0806 30.3558 0.195579
30.0806 30.3558 0.195579
30.0806 30.3558 0.195579
30.0806 30.3558 0.195579
30.0903 30.1927 0.225098
30.4776 29.6491 0.214258
30.4776 29.6491 0.214258
30.4776 29.6491 0.214258
30.4776 29.6491 0.214258
30.4776 29.6491 0.214258
29.7958 29.7393 0.206659
28.8928 28.915 0.223767
28.6462 29.415 0.253666
28.6922 28.9014 0.223166
28.6922 28.9014 0.223166
28.6922 28.9014 0.223166
28.6922 28.9014 0.223166
29.1095 28.2626 0.243618
28.8847 28.7805 0.233122
28.8847 28.7805 0.233122
28.8847 28.7805 0.233122
28.8847 28.7805 0.233122
29.0644 28.4889 0.236586
29.0644 28.4889 0.236586
29.1658 29.2641 0.238583
29.1658 29.2641 0.238583
28.5017 28.5113 0.232021
28.9857 28.7497 0.24046
28.9857 28.7497 0.24046
28.9857 28.7497 0.24046
29.0107 28.6377 0.223553
29.0107 28.6377 0.223553
29.0559 28.9874 0.232086
6.35636 6.63181 0.29718
6.35636 6.63181 0.29718
6.35636 6.63181 0.29718
6.35636 6.63181 0.29718
6.35636 6.63181 0.29718
6.35636 6.63181 0.29718
6.75095 6.49711 0.30576
7.6198 6.83423 0.299986
7.6198 6.83423 0.299986
7.6198 6.83423 0.299986
7.6198 6.83423 0.299986
7.6198 6.83423 0.299986
7.6198 6.83423 0.299986
7.6198 6.83423 0.299986
7.6198 6.83423 0.299986
7.6198 6.83423 0.299986
7.6198 6.83423 0.299986
7.6198 6.83423 0.299986
7.6198 6.83423 0.299986
7.6198 6.83423 0.299986
7.6198 6.83423 0.299986
7.6198 6.83423 0.299986
7.6198 6.83423 0.299986
7.6198 6.83423 0.299986
7.6198 6.83423 0.299986
7.6198 6.83423 0.299986
7.6198 6.83423 0.299986
7.6198 6.83423 0.299986
7.6198 6.83423 0.299986
6.90721 6.69042 0.291918
6.90721 6.69042 0.291918
6.90721 6.69042 0.291918
6.90721 6.69042 0.291918
6.73545 6.91504 0.302479
6.73545 6.91504 0.302479
36.9947 37.1567 0.210006
37.2592 36.9168 0.186159
36.404 36.4817 0.180339
36.404 36.4817 0.180339
36.404 36.4817 0.180339
36.5139 36.6101 0.218164
36.635 37.1461 0.185532
36.635 37.1461 0.185532
36.3251 36.181 0.184786
36.6416 37.1639 0.21397
36.6416 37.1639 0.21397
36.6416 37.1639 0.21397
37.3088 36.9492 0.184487
37.3088 36.9492 0.184487
36.8645 36.6788 0.17701
36.8645 36.6788 0.17701
36.7672 36.4621 0.193776
36.7672 36.4621 0.193776
36.7672 36.4621 0.193776
36.7672 36.4621 0.193776
36.7672 36.4621 0.193776
36.7729 36.4819 0.186033
36.7729 36.4819 0.186033
36.9589 36.5743 0.180924
36.543 37.0867 0.192119
36.543 37.0867 0.192119
36.8784 36.6971 0.179273
36.8963 36.5822 0.164956
36.8963 36.5822 0.164956
36.8963 36.5822 0.164956
36.8963 36.5822 0.164956
36.8963 36.5822 0.164956
37.1596 36.9083 0.192578
37.1596 36.9083 0.192578
36.9127 36.7991 0.1946
36.9127 36.7991 0.1946
36.7969 36.6086 0.169146
36.7969 36.6086 0.169146
36.7969 36.6086 0.169146
36.7969 36.6086 0.169146
36.5709 36.5988 0.206021
36.5709 36.5988 0.206021
36.5709 36.5988 0.206021
