10.347 10.3249 0.309636
26.9537 27.1871 0.222854
32.0726 31.5235 0.190663
10.4728 10.266 0.299113
18.8795 19.3555 0.261025
28.4315 28.3881 0.227632
26.1582 26.495 0.24146
33.3485 33.2773 0.202443
26.578 25.5544 0.241419
15.0932 15.4697 0.288281
11.8814 11.5121 0.315714
30.923 31.1637 0.205858
32.5551 32.4633 0.219976
10.347 10.3249 0.309636
25.9349 25.4139 0.215467
13.8835 14.0193 0.283585
18.8795 19.3555 0.261025
15.4963 15.1468 0.29195
18.0388 17.2771 0.264018
16.2032 15.9965 0.292768
10.3778 10.4792 0.28731
20.5183 20.1938 0.271574
26.1582 26.495 0.24146
11.2885 11.4187 0.317347
6.93656 6.81633 0.301809
27.036 27.1989 0.239084
14.9555 14.2265 0.292377
16.0671 16.1685 0.259438
31.4839 31.8388 0.201705
35.8461 35.9162 0.199651
32.9867 32.975 0.19424
19.4282 19.2573 0.256317
29.8158 29.7156 0.235263
35.3149 36.0773 0.203059
22.3479 22.4181 0.262509
26.1582 26.495 0.24146
20.0178 20.4241 0.266637
26.5727 27.1924 0.217136
23.8199 24.1749 0.259081
27.4563 27.4745 0.214933
11.9919 12.8229 0.308825
19.5649 18.6535 0.297894
10.1126 10.2139 0.294161
9.39852 9.87457 0.312378
27.5366 27.3415 0.229327
32.3589 32.2587 0.23526
25.1179 25.0261 0.255791
34.2505 34.566 0.194012
7.94892 8.07917 0.327881
15.8888 15.7885 0.324489
14.6298 14.9667 0.282827
6.12699 6.26278 -0.00087697
10.1509 9.62505 0.317959
31.3749 31.6904 0.19164
24.5492 24.3814 0.235597
25.4012 25.2057 0.261885
10.1126 10.2139 0.294161
9.58977 9.43365 0.291005
10.1126 10.2139 0.294161
21.9734 22.0261 0.260956
37.18 36.8902 0.217331
32.4564 32.7301 0.211725
19.3748 19.0055 0.275815
26.1693 26.5756 0.238898
16.2032 15.9965 0.292768
10.5339 11.1495 0.291346
32.7507 33.5131 0.205309
19.0045 19.2179 0.253847
12.8201 13.2115 0.301444
15.0194 14.9863 0.283881
13.2839 13.3401 0.290723
15.8208 16.3301 0.271449
19.4282 19.2573 0.256317
33.6796 33.1537 0.205728
11.2885 11.4187 0.317347
16.2032 15.9965 0.292768
11.4454 11.648 0.316461
15.4497 15.3771 0.290848
11.2885 11.4187 0.317347
12.8201 13.2115 0.301444
14.9555 14.2265 0.292377
26.8273 26.0656 0.212464
15.8888 15.7885 0.324489
26.1582 26.495 0.24146
11.3528 11.3776 0.301853
14.9555 14.2265 0.292377
23.0448 22.4068 0.266382
11.3271 11.9821 0.313649
16.111 16.1497 0.32184
20.0178 20.4241 0.266637
10.1126 10.2139 0.294161
34.7935 34.7714 0.193837
6.12699 6.26278 -0.00087697
16.8225 17.4422 0.269532
9.75382 8.97282 0.30782
13.3332 13.3111 0.296966
6.93656 6.81633 0.301809
26.1813 26.1325 0.242214
10.4728 10.266 0.299113
37.1755 37.2317 0.20886
15.4851 15.4044 0.29214
15.4851 15.4044 0.29214
15.4851 15.4044 0.29214
15.4851 15.4044 0.29214
15.4851 15.4044 0.29214
15.4851 15.4044 0.29214
15.4851 15.4044 0.29214
15.4851 15.4044 0.29214
15.4851 15.4044 0.29214
15.4851 15.4044 0.29214
15.4851 15.4044 0.29214
15.207 15.254 0.294883
15.207 15.254 0.294883
15.207 15.254 0.294883
15.207 15.254 0.294883
15.207 15.254 0.294883
15.207 15.254 0.294883
15.207 15.254 0.294883
15.207 15.254 0.294883
15.207 15.254 0.294883
15.5665 15.3957 0.286519
15.5665 15.3957 0.286519
15.5665 15.3957 0.286519
15.5665 15.3957 0.286519
15.5665 15.3957 0.286519
14.9841 14.8838 0.317267
14.9841 14.8838 0.317267
14.9841 14.8838 0.317267
14.9841 14.8838 0.317267
14.9841 14.8838 0.317267
14.9841 14.8838 0.317267
14.9841 14.8838 0.317267
14.9841 14.8838 0.317267
14.9841 14.8838 0.317267
15.3273 14.7782 0.295268
15.3273 14.7782 0.295268
15.3273 14.7782 0.295268
15.3273 14.7782 0.295268
15.3273 14.7782 0.295268
15.3273 14.7782 0.295268
15.3273 14.7782 0.295268
15.3273 14.7782 0.295268
15.3273 14.7782 0.295268
15.3273 14.7782 0.295268
15.3273 14.7782 0.295268
15.3273 14.7782 0.295268
15.3273 14.7782 0.295268
15.3273 14.7782 0.295268
15.3273 14.7782 0.295268
15.3273 14.7782 0.295268
15.3273 14.7782 0.295268
15.3273 14.7782 0.295268
15.3273 14.7782 0.295268
15.3273 14.7782 0.295268
15.3273 14.7782 0.295268
15.3273 14.7782 0.295268
15.3731 14.5921 0.286669
15.3731 14.5921 0.286669
15.3731 14.5921 0.286669
15.3731 14.5921 0.286669
15.3731 14.5921 0.286669
15.3731 14.5921 0.286669
15.3725 15.4427 0.29298
15.3725 15.4427 0.29298
15.3725 15.4427 0.29298
15.3725 15.4427 0.29298
15.3725 15.4427 0.29298
14.6773 15.1643 0.280282
14.6773 15.1643 0.280282
14.6773 15.1643 0.280282
15.1577 15.0057 0.299104
15.1577 15.0057 0.299104
15.1577 15.0057 0.299104
15.1577 15.0057 0.299104
15.1577 15.0057 0.299104
15.1577 15.0057 0.299104
15.1577 15.0057 0.299104
15.1577 15.0057 0.299104
15.1577 15.0057 0.299104
15.1577 15.0057 0.299104
15.1577 15.0057 0.299104
15.1577 15.0057 0.299104
15.1577 15.0057 0.299104
15.1577 15.0057 0.299104
15.1577 15.0057 0.299104
15.1577 15.0057 0.299104
15.1577 15.0057 0.299104
15.1577 15.0057 0.299104
15.1577 15.0057 0.299104
15.1577 15.0057 0.299104
15.1577 15.0057 0.299104
15.1577 15.0057 0.299104
15.1577 15.0057 0.299104
15.1577 15.0057 0.299104
15.0956 15.3608 0.295552
15.0956 15.3608 0.295552
15.0956 15.3608 0.295552
15.0956 15.3608 0.295552
15.0956 15.3608 0.295552
15.0956 15.3608 0.295552
17.875 17.3735 0.27414
17.875 17.3735 0.27414
17.875 17.3735 0.27414
17.875 17.3735 0.27414
17.875 17.3735 0.27414
17.875 17.3735 0.27414
17.875 17.3735 0.27414
17.875 17.3735 0.27414
17.875 17.3735 0.27414
17.875 17.3735 0.27414
17.7784 16.8714 0.274539
17.7784 16.8714 0.274539
17.7784 16.8714 0.274539
17.7784 16.8714 0.274539
17.7784 16.8714 0.274539
17.7784 16.8714 0.274539
17.7784 16.8714 0.274539
17.7784 16.8714 0.274539
17.7784 16.8714 0.274539
17.7784 16.8714 0.274539
17.7784 16.8714 0.274539
17.7784 16.8714 0.274539
17.7784 16.8714 0.274539
17.7784 16.8714 0.274539
17.7784 16.8714 0.274539
17.7784 16.8714 0.274539
17.7784 16.8714 0.274539
17.7784 16.8714 0.274539
17.7784 16.8714 0.274539
17.7784 16.8714 0.274539
17.7784 16.8714 0.274539
17.7784 16.8714 0.274539
17.7784 16.8714 0.274539
17.7784 16.8714 0.274539
17.7784 16.8714 0.274539
17.7784 16.8714 0.274539
17.7784 16.8714 0.274539
17.7784 16.8714 0.274539
17.7784 16.8714 0.274539
17.7784 16.8714 0.274539
17.7784 16.8714 0.274539
17.7784 16.8714 0.274539
17.7784 16.8714 0.274539
17.7784 16.8714 0.274539
17.7784 16.8714 0.274539
17.7784 16.8714 0.274539
17.7784 16.8714 0.274539
17.7784 16.8714 0.274539
17.7784 16.8714 0.274539
17.7784 16.8714 0.274539
17.7784 16.8714 0.274539
17.7784 16.8714 0.274539
17.0666 18.0388 0.276435
17.0666 18.0388 0.276435
17.0666 18.0388 0.276435
17.0666 18.0388 0.276435
17.0666 18.0388 0.276435
17.0666 18.0388 0.276435
17.0666 18.0388 0.276435
17.0666 18.0388 0.276435
17.0666 18.0388 0.276435
17.0666 18.0388 0.276435
17.0666 18.0388 0.276435
17.0666 18.0388 0.276435
17.0666 18.0388 0.276435
17.0666 18.0388 0.276435
17.0666 18.0388 0.276435
17.0666 18.0388 0.276435
17.0666 18.0388 0.276435
17.0666 18.0388 0.276435
17.0666 18.0388 0.276435
17.0666 18.0388 0.276435
17.9196 17.8407 0.293119
17.3503 17.6582 0.280553
17.3503 17.6582 0.280553
17.3503 17.6582 0.280553
17.3503 17.6582 0.280553
17.3503 17.6582 0.280553
17.3503 17.6582 0.280553
17.3503 17.6582 0.280553
17.3503 17.6582 0.280553
17.3503 17.6582 0.280553
17.3503 17.6582 0.280553
17.3503 17.6582 0.280553
17.3503 17.6582 0.280553
17.3503 17.6582 0.280553
17.3503 17.6582 0.280553
17.3075 17.4568 0.282353
17.3075 17.4568 0.282353
17.3075 17.4568 0.282353
17.3075 17.4568 0.282353
17.3075 17.4568 0.282353
17.3075 17.4568 0.282353
17.3075 17.4568 0.282353
17.3075 17.4568 0.282353
17.3075 17.4568 0.282353
17.3075 17.4568 0.282353
17.3075 17.4568 0.282353
17.3075 17.4568 0.282353
17.3075 17.4568 0.282353
32.119 32.0968 0.181287
32.119 32.0968 0.181287
32.119 32.0968 0.181287
31.6973 31.8554 0.191078
31.6973 31.8554 0.191078
31.9627 32.2038 0.199674
31.9627 32.2038 0.199674
32.1726 31.832 0.194909
32.1726 31.832 0.194909
32.1726 31.832 0.194909
32.1726 31.832 0.194909
32.1726 31.832 0.194909
32.1726 31.832 0.194909
31.7705 32.2148 0.19872
31.7705 32.2148 0.19872
31.7705 32.2148 0.19872
32.0768 31.5075 0.187824
32.0768 31.5075 0.187824
32.0441 31.1593 0.201499
32.0441 31.1593 0.201499
32.0441 31.1593 0.201499
32.0441 31.1593 0.201499
32.0441 31.1593 0.201499
32.0441 31.1593 0.201499
32.0441 31.1593 0.201499
32.0441 31.1593 0.201499
32.0441 31.1593 0.201499
32.0441 31.1593 0.201499
32.0441 31.1593 0.201499
31.9024 32.2032 0.183653
31.9024 32.2032 0.183653
31.6475 32.2661 0.184759
31.6475 32.2661 0.184759
31.6475 32.2661 0.184759
31.6475 32.2661 0.184759
31.65 31.3381 0.19162
31.65 31.3381 0.19162
31.65 31.3381 0.19162
31.65 31.3381 0.19162
31.7051 31.9772 0.189337
31.7677 32.2812 0.172974
31.7677 32.2812 0.172974
31.7677 32.2812 0.172974
31.8756 32.4466 0.192158
31.3923 32.2148 0.186033
31.9418 31.8894 0.187084
31.9418 31.8894 0.187084
31.9418 31.8894 0.187084
31.9418 31.8894 0.187084
32.5136 32.2742 0.19023
31.9565 32.1909 0.179567
31.9565 32.1909 0.179567
31.9565 32.1909 0.179567
31.9565 32.1909 0.179567
31.9565 32.1909 0.179567
31.8083 31.7457 0.182399
31.8083 31.7457 0.182399
31.8083 31.7457 0.182399
31.6627 31.7956 0.205277
31.9744 31.5787 0.185806
16.2745 16.5113 0.274334
16.2745 16.5113 0.274334
16.2745 16.5113 0.274334
21.1119 20.1437 0.254498
20.9773 21.3497 0.255858
20.9773 21.3497 0.255858
20.9773 21.3497 0.255858
20.9773 21.3497 0.255858
20.9773 21.3497 0.255858
20.9773 21.3497 0.255858
20.9773 21.3497 0.255858
20.9773 21.3497 0.255858
20.9773 21.3497 0.255858
20.4496 20.5719 0.283499
21.1676 20.4228 0.276107
21.1676 20.4228 0.276107
21.1676 20.4228 0.276107
21.1676 20.4228 0.276107
20.3254 20.5404 0.279594
20.3254 20.5404 0.279594
20.3254 20.5404 0.279594
20.3254 20.5404 0.279594
20.3254 20.5404 0.279594
20.3254 20.5404 0.279594
20.3254 20.5404 0.279594
20.3254 20.5404 0.279594
20.3254 20.5404 0.279594
20.5336 20.6709 0.263882
20.5336 20.6709 0.263882
20.5336 20.6709 0.263882
20.2289 20.7284 0.283143
20.8416 20.7466 0.283651
20.8416 20.7466 0.283651
20.8416 20.7466 0.283651
20.8416 20.7466 0.283651
20.8416 20.7466 0.283651
20.8416 20.7466 0.283651
20.8416 20.7466 0.283651
20.8416 20.7466 0.283651
20.8416 20.7466 0.283651
