11.3271 11.9821 0.313649
22.9475 22.7795 0.264937
26.1582 26.495 0.24146
10.1126 10.2139 0.294161
14.0762 13.8435 0.277601
20.743 20.5869 0.243734
35.9219 36.3527 0.202182
28.6233 28.1023 0.223838
41.5015 41.3469 0.158326
22.9446 22.7855 0.2818
14.9555 14.2265 0.292377
11.2885 11.4187 0.317347
44.9642 44.8868 0.165538
41.3082 41.5416 0.189144
26.4694 26.3968 0.239085
9.877 9.52748 0.313101
13.2839 13.3401 0.290723
38.5937 38.9306 0.167832
8.73661 9.07348 0.303305
27.641 28.0375 0.242506
10.1126 10.2139 0.294161
24.292 24.0593 0.240379
36.718 37.3336 0.18324
34.6982 34.6865 0.183086
16.4344 16.8535 0.281515
35.3951 35.8818 0.191582
12.7243 13.344 0.286517
24.5945 24.2252 0.258789
44.728 45.2041 0.165016
11.3528 11.3776 0.301853
26.1582 26.495 0.24146
42.9068 43.0426 0.16371
37.6007 37.2314 0.221086
44.7082 44.7609 0.165215
44.1106 43.6705 0.163599
19.5649 18.6535 0.297894
23.3807 23.5833 0.257712
12.8201 13.2115 0.301444
39.2625 39.2138 0.168559
22.9475 22.7795 0.264937
32.7507 33.5131 0.205309
15.831 16.2275 0.283055
27.641 28.0375 0.242506
22.3479 22.4181 0.262509
24.292 24.0593 0.240379
29.8161 29.4916 0.21569
10.6001 10.8645 0.309277
19.5649 18.6535 0.297894
6.26867 7.09974 0.304316
31.4178 30.7799 0.218725
13.8835 14.0193 0.283585
26.4694 26.3968 0.239085
17.4042 17.8942 0.284772
11.3271 11.9821 0.313649
26.1813 26.1325 0.242214
20.2327 20.1601 0.278989
12.8201 13.2115 0.301444
41.2249 41.2497 0.175758
19.4282 19.2573 0.256317
14.854 15.341 0.276469
34.8305 35.2595 0.187659
9.22828 9.25309 0.302213
38.5038 38.5219 0.189615
45.4445 44.8065 0.169016
33.5424 33.9338 0.2171
7.94892 8.07917 0.327881
15.2874 15.567 0.284193
17.4042 17.8942 0.284772
13.3332 13.3111 0.296966
22.9446 22.7855 0.2818
6.12699 6.26278 -0.00087697
23.3807 23.5833 0.257712
28.3441 29.077 0.256271
35.3149 36.0773 0.203059
9.22828 9.25309 0.302213
38.254 38.744 0.200832
19.4282 19.2573 0.256317
27.8771 27.9785 0.21889
38.0605 38.437 0.188101
14.9555 14.2265 0.292377
10.347 10.3249 0.309636
27.036 27.1989 0.239084
32.1354 32.6762 0.217705
26.5862 26.4153 0.234756
27.641 28.0375 0.242506
27.0556 27.0827 0.222249
18.298 17.9685 0.298419
36.718 37.3336 0.18324
13.8835 14.0193 0.283585
18.298 17.9685 0.298419
22.9475 22.7795 0.264937
11.8814 11.5121 0.315714
27.4563 27.4745 0.214933
31.4178 30.7799 0.218725
42.8272 42.9285 0.150714
29.8641 30.1664 0.220856
15.8112 16.2818 0.307003
34.2634 35.0945 0.198042
44.4186 44.1859 0.166815
15.4497 15.3771 0.290848
20.0255 19.4846 0.250347
20.0255 19.4846 0.250347
20.0255 19.4846 0.250347
20.0255 19.4846 0.250347
33.1553 33.1593 0.199994
33.1553 33.1593 0.199994
32.5784 33.3697 0.207929
33.0162 33.2319 0.21069
33.0162 33.2319 0.21069
33.0162 33.2319 0.21069
33.0162 33.2319 0.21069
33.351 33.5977 0.205076
33.351 33.5977 0.205076
33.351 33.5977 0.205076
33.351 33.5977 0.205076
33.351 33.5977 0.205076
32.9511 33.1778 0.199909
32.9511 33.1778 0.199909
32.9511 33.1778 0.199909
32.9511 33.1778 0.199909
33.4875 33.0601 0.194368
33.4875 33.0601 0.194368
33.4875 33.0601 0.194368
33.4875 33.0601 0.194368
33.4875 33.0601 0.194368
33.4875 33.0601 0.194368
33.4875 33.0601 0.194368
33.3424 33.0882 0.202427
33.3424 33.0882 0.202427
33.3424 33.0882 0.202427
33.3779 33.507 0.19829
33.3779 33.507 0.19829
33.3779 33.507 0.19829
33.3779 33.507 0.19829
33.3779 33.507 0.19829
33.3779 33.507 0.19829
32.9716 33.3476 0.223903
33.4308 32.864 0.200976
33.4308 32.864 0.200976
33.4308 32.864 0.200976
33.4308 32.864 0.200976
33.4308 32.864 0.200976
33.4308 32.864 0.200976
33.4308 32.864 0.200976
33.4308 32.864 0.200976
32.6914 32.9359 0.204113
33.1097 33.7488 0.19816
33.1097 33.7488 0.19816
32.7487 32.8315 0.182664
33.1463 32.9282 0.20677
33.1463 32.9282 0.20677
33.1463 32.9282 0.20677
33.1463 32.9282 0.20677
33.1463 32.9282 0.20677
33.1463 32.9282 0.20677
33.1684 32.7204 0.188474
33.2118 32.9737 0.207612
33.2118 32.9737 0.207612
33.2118 32.9737 0.207612
33.2118 32.9737 0.207612
32.8862 32.8117 0.203239
32.8862 32.8117 0.203239
32.8862 32.8117 0.203239
33.1282 32.921 0.202012
33.1282 32.921 0.202012
33.1282 32.921 0.202012
32.0526 31.4017 0.201764
32.0526 31.4017 0.201764
32.0526 31.4017 0.201764
32.0526 31.4017 0.201764
32.0526 31.4017 0.201764
32.0526 31.4017 0.201764
32.0526 31.4017 0.201764
32.0526 31.4017 0.201764
32.0526 31.4017 0.201764
32.0526 31.4017 0.201764
32.2215 31.8265 0.183423
32.2215 31.8265 0.183423
32.2215 31.8265 0.183423
32.2215 31.8265 0.183423
31.6989 31.5782 0.201236
31.6989 31.5782 0.201236
31.6989 31.5782 0.201236
31.857 32.0256 0.16388
31.857 32.0256 0.16388
31.857 32.0256 0.16388
31.857 32.0256 0.16388
31.857 32.0256 0.16388
31.857 32.0256 0.16388
31.857 32.0256 0.16388
31.857 32.0256 0.16388
31.857 32.0256 0.16388
19.6188 19.8364 0.242388
19.6188 19.8364 0.242388
19.6188 19.8364 0.242388
19.6188 19.8364 0.242388
19.6188 19.8364 0.242388
19.6188 19.8364 0.242388
19.6188 19.8364 0.242388
19.6188 19.8364 0.242388
17.5007 17.4029 0.269648
17.5007 17.4029 0.269648
17.5007 17.4029 0.269648
17.5007 17.4029 0.269648
17.5007 17.4029 0.269648
17.5007 17.4029 0.269648
17.5007 17.4029 0.269648
17.5007 17.4029 0.269648
17.5007 17.4029 0.269648
17.6884 17.3566 0.264901
17.6884 17.3566 0.264901
17.6884 17.3566 0.264901
17.6884 17.3566 0.264901
17.6884 17.3566 0.264901
17.6884 17.3566 0.264901
17.6884 17.3566 0.264901
17.6884 17.3566 0.264901
17.6884 17.3566 0.264901
17.6884 17.3566 0.264901
17.6884 17.3566 0.264901
17.6884 17.3566 0.264901
17.6884 17.3566 0.264901
17.6884 17.3566 0.264901
17.6884 17.3566 0.264901
17.6884 17.3566 0.264901
17.6884 17.3566 0.264901
17.6884 17.3566 0.264901
17.6884 17.3566 0.264901
17.6884 17.3566 0.264901
19.1755 18.7758 0.261075
19.1755 18.7758 0.261075
19.1755 18.7758 0.261075
19.1755 18.7758 0.261075
19.1755 18.7758 0.261075
19.1755 18.7758 0.261075
19.1755 18.7758 0.261075
19.1755 18.7758 0.261075
19.1755 18.7758 0.261075
19.1755 18.7758 0.261075
19.1755 18.7758 0.261075
19.1755 18.7758 0.261075
19.1755 18.7758 0.261075
19.1755 18.7758 0.261075
19.1755 18.7758 0.261075
19.1755 18.7758 0.261075
19.1755 18.7758 0.261075
19.1755 18.7758 0.261075
19.1755 18.7758 0.261075
19.1247 18.8953 0.27872
19.1247 18.8953 0.27872
19.1247 18.8953 0.27872
19.1659 19.1521 0.274766
19.1659 19.1521 0.274766
19.1659 19.1521 0.274766
19.1659 19.1521 0.274766
19.1659 19.1521 0.274766
19.186 18.7199 0.26271
19.186 18.7199 0.26271
19.186 18.7199 0.26271
19.0055 19.2724 0.257592
19.0055 19.2724 0.257592
19.0055 19.2724 0.257592
19.0055 19.2724 0.257592
19.0055 19.2724 0.257592
19.0055 19.2724 0.257592
19.0055 19.2724 0.257592
19.0055 19.2724 0.257592
19.0055 19.2724 0.257592
19.0055 19.2724 0.257592
19.0055 19.2724 0.257592
19.0055 19.2724 0.257592
19.0055 19.2724 0.257592
19.0055 19.2724 0.257592
19.0055 19.2724 0.257592
19.0055 19.2724 0.257592
19.0055 19.2724 0.257592
19.0055 19.2724 0.257592
19.0055 19.2724 0.257592
19.0055 19.2724 0.257592
19.0055 19.2724 0.257592
19.0055 19.2724 0.257592
19.0055 19.2724 0.257592
19.0055 19.2724 0.257592
19.0055 19.2724 0.257592
19.0055 19.2724 0.257592
18.796 19.2461 0.274653
18.796 19.2461 0.274653
18.796 19.2461 0.274653
18.7348 18.8736 0.260724
18.7348 18.8736 0.260724
18.7348 18.8736 0.260724
18.7348 18.8736 0.260724
18.7348 18.8736 0.260724
18.7348 18.8736 0.260724
18.7348 18.8736 0.260724
18.7348 18.8736 0.260724
18.7348 18.8736 0.260724
18.7348 18.8736 0.260724
18.7348 18.8736 0.260724
18.7348 18.8736 0.260724
