11.3271 11.9821 0.313649
24.0654 23.9651 0.270039
12.8201 13.2115 0.301444
29.3601 29.9798 0.207581
34.8305 35.2595 0.187659
10.6001 10.8645 0.309277
6.26867 7.09974 0.304316
40.0896 39.7518 0.187681
22.3479 22.4181 0.262509
24.0514 24.0696 0.253401
16.0716 15.1602 0.320489
27.641 28.0375 0.242506
26.704 27.0953 0.228099
6.26867 7.09974 0.304316
15.4497 15.3771 0.290848
15.8208 16.3301 0.271449
44.9642 44.8868 0.165538
30.0882 29.5871 0.21811
20.5414 20.3523 0.266493
19.4282 19.2573 0.256317
9.22828 9.25309 0.302213
9.38676 9.21869 0.309483
26.1693 26.5756 0.238898
51.1282 51.465 0.144909
47.6209 47.8861 0.178422
17.6598 16.5701 0.288201
44.3698 44.7611 0.174337
24.292 24.0593 0.240379
27.641 28.0375 0.242506
20.5414 20.3523 0.266493
14.0762 13.8435 0.277601
23.3807 23.5833 0.257712
27.8771 27.9785 0.21889
44.3696 44.3208 0.173184
48.5995 48.4434 0.136444
14.9555 14.2265 0.292377
32.4712 32.1817 0.219636
9.98836 9.22669 0.294127
10.7993 10.8174 0.300323
22.2132 21.7731 0.255546
44.7082 44.7609 0.165215
22.9475 22.7795 0.264937
52.6022 52.6493 0.148449
46.4651 46.1357 0.183886
10.6001 10.8645 0.309277
50.9276 50.8842 0.164244
11.3271 11.9821 0.313649
15.8208 16.3301 0.271449
20.0885 20.5076 0.290812
27.036 27.1989 0.239084
15.8888 15.7885 0.324489
15.8888 15.7885 0.324489
27.641 28.0375 0.242506
41.8668 41.699 0.176667
16.111 16.1497 0.32184
27.4563 27.4745 0.214933
7.7201 7.56812 0.329119
38.4472 38.2726 0.195964
43.2393 43.1476 0.18901
25.4012 25.2057 0.261885
19.2758 19.6126 0.28139
6.93656 6.81633 0.301809
14.0762 13.8435 0.277601
13.2839 13.3401 0.290723
27.4563 27.4745 0.214933
7.76867 7.80736 0.344634
9.38676 9.21869 0.309483
14.3047 14.2334 0.283516
52.2597 52.5242 0.14652
32.9867 32.975 0.19424
11.3271 11.9821 0.313649
16.5589 16.1939 0.25512
36.701 36.6893 0.183929
6.41059 6.44927 0.336636
23.044 23.2848 0.24787
48.4769 48.8832 0.177095
44.8679 44.7159 0.172893
11.3271 11.9821 0.313649
7.76867 7.80736 0.344634
18.298 17.9685 0.298419
18.298 17.9685 0.298419
47.6792 47.3498 0.194241
48.3979 48.2087 0.159202
9.98836 9.22669 0.294127
10.5339 11.1495 0.291346
42.7188 43.1101 0.187575
26.4694 26.3968 0.239085
47.6922 46.7807 0.196138
26.1601 26.1484 0.213712
22.9475 22.7795 0.264937
6.26297 5.93353 0.0169025
8.73661 9.07348 0.303305
14.0762 13.8435 0.277601
8.73661 9.07348 0.303305
10.1126 10.2139 0.294161
6.26867 7.09974 0.304316
36.9289 37.6913 0.211457
27.641 28.0375 0.242506
22.683 22.7532 0.264134
22.9475 22.7795 0.264937
46.4411 46.4853 0.161268
46.5149 46.4491 0.178765
46.5149 46.4491 0.178765
46.5149 46.4491 0.178765
46.5611 46.1711 0.164368
46.5611 46.1711 0.164368
46.5611 46.1711 0.164368
46.5611 46.1711 0.164368
46.5611 46.1711 0.164368
46.0247 46.4376 0.190081
46.0247 46.4376 0.190081
46.0247 46.4376 0.190081
46.0247 46.4376 0.190081
46.1395 46.3015 0.175509
46.1395 46.3015 0.175509
46.3254 46.0688 0.172076
46.3254 46.0688 0.172076
46.4605 46.5475 0.162098
46.4605 46.5475 0.162098
46.4605 46.5475 0.162098
46.4605 46.5475 0.162098
47.0462 46.4206 0.167906
46.6368 46.7621 0.175957
46.037 46.7969 0.167318
46.037 46.7969 0.167318
46.037 46.7969 0.167318
46.5782 46.2247 0.161718
46.5782 46.2247 0.161718
46.5782 46.2247 0.161718
46.5359 45.8395 0.175094
46.5359 45.8395 0.175094
46.5359 45.8395 0.175094
46.5359 45.8395 0.175094
46.5359 45.8395 0.175094
46.5359 45.8395 0.175094
46.3837 46.1639 0.168551
46.3837 46.1639 0.168551
46.3837 46.1639 0.168551
46.3837 46.1639 0.168551
46.3837 46.1639 0.168551
46.4393 46.2056 0.157322
46.4393 46.2056 0.157322
46.5316 46.5678 0.140521
46.5316 46.5678 0.140521
46.348 46.8266 0.157052
46.348 46.8266 0.157052
46.348 46.8266 0.157052
46.348 46.8266 0.157052
46.348 46.8266 0.157052
46.348 46.8266 0.157052
46.348 46.8266 0.157052
46.348 46.8266 0.157052
46.348 46.8266 0.157052
15.062 14.4837 0.304337
15.062 14.4837 0.304337
15.062 14.4837 0.304337
15.062 14.4837 0.304337
15.062 14.4837 0.304337
15.062 14.4837 0.304337
22.4838 22.2916 0.262627
22.4838 22.2916 0.262627
22.4838 22.2916 0.262627
22.4838 22.2916 0.262627
22.4838 22.2916 0.262627
22.4838 22.2916 0.262627
22.4838 22.2916 0.262627
22.4838 22.2916 0.262627
22.2077 22.5085 0.274024
22.2077 22.5085 0.274024
22.2077 22.5085 0.274024
22.0165 22.3166 0.288847
22.0165 22.3166 0.288847
22.0165 22.3166 0.288847
22.0165 22.3166 0.288847
22.0165 22.3166 0.288847
22.0165 22.3166 0.288847
22.0165 22.3166 0.288847
22.0165 22.3166 0.288847
22.0165 22.3166 0.288847
22.0165 22.3166 0.288847
22.8751 22.643 0.257229
22.274 22.573 0.260343
22.274 22.573 0.260343
22.274 22.573 0.260343
22.274 22.573 0.260343
22.274 22.573 0.260343
22.274 22.573 0.260343
22.274 22.573 0.260343
22.1247 22.6633 0.269208
22.1247 22.6633 0.269208
22.1247 22.6633 0.269208
22.1247 22.6633 0.269208
22.1247 22.6633 0.269208
22.1247 22.6633 0.269208
22.1247 22.6633 0.269208
22.1247 22.6633 0.269208
22.1247 22.6633 0.269208
22.1247 22.6633 0.269208
22.1247 22.6633 0.269208
22.1247 22.6633 0.269208
36.9368 37.349 0.219516
36.9368 37.349 0.219516
37.0501 37.0681 0.20348
37.0501 37.0681 0.20348
37.0501 37.0681 0.20348
37.0501 37.0681 0.20348
37.0501 37.0681 0.20348
37.0501 37.0681 0.20348
37.0501 37.0681 0.20348
37.0501 37.0681 0.20348
37.0501 37.0681 0.20348
37.0501 37.0681 0.20348
37.0501 37.0681 0.20348
37.0501 37.0681 0.20348
37.0501 37.0681 0.20348
37.0501 37.0681 0.20348
37.0501 37.0681 0.20348
37.0501 37.0681 0.20348
37.0501 37.0681 0.20348
36.9877 37.3475 0.210361
36.9877 37.3475 0.210361
36.9877 37.3475 0.210361
55.9289 55.8711 0.122695
55.8977 56.242 0.146786
55.8977 56.242 0.146786
55.8977 56.242 0.146786
56.328 55.7004 0.131729
56.5306 55.868 0.143214
56.5306 55.868 0.143214
56.5306 55.868 0.143214
56.2857 56.2796 0.15562
56.0679 56.3918 0.130765
56.4077 56.1103 0.134237
56.4077 56.1103 0.134237
55.5618 56.6402 0.13683
56.1441 56.2575 0.126524
55.9979 56.2837 0.124272
56.8199 55.6886 0.14442
56.0788 55.8449 0.143063
56.0788 55.8449 0.143063
55.3434 56.7602 0.140351
56.0171 55.9104 0.150433
56.3454 56.0382 0.134817
56.1024 56.1414 0.121228
55.8644 55.7047 0.132729
55.9771 56.413 0.124067
55.6271 55.9139 0.149769
55.6271 55.9139 0.149769
56.6429 56.2677 0.125656
55.6098 56.1012 0.112468
55.6098 56.1012 0.112468
55.855 56.1225 0.14723
56.061 56.0283 0.111216
56.061 56.0283 0.111216
55.8312 55.7461 0.13431
55.8312 55.7461 0.13431
55.6495 55.9907 0.119528
55.9129 56.598 0.126251
55.8819 56.0707 0.120779
56.5487 56.2088 0.131311
55.8468 55.9739 0.130304
55.8468 55.9739 0.130304
55.8468 55.9739 0.130304
55.9064 55.752 0.143618
56.5361 56.3058 0.127011
56.0113 55.728 0.1431
55.818 55.8325 0.14346
55.818 55.8325 0.14346
55.5053 56.2367 0.1274
55.5053 56.2367 0.1274
55.9062 55.6504 0.13253
56.6306 56.1957 0.121335
56.4913 56.1291 0.110175
55.4369 55.8222 0.135675
55.4369 55.8222 0.135675
56.4282 56.2869 0.136501
55.7014 56.2132 0.119424
55.9749 55.7775 0.132893
55.3044 56.0614 0.150656
55.8844 56.4917 0.141267
56.3192 55.7825 0.135254
55.7234 55.9974 0.129306
56.03 56.3867 0.131507
55.732 55.8617 0.13069
55.9393 56.7874 0.138423
55.9393 56.7874 0.138423
56.1051 55.8889 0.134926
56.1567 56.4607 0.131388
56.0173 56.6153 0.121657
56.1695 56.2827 0.14902
56.3853 56.006 0.130387
56.2054 56.309 0.121442
55.6456 56.2321 0.131854
55.6456 56.2321 0.131854
55.8204 56.1607 0.129133
56.2694 56.0915 0.133616
56.5722 55.9884 0.125384
55.659 56.2119 0.121989
56.6083 56.283 0.143032
56.2082 56.3613 0.113391
