16.0716 15.1602 0.320489
14.9508 14.654 0.284919
11.2885 11.4187 0.317347
6.41059 6.44927 0.336636
20.4928 21.1477 0.277833
13.1717 13.1988 0.295595
16.1507 15.8128 0.316045
8.10812 8.84108 0.344488
15.0194 14.9863 0.283881
6.63728 6.66439 0.29874
9.39852 9.87457 0.312378
20.6218 20.6781 0.267672
13.1717 13.1988 0.295595
20.4928 21.1477 0.277833
10.5016 9.95256 0.308835
13.3332 13.3111 0.296966
12.7243 13.344 0.286517
11.2283 11.1849 0.30566
12.7243 13.344 0.286517
16.8225 17.4422 0.269532
13.1717 13.1988 0.295595
13.2839 13.3401 0.290723
16.3348 15.9698 0.283498
16.3348 15.9698 0.283498
6.41059 6.44927 0.336636
17.7906 17.441 0.271897
16.9715 17.4586 0.260229
13.2923 13.0028 0.298575
22.1556 22.0638 0.271513
7.86086 7.6541 0.315561
7.28648 7.68299 0.328781
13.4878 12.9388 0.296164
6.41059 6.44927 0.336636
7.7201 7.56812 0.329119
20.4444 20.0751 0.262149
13.2839 13.3401 0.290723
21.9878 22.4748 0.251436
16.0587 15.7292 0.318592
10.8895 10.5601 0.327694
11.2096 11.972 0.306085
17.7906 17.441 0.271897
17.6598 16.5701 0.288201
16.885 17.6768 0.27464
13.3345 13.6714 0.290154
17.2158 17.7024 0.264858
12.0514 12.448 0.312761
6.26867 7.09974 0.304316
15.4307 15.3532 0.287936
10.5016 9.95256 0.308835
22.7262 23.2128 0.250422
12.8201 13.2115 0.301444
20.7366 20.2355 0.262916
9.75382 8.97282 0.30782
14.7453 14.6678 0.281354
15.8112 16.2818 0.307003
9.877 9.52748 0.313101
6.41059 6.44927 0.336636
20.5183 20.1938 0.271574
7.28648 7.68299 0.328781
12.0074 11.8328 0.324726
20.6769 20.5088 0.273307
15.8112 16.2818 0.307003
15.5423 14.4526 0.304441
7.77147 7.61535 0.299868
22.2693 22.9243 0.275106
15.646 15.8486 0.298914
8.08239 7.78463 0.323966
6.29217 6.34845 0.315809
8.08239 7.78463 0.323966
20.7402 20.7789 0.2885
12.8991 13.2541 0.307206
21.6673 22.1766 0.262135
10.6226 11.0535 0.309078
19.1199 19.21 0.249671
13.1717 13.1988 0.295595
22.9662 22.9174 0.259487
13.2923 13.0028 0.298575
12.7243 13.344 0.286517
14.9555 14.2265 0.292377
13.6923 13.3428 0.288881
9.75382 8.97282 0.30782
14.0084 14.2219 0.274043
10.4471 10.2579 0.299328
15.5423 14.4526 0.304441
12.3333 12.2331 0.325817
7.94892 8.07917 0.327881
18.6076 18.4121 0.295126
9.98836 9.22669 0.294127
18.37 17.6394 0.285092
13.1193 13.7743 0.304848
19.4517 19.1539 0.288362
15.6069 16.0034 0.311432
7.7201 7.56812 0.329119
16.0671 16.1685 0.259438
13.2923 13.0028 0.298575
20.2751 20.08 0.289917
7.7201 7.56812 0.329119
14.0762 13.8435 0.277601
11.3271 11.9821 0.313649
9.28337 8.84325 0.305543
9.28712 9.75771 0.320932
9.28712 9.75771 0.320932
9.74046 9.75854 0.314759
9.74046 9.75854 0.314759
9.74046 9.75854 0.314759
9.74046 9.75854 0.314759
9.28997 9.5234 0.316454
9.28997 9.5234 0.316454
9.28997 9.5234 0.316454
9.75321 9.82333 0.314131
9.75321 9.82333 0.314131
9.75321 9.82333 0.314131
9.75321 9.82333 0.314131
9.87331 9.82992 0.310488
9.87331 9.82992 0.310488
9.68618 10.1053 0.323822
9.68618 10.1053 0.323822
8.78117 8.44332 0.333806
8.78117 8.44332 0.333806
8.78117 8.44332 0.333806
8.78117 8.44332 0.333806
8.78117 8.44332 0.333806
8.78117 8.44332 0.333806
8.78117 8.44332 0.333806
8.78117 8.44332 0.333806
8.78117 8.44332 0.333806
8.78117 8.44332 0.333806
8.78117 8.44332 0.333806
8.78117 8.44332 0.333806
8.78117 8.44332 0.333806
8.78117 8.44332 0.333806
8.78117 8.44332 0.333806
8.78117 8.44332 0.333806
9.03156 8.68204 0.316932
9.03156 8.68204 0.316932
9.03156 8.68204 0.316932
9.03156 8.68204 0.316932
9.03156 8.68204 0.316932
9.03156 8.68204 0.316932
8.23738 8.63389 0.329193
8.23738 8.63389 0.329193
8.23738 8.63389 0.329193
8.23738 8.63389 0.329193
8.23738 8.63389 0.329193
8.99875 8.80327 0.33306
8.99875 8.80327 0.33306
8.99875 8.80327 0.33306
8.99875 8.80327 0.33306
8.99875 8.80327 0.33306
8.99875 8.80327 0.33306
8.99875 8.80327 0.33306
8.99875 8.80327 0.33306
8.99875 8.80327 0.33306
8.90084 7.81113 0.333236
8.45681 8.94342 0.309893
8.45681 8.94342 0.309893
8.45681 8.94342 0.309893
8.45681 8.94342 0.309893
8.45681 8.94342 0.309893
8.71541 8.62367 0.326965
8.71541 8.62367 0.326965
8.71541 8.62367 0.326965
8.71541 8.62367 0.326965
8.71541 8.62367 0.326965
8.71541 8.62367 0.326965
8.71541 8.62367 0.326965
8.71541 8.62367 0.326965
9.10177 8.93093 0.311501
9.10177 8.93093 0.311501
9.10177 8.93093 0.311501
9.10177 8.93093 0.311501
9.10177 8.93093 0.311501
11.4646 11.1751 0.311341
11.4646 11.1751 0.311341
11.4646 11.1751 0.311341
11.4646 11.1751 0.311341
11.295 11.8937 0.30113
11.295 11.8937 0.30113
11.6142 11.2764 0.318521
11.1069 11.4618 0.316006
11.1069 11.4618 0.316006
11.1069 11.4618 0.316006
11.1069 11.4618 0.316006
11.1069 11.4618 0.316006
11.1069 11.4618 0.316006
11.1069 11.4618 0.316006
11.1069 11.4618 0.316006
11.1069 11.4618 0.316006
11.3599 11.5228 0.32123
11.3599 11.5228 0.32123
11.3599 11.5228 0.32123
11.3599 11.5228 0.32123
11.8326 11.1035 0.312469
11.8326 11.1035 0.312469
11.8326 11.1035 0.312469
11.8326 11.1035 0.312469
11.8326 11.1035 0.312469
11.8326 11.1035 0.312469
11.8326 11.1035 0.312469
11.8326 11.1035 0.312469
17.5056 18.0727 0.275273
17.5056 18.0727 0.275273
17.5056 18.0727 0.275273
17.5056 18.0727 0.275273
17.8294 17.9291 0.28891
17.8294 17.9291 0.28891
17.8294 17.9291 0.28891
17.8294 17.9291 0.28891
17.8294 17.9291 0.28891
17.8294 17.9291 0.28891
17.8294 17.9291 0.28891
17.499 17.4118 0.294243
17.499 17.4118 0.294243
17.499 17.4118 0.294243
17.499 17.4118 0.294243
17.3037 17.4754 0.264061
17.3037 17.4754 0.264061
17.3037 17.4754 0.264061
17.3037 17.4754 0.264061
17.3037 17.4754 0.264061
17.3037 17.4754 0.264061
17.3037 17.4754 0.264061
16.8921 17.9166 0.262999
16.8921 17.9166 0.262999
16.8921 17.9166 0.262999
16.8921 17.9166 0.262999
16.8921 17.9166 0.262999
17.4521 17.3018 0.273799
17.4521 17.3018 0.273799
17.4521 17.3018 0.273799
17.4521 17.3018 0.273799
17.2938 17.5527 0.281956
17.2938 17.5527 0.281956
17.2938 17.5527 0.281956
17.2938 17.5527 0.281956
17.2938 17.5527 0.281956
17.2938 17.5527 0.281956
17.2938 17.5527 0.281956
17.2938 17.5527 0.281956
17.136 17.2065 0.265239
17.136 17.2065 0.265239
17.136 17.2065 0.265239
17.136 17.2065 0.265239
17.136 17.2065 0.265239
17.136 17.2065 0.265239
17.136 17.2065 0.265239
16.5565 17.2594 0.282076
17.4596 17.5851 0.273255
17.6135 17.0668 0.26744
17.6135 17.0668 0.26744
17.6135 17.0668 0.26744
17.6135 17.0668 0.26744
17.6135 17.0668 0.26744
17.6135 17.0668 0.26744
17.8377 17.023 0.278522
17.8377 17.023 0.278522
17.8377 17.023 0.278522
17.8377 17.023 0.278522
17.875 17.3735 0.27414
17.875 17.3735 0.27414
17.7784 16.8714 0.274539
17.7784 16.8714 0.274539
17.7784 16.8714 0.274539
17.7784 16.8714 0.274539
17.7784 16.8714 0.274539
17.7784 16.8714 0.274539
17.7784 16.8714 0.274539
17.7784 16.8714 0.274539
17.7784 16.8714 0.274539
17.7784 16.8714 0.274539
17.7784 16.8714 0.274539
17.7784 16.8714 0.274539
17.0666 18.0388 0.276435
17.0666 18.0388 0.276435
17.0666 18.0388 0.276435
17.0666 18.0388 0.276435
17.0666 18.0388 0.276435
17.0666 18.0388 0.276435
17.0666 18.0388 0.276435
17.0666 18.0388 0.276435
17.0666 18.0388 0.276435
17.0666 18.0388 0.276435
17.0666 18.0388 0.276435
17.9196 17.8407 0.293119
17.3503 17.6582 0.280553
17.3503 17.6582 0.280553
17.3503 17.6582 0.280553
17.3503 17.6582 0.280553
17.3503 17.6582 0.280553
17.3503 17.6582 0.280553
17.3503 17.6582 0.280553
17.3075 17.4568 0.282353
17.3075 17.4568 0.282353
17.3075 17.4568 0.282353
17.3075 17.4568 0.282353
17.3075 17.4568 0.282353
17.3075 17.4568 0.282353
17.3075 17.4568 0.282353
17.3075 17.4568 0.282353
17.3075 17.4568 0.282353
8.4823 8.37889 0.326317
8.4823 8.37889 0.326317
8.4823 8.37889 0.326317
8.4823 8.37889 0.326317
8.4823 8.37889 0.326317
8.4823 8.37889 0.326317
8.4823 8.37889 0.326317
8.4823 8.37889 0.326317
8.28531 8.56472 0.316655
8.28531 8.56472 0.316655
8.28531 8.56472 0.316655
8.28531 8.56472 0.316655
8.28531 8.56472 0.316655
8.28531 8.56472 0.316655
8.28531 8.56472 0.316655
8.28531 8.56472 0.316655
9.51475 8.92298 0.334254
9.51475 8.92298 0.334254
9.51475 8.92298 0.334254
9.51475 8.92298 0.334254
9.51475 8.92298 0.334254
8.69108 8.68655 0.318464
8.69108 8.68655 0.318464
8.69108 8.68655 0.318464
8.69108 8.68655 0.318464
8.69108 8.68655 0.318464
9.0526 8.52346 0.31311
9.0526 8.52346 0.31311
9.0526 8.52346 0.31311
9.0526 8.52346 0.31311
8.3608 8.84862 0.327886
8.3608 8.84862 0.327886
8.3608 8.84862 0.327886
8.3608 8.84862 0.327886
8.3608 8.84862 0.327886
8.3608 8.84862 0.327886
8.3608 8.84862 0.327886
8.3608 8.84862 0.327886
8.3608 8.84862 0.327886
8.3608 8.84862 0.327886
8.3608 8.84862 0.327886
8.3608 8.84862 0.327886
8.3608 8.84862 0.327886
8.3608 8.84862 0.327886
8.3608 8.84862 0.327886
8.3608 8.84862 0.327886
8.06634 7.84862 0.310688
8.06634 7.84862 0.310688
8.06634 7.84862 0.310688
8.06634 7.84862 0.310688
8.06634 7.84862 0.310688
8.06634 7.84862 0.310688
8.06634 7.84862 0.310688
8.06634 7.84862 0.310688
8.06634 7.84862 0.310688
8.06634 7.84862 0.310688
8.06634 7.84862 0.310688
8.06634 7.84862 0.310688
8.06634 7.84862 0.310688
8.06634 7.84862 0.310688
7.36696 7.63348 0.329834
7.88541 7.29813 0.333713
7.88541 7.29813 0.333713
7.88541 7.29813 0.333713
7.88541 7.29813 0.333713
7.88541 7.29813 0.333713
7.88541 7.29813 0.333713
7.88541 7.29813 0.333713
7.88541 7.29813 0.333713
7.88541 7.29813 0.333713
7.88541 7.29813 0.333713
7.88541 7.29813 0.333713
7.88541 7.29813 0.333713
7.88541 7.29813 0.333713
7.88541 7.29813 0.333713
7.88541 7.29813 0.333713
7.88541 7.29813 0.333713
7.74307 7.60375 0.325095
7.74307 7.60375 0.325095
7.74307 7.60375 0.325095
7.5819 7.8928 0.323951
7.5819 7.8928 0.323951
7.5819 7.8928 0.323951
7.5819 7.8928 0.323951
7.5819 7.8928 0.323951
7.5819 7.8928 0.323951
7.5819 7.8928 0.323951
7.5819 7.8928 0.323951
7.55341 7.9564 0.315388
7.55341 7.9564 0.315388
7.55341 7.9564 0.315388
7.55341 7.9564 0.315388
7.55341 7.9564 0.315388
7.55341 7.9564 0.315388
7.55341 7.9564 0.315388
7.55341 7.9564 0.315388
7.55341 7.9564 0.315388
7.55341 7.9564 0.315388
7.55341 7.9564 0.315388
7.55341 7.9564 0.315388
