6.18863 5.86411 0.319711
6.20339 6.819 -0.00983748
6.95342 6.40435 0.29931
6.58491 7.23989 0.307994
6.3701 6.21544 -0.019743
6.85206 6.12145 0.302085
7.65799 7.92316 0.325567
6.45833 6.38086 0.313766
7.82343 7.66877 0.30474
6.76261 5.73906 0.315199
6.36201 6.21003 0.321121
6.21547 6.24258 0.316716
6.12699 6.26278 -0.00087697
6.47821 5.95725 0.291115
7.76934 7.81639 0.324898
5.68194 6.41489 0.0250378
7.87283 7.75261 0.327782
5.88158 6.36862 0.302299
7.07438 7.50527 0.299553
7.09066 7.71035 0.3196
5.88158 6.36862 0.302299
6.01834 6.25177 0.000834648
6.2624 7.02809 0.312065
5.83395 6.14945 0.318263
7.77147 7.61535 0.299868
7.55395 7.71692 0.341548
7.64172 7.22606 0.310727
6.31616 5.70639 0.00991534
6.26297 5.93353 0.0169025
7.64172 7.22606 0.310727
7.22196 7.61332 0.330563
7.15316 7.94498 0.324708
6.10062 6.26359 0.0170654
5.89617 6.40547 0.314623
6.60168 6.55829 -0.00513132
5.88158 6.36862 0.302299
5.88158 6.36862 0.302299
7.30096 7.65592 0.336324
6.64404 6.77983 0.297633
6.31814 6.16202 -0.0246146
7.64894 8.05518 0.34052
6.9316 7.35071 0.306713
6.45023 6.11237 0.330841
6.01174 5.57162 -0.0100762
6.48158 6.55171 -0.00148843
7.72925 6.81784 0.343283
6.12586 6.61248 0.306929
6.79875 6.77667 0.300112
5.88158 6.36862 0.302299
6.57693 6.40911 -0.0116427
6.10062 6.26359 0.0170654
6.70348 6.69177 0.289361
7.67312 7.95272 0.318021
6.63728 6.66439 0.29874
6.28922 6.19748 0.00751513
6.29217 6.34845 0.315809
7.54684 7.57165 0.322171
7.13527 7.86822 0.349521
6.87931 6.35343 0.00233969
7.19868 7.96436 0.338038
6.56407 6.58215 0.315626
6.47821 5.95725 0.291115
6.55282 7.15149 0.295474
6.70544 6.28978 0.284754
6.55733 6.98822 0.00104322
7.76934 7.81639 0.324898
7.65865 7.3692 0.331659
6.19692 6.25321 -0.000677008
5.68194 6.41489 0.0250378
5.79507 6.58689 0.31671
6.41059 6.44927 0.336636
6.62413 6.67677 0.295468
6.29217 6.34845 0.315809
8.05501 8.01162 0.319352
6.20232 6.25496 0.313444
7.08961 6.89414 0.312119
7.54672 7.2222 0.327708
5.96479 6.50559 0.32173
6.60168 6.55829 -0.00513132
5.77718 6.51013 0.341524
6.93656 6.81633 0.301809
7.09066 7.71035 0.3196
6.25794 5.96018 0.325753
7.92799 6.83827 0.338269
5.69709 6.03396 0.315266
7.32288 7.86367 0.329727
6.26677 6.11479 0.00463575
6.88014 6.80267 0.29579
7.97426 7.99251 0.317397
6.67975 6.38199 0.307777
5.96479 6.50559 0.32173
6.11654 5.92741 -0.00185572
6.64545 6.61244 0.287923
7.7201 7.56812 0.329119
6.3866 6.9274 0.303754
6.01834 6.25177 0.000834648
7.77147 7.61535 0.299868
7.63976 7.62805 0.315334
8.02589 7.83041 0.338093
6.76894 6.98241 0.288091
6.67218 6.50435 0.304843
6.36591 6.31713 0.315994
6.36591 6.31713 0.315994
6.34281 6.67968 0.31524
6.34281 6.67968 0.31524
6.34281 6.67968 0.31524
6.63434 6.26931 0.298294
6.63434 6.26931 0.298294
6.18875 6.21356 0.314174
6.50277 6.29601 0.307564
6.50277 6.29601 0.307564
6.22214 6.69819 0.313244
6.20232 6.25496 0.313444
6.69648 6.50138 0.323793
6.69648 6.50138 0.323793
6.69648 6.50138 0.323793
6.35821 6.02878 0.333388
6.35821 6.02878 0.333388
6.35821 6.02878 0.333388
6.38446 6.29272 0.324001
5.69709 6.03396 0.315266
5.69709 6.03396 0.315266
6.68936 6.60868 0.314158
6.68936 6.60868 0.314158
6.68936 6.60868 0.314158
6.43025 5.69964 0.320061
6.43025 5.69964 0.320061
6.29085 6.69709 0.332522
6.41125 6.4583 0.316901
6.41125 6.4583 0.316901
6.41125 6.4583 0.316901
5.89617 6.40547 0.314623
6.18834 6.08808 0.339285
6.18834 6.08808 0.339285
6.41339 6.25727 0.291871
6.41339 6.25727 0.291871
6.28167 6.26996 0.307337
6.18863 5.86411 0.319711
6.41059 6.44927 0.336636
6.41059 6.44927 0.336636
6.40692 5.90583 0.311053
6.40692 5.90583 0.311053
6.40692 5.90583 0.311053
6.40692 5.90583 0.311053
6.40692 5.90583 0.311053
6.56407 6.58215 0.315626
5.94554 6.14814 0.31371
6.29217 6.34845 0.315809
6.29217 6.34845 0.315809
5.86387 6.25523 0.322566
6.10699 5.66687 0.306409
5.84686 6.67793 0.322292
5.84686 6.67793 0.322292
6.71743 6.34814 0.328034
6.71743 6.34814 0.328034
6.71743 6.34814 0.328034
6.71743 6.34814 0.328034
6.41498 6.18223 0.309625
6.28364 5.86798 0.30273
6.36201 6.21003 0.321121
6.36201 6.21003 0.321121
6.46534 6.31068 0.296743
6.12446 6.25471 0.329668
6.12446 6.25471 0.329668
6.22364 6.19063 0.305899
6.22364 6.19063 0.305899
6.22364 6.19063 0.305899
6.2999 6.56507 0.317569
6.2999 6.56507 0.317569
6.2999 6.56507 0.317569
6.44374 6.68452 0.304377
6.37116 5.45975 0.335285
6.37116 5.45975 0.335285
6.34431 6.18518 0.338307
6.34431 6.18518 0.338307
6.29863 6.91424 0.306648
6.29863 6.91424 0.306648
6.29863 6.91424 0.306648
5.84763 6.20259 0.0118414
5.84763 6.20259 0.0118414
5.84763 6.20259 0.0118414
6.12023 6.14733 0.000230269
6.57332 5.84424 0.00830408
6.57332 5.84424 0.00830408
6.57332 5.84424 0.00830408
6.57332 5.84424 0.00830408
6.57332 5.84424 0.00830408
6.66736 5.64382 -0.00128635
6.4123 6.23767 0.0054887
6.11654 5.92741 -0.00185572
6.11654 5.92741 -0.00185572
6.27066 6.22189 -0.000491751
6.27066 6.22189 -0.000491751
6.52093 6.53918 -0.00708633
6.47465 5.38494 0.0137858
6.47465 5.38494 0.0137858
6.47465 5.38494 0.0137858
6.47465 5.38494 0.0137858
5.86955 6.41034 0.00524436
5.86955 6.41034 0.00524436
6.53242 6.96412 0.297608
6.50311 6.47913 0.295887
6.50311 6.47913 0.295887
6.86508 6.85724 0.313141
6.86508 6.85724 0.313141
6.86597 6.59321 0.285613
6.73494 6.61745 0.304913
6.73494 6.61745 0.304913
6.73494 6.61745 0.304913
7.06178 6.62517 0.302119
7.06178 6.62517 0.302119
7.06178 6.62517 0.302119
7.37326 6.9797 0.299652
6.66762 6.77182 0.294221
6.66762 6.77182 0.294221
6.66762 6.77182 0.294221
7.0761 6.76623 0.301738
6.42403 6.49775 0.307941
6.42403 6.49775 0.307941
6.60703 6.75257 0.299973
6.60703 6.75257 0.299973
6.60703 6.75257 0.299973
6.60703 6.75257 0.299973
6.68856 6.77266 0.287208
6.68856 6.77266 0.287208
7.18779 6.88483 0.284746
7.03462 6.41327 0.309056
7.03462 6.41327 0.309056
7.03462 6.41327 0.309056
6.81721 7.4308 0.286161
6.81721 7.4308 0.286161
6.93216 7.00193 0.298712
7.04222 6.27598 0.309261
7.04222 6.27598 0.309261
6.65433 6.3275 0.297834
6.65433 6.3275 0.297834
6.71914 6.97976 0.287686
6.61795 6.59937 0.293653
6.61795 6.59937 0.293653
6.6617 6.60435 0.29291
6.95446 6.255 0.313412
6.95446 6.255 0.313412
6.95446 6.255 0.313412
6.78728 6.95984 0.29794
6.78728 6.95984 0.29794
6.73272 6.35394 0.299463
6.35034 6.6388 0.307156
6.35034 6.6388 0.307156
6.3163 6.90929 0.284649
6.77749 7.18283 0.28885
6.77749 7.18283 0.28885
6.32974 6.97325 0.305022
6.32974 6.97325 0.305022
6.61098 6.21904 0.30148
6.61098 6.21904 0.30148
6.63332 6.5266 0.300818
6.63332 6.5266 0.300818
6.63332 6.5266 0.300818
6.63332 6.5266 0.300818
6.63332 6.5266 0.300818
6.81271 6.81432 0.302472
6.63622 7.21956 0.295544
7.03756 7.15081 0.306347
6.84105 6.41879 0.302038
6.13943 6.64396 0.30568
6.6617 6.92061 0.30019
6.70699 6.82731 0.301244
6.70699 6.82731 0.301244
6.93263 6.2149 0.298844
6.93263 6.2149 0.298844
6.93263 6.2149 0.298844
6.83227 7.18397 0.308942
6.83227 7.18397 0.308942
7.35823 6.77644 0.307014
7.35823 6.77644 0.307014
7.35823 6.77644 0.307014
6.31898 6.95303 0.302864
6.31898 6.95303 0.302864
6.91844 7.16013 0.295534
6.91844 7.16013 0.295534
6.98061 6.87689 0.307258
6.7705 6.53 0.278816
7.14332 7.07107 0.300323
6.56398 6.90709 0.307271
6.56398 6.90709 0.307271
6.56398 6.90709 0.307271
6.4554 6.01948 0.298766
6.4554 6.01948 0.298766
6.4554 6.01948 0.298766
6.68259 6.653 0.290592
7.19294 7.20528 0.304695
7.19294 7.20528 0.304695
7.19294 7.20528 0.304695
6.32531 6.99748 0.316417
7.10867 6.87812 0.28834
5.90886 7.00496 0.305543
5.90886 7.00496 0.305543
6.73918 7.33017 0.276006
6.738 6.56346 0.282544
6.738 6.56346 0.282544
6.39899 6.66084 0.31053
6.39899 6.66084 0.31053
6.39899 6.66084 0.31053
6.39899 6.66084 0.31053
6.61672 6.59478 0.292128
6.85346 6.93738 0.305889
6.85346 6.93738 0.305889
6.86486 6.84775 0.306276
6.25159 6.29939 0.303098
7.1535 7.0716 0.295005
6.97903 6.4094 0.301185
6.97903 6.4094 0.301185
6.95881 6.55528 0.297366
6.7463 6.88481 0.307905
6.7463 6.88481 0.307905
6.7463 6.88481 0.307905
6.7463 6.88481 0.307905
6.62533 6.64393 0.313971
6.89556 7.32135 0.293644
6.89556 7.32135 0.293644
6.75943 6.81129 0.293466
6.76268 6.75841 0.294914
6.76268 6.75841 0.294914
6.93199 7.00134 0.288258
7.04061 6.60891 0.309163
7.10934 6.74764 0.295467
6.58137 6.89087 0.289935
6.58137 6.89087 0.289935
6.41132 6.45603 0.300189
6.41132 6.45603 0.300189
6.41132 6.45603 0.300189
6.73149 6.97394 0.306418
6.73149 6.97394 0.306418
6.5363 6.65367 0.30691
6.5363 6.65367 0.30691
6.5363 6.65367 0.30691
6.69094 6.80576 0.301729
6.69094 6.80576 0.301729
6.75938 6.72031 0.301475
6.98419 6.7937 0.286421
6.64258 6.57141 0.306724
6.83997 6.65327 0.296368
6.66845 6.57761 0.312629
7.16063 6.04644 0.291909
7.16063 6.04644 0.291909
6.88081 6.52205 0.277253
6.88081 6.52205 0.277253
6.88081 6.52205 0.277253
6.28965 6.77408 0.297436
6.28965 6.77408 0.297436
6.28965 6.77408 0.297436
6.65509 6.11168 0.290588
6.94793 7.17129 0.311202
6.94793 7.17129 0.311202
6.94793 7.17129 0.311202
6.72996 6.79485 0.274151
6.65339 6.80261 0.303086
6.64505 6.80375 0.304931
6.64505 6.80375 0.304931
6.54178 6.58687 0.289829
6.61263 6.75412 0.297328
6.61263 6.75412 0.297328
6.61263 6.75412 0.297328
6.85877 6.4046 0.295574
6.8891 6.24838 0.294178
6.8891 6.24838 0.294178
6.8891 6.24838 0.294178
6.57165 6.47385 0.285939
6.4416 6.53503 0.300834
6.4416 6.53503 0.300834
6.4416 6.53503 0.300834
6.4416 6.53503 0.300834
6.95599 7.16119 0.304568
7.40744 6.62279 0.28788
7.00056 6.60362 0.302632
6.82847 7.15511 0.282028
6.61179 6.67494 0.288082
6.84699 7.49743 0.282183
6.84699 7.49743 0.282183
6.84699 7.49743 0.282183
6.55645 6.83811 0.323884
7.23737 6.9833 0.300332
6.39789 6.77649 0.307967
6.46136 6.58925 0.273444
6.76661 6.46635 0.293812
6.76661 6.46635 0.293812
6.85426 7.39566 0.30799
6.7832 6.96218 0.299109
6.7832 6.96218 0.299109
6.67115 6.80142 0.279317
6.67115 6.80142 0.279317
6.78241 7.08898 0.289993
6.94501 7.04001 0.305982
6.94501 7.04001 0.305982
6.57497 6.49393 0.292316
6.57497 6.49393 0.292316
6.68139 6.3736 0.292943
6.68139 6.3736 0.292943
6.66174 6.59173 0.300833
6.98417 7.25375 0.295163
6.98417 7.25375 0.295163
6.78823 6.76613 0.29642
6.78823 6.76613 0.29642
6.21308 6.54935 0.308641
6.64702 6.51126 0.305367
6.64702 6.51126 0.305367
6.64702 6.51126 0.305367
7.2244 6.65128 0.295263
6.94469 7.44252 0.293228
6.94469 7.44252 0.293228
6.59629 7.03883 0.284929
6.44757 7.08208 0.300733
7.30771 7.33268 0.295323
6.97174 7.36466 0.288411
6.88616 7.18186 0.283564
7.00737 6.84119 0.288756
7.00737 6.84119 0.288756
6.47412 6.75438 0.303617
6.47412 6.75438 0.303617
6.47412 6.75438 0.303617
6.80836 6.79265 0.291606
7.18049 6.69495 0.300681
7.18049 6.69495 0.300681
6.84047 6.86524 0.290721
6.92676 6.44775 0.293916
7.09064 6.63749 0.310833
7.09064 6.63749 0.310833
7.09064 6.63749 0.310833
7.11215 6.97036 0.290676
7.11215 6.97036 0.290676
7.11215 6.97036 0.290676
6.50841 6.51802 0.311944
6.70996 6.62726 0.282275
6.53783 6.12327 0.296395
6.98551 6.84102 0.300204
6.72947 6.55471 0.293744
6.49477 6.44111 0.285902
6.76681 6.93526 0.30961
6.76681 6.93526 0.30961
6.76681 6.93526 0.30961
7.00877 7.06323 0.308826
6.76474 6.44895 0.29526
6.76474 6.44895 0.29526
6.76474 6.44895 0.29526
7.20494 6.66368 0.287839
7.00625 6.83824 0.321993
6.19116 6.66781 0.287305
6.19116 6.66781 0.287305
6.19116 6.66781 0.287305
6.79953 6.97704 0.299382
6.84491 7.13099 0.310712
6.84491 7.13099 0.310712
6.67199 6.70641 0.297672
6.72679 7.26355 0.303825
6.72679 7.26355 0.303825
6.64639 6.47754 0.304293
6.38214 7.20093 0.271915
6.38214 7.20093 0.271915
6.38214 7.20093 0.271915
6.70184 6.53958 0.302678
6.70184 6.53958 0.302678
6.70184 6.53958 0.302678
6.60413 6.42342 0.295779
6.98916 6.73793 0.309315
6.98916 6.73793 0.309315
6.98916 6.73793 0.309315
6.81439 6.12518 0.279899
6.81439 6.12518 0.279899
6.81439 6.12518 0.279899
6.34949 6.92504 0.293589
6.34949 6.92504 0.293589
6.66321 6.86748 0.29406
6.66321 6.86748 0.29406
7.05729 7.29781 0.306233
7.05729 7.29781 0.306233
7.05729 7.29781 0.306233
6.32173 6.71912 0.298571
7.18266 6.61221 0.320917
6.94397 6.7216 0.305447
6.94397 6.7216 0.305447
6.75134 6.80699 0.299705
6.77596 6.69648 0.30552
6.77596 6.69648 0.30552
7.12492 6.53793 0.290463
6.5439 6.95009 0.290601
7.19419 6.34445 0.300618
7.31726 6.75529 0.306066
7.31726 6.75529 0.306066
6.74251 6.98321 0.302898
6.78164 6.83177 0.31011
7.09364 7.16139 0.298386
7.09364 7.16139 0.298386
6.41482 7.14769 0.302057
6.26082 6.40175 0.308424
6.26082 6.40175 0.308424
7.00471 7.02731 0.316348
7.00471 7.02731 0.316348
7.00471 7.02731 0.316348
6.59796 6.82979 0.302021
6.59796 6.82979 0.302021
6.59796 6.82979 0.302021
6.50172 7.26192 0.311972
7.00783 6.48117 0.278881
7.00783 6.48117 0.278881
6.85438 7.16914 0.288175
6.85438 7.16914 0.288175
6.70341 6.82626 0.302925
6.70341 6.82626 0.302925
6.96598 7.35116 0.321742
6.54764 6.03473 0.294027
6.82337 7.0395 0.311675
6.67544 6.86273 0.286491
6.59729 7.3064 0.298444
6.9417 6.74417 0.300886
6.9417 6.74417 0.300886
6.74266 7.04997 0.283022
6.49395 6.86481 0.279162
6.22641 7.06981 0.296679
6.22641 7.06981 0.296679
6.54481 6.98287 0.299848
6.54481 6.98287 0.299848
6.54481 6.98287 0.299848
6.65331 7.30551 0.295802
6.68848 6.43232 0.310685
6.68848 6.43232 0.310685
6.68848 6.43232 0.310685
7.03285 6.6956 0.30825
7.03285 6.6956 0.30825
7.03285 6.6956 0.30825
7.1914 7.13893 0.290338
6.55259 6.87872 0.291174
6.38407 6.86545 0.304537
6.38407 6.86545 0.304537
6.70425 7.07655 0.292127
6.70425 7.07655 0.292127
6.3161 7.1111 0.287912
6.79491 6.7984 0.293367
6.48658 6.59528 0.29631
6.59848 6.84686 0.300828
6.59848 6.84686 0.300828
6.59848 6.84686 0.300828
6.59848 6.84686 0.300828
7.34643 6.64206 0.303088
6.89926 6.64447 0.29031
6.89926 6.64447 0.29031
6.95871 6.81716 0.310628
6.95871 6.81716 0.310628
6.95871 6.81716 0.310628
6.28719 6.35458 0.308258
6.56207 6.36125 0.30127
6.56207 6.36125 0.30127
6.78975 6.85764 0.295401
6.86847 6.22039 0.311404
6.86847 6.22039 0.311404
6.86847 6.22039 0.311404
6.6126 6.33175 0.299833
6.6126 6.33175 0.299833
6.54415 7.33204 0.310171
7.43522 6.60481 0.300214
7.43522 6.60481 0.300214
6.86817 6.6143 0.297632
6.86817 6.6143 0.297632
6.86817 6.6143 0.297632
6.86817 6.6143 0.297632
6.85841 7.04705 0.287346
6.85841 7.04705 0.287346
7.04238 6.58295 0.295496
6.9762 6.76803 0.314695
6.9762 6.76803 0.314695
6.40313 7.00495 0.303239
6.40313 7.00495 0.303239
7.44364 6.7167 0.280335
7.30408 6.87813 0.304264
6.7578 6.55714 0.289329
6.45377 6.74113 0.300165
6.70464 6.25328 0.293608
6.64485 7.13905 0.296088
6.64637 6.50263 0.287315
6.25866 6.93403 0.304915
6.25866 6.93403 0.304915
6.73514 6.85615 0.286323
6.73514 6.85615 0.286323
6.42294 6.3793 0.295148
6.56035 7.0218 0.3047
7.02769 6.77714 0.298636
7.02769 6.77714 0.298636
6.89281 6.26012 0.306694
6.89281 6.26012 0.306694
6.95833 6.36698 0.291423
6.92905 6.68648 0.293479
6.92905 6.68648 0.293479
7.02051 6.9532 0.286754
7.02051 6.9532 0.286754
6.93189 6.70465 0.289323
6.93189 6.70465 0.289323
6.93189 6.70465 0.289323
6.66955 6.81742 0.308302
7.16849 6.37912 0.29571
6.71322 6.28216 0.306941
6.46367 6.76775 0.294906
6.46367 6.76775 0.294906
6.90111 6.33134 0.30011
7.27408 6.92955 0.305514
7.27408 6.92955 0.305514
7.27408 6.92955 0.305514
6.80326 6.70258 0.294725
7.14202 6.66856 0.306569
6.8224 6.33595 0.301739
6.99944 6.63544 0.291462
6.71536 6.9355 0.299661
6.71536 6.9355 0.299661
6.71536 6.9355 0.299661
6.71536 6.9355 0.299661
7.0312 7.00741 0.292033
7.0312 7.00741 0.292033
7.0312 7.00741 0.292033
7.0312 7.00741 0.292033
7.0312 7.00741 0.292033
6.61387 6.69965 0.306482
6.45648 6.88304 0.282744
6.77062 6.82347 0.285558
6.77062 6.82347 0.285558
6.49361 6.71057 0.30772
6.49361 6.71057 0.30772
6.46183 6.46496 0.300915
6.46183 6.46496 0.300915
6.46339 7.08375 0.324709
6.46339 7.08375 0.324709
6.46339 7.08375 0.324709
6.94504 7.07368 0.314467
6.94504 7.07368 0.314467
6.94504 7.07368 0.314467
6.90423 6.47779 0.295564
6.57045 6.83526 0.318213
6.57045 6.83526 0.318213
6.57705 7.24016 0.317892
6.7241 7.0454 0.295293
6.7241 7.0454 0.295293
6.7241 7.0454 0.295293
6.51635 6.7218 0.299366
6.51635 6.7218 0.299366
6.77178 6.7374 0.296556
6.77178 6.7374 0.296556
6.77178 6.7374 0.296556
6.87351 6.28206 0.300001
6.7004 6.81812 0.302138
6.8033 6.9777 0.31089
6.8033 6.9777 0.31089
7.06914 6.60474 0.289282
7.06375 6.64817 0.282128
6.45628 6.70519 0.314444
6.45628 6.70519 0.314444
6.91627 6.79334 0.301722
6.29746 6.58075 0.292782
6.29746 6.58075 0.292782
6.29746 6.58075 0.292782
6.95634 6.89059 0.302386
6.11892 7.24167 0.299237
6.69822 6.93746 0.296188
6.5294 6.09991 0.303664
6.5294 6.09991 0.303664
7.06045 7.12854 0.303365
7.5084 6.0499 0.302296
7.5084 6.0499 0.302296
7.5267 6.57565 0.303422
7.5267 6.57565 0.303422
7.5267 6.57565 0.303422
7.5267 6.57565 0.303422
6.82524 6.84683 0.297894
6.82524 6.84683 0.297894
6.82524 6.84683 0.297894
6.73451 6.94816 0.299931
6.90803 6.54699 0.285065
6.90803 6.54699 0.285065
6.55605 6.51928 0.306349
6.61238 7.09177 0.291064
6.61238 7.09177 0.291064
6.78937 6.76453 0.304449
6.86826 6.62731 0.289232
6.91417 7.07947 0.300139
6.76884 5.69271 0.317703
6.52076 7.05312 0.276941
7.02771 6.28936 0.308402
6.54659 6.373 0.302471
6.54659 6.373 0.302471
6.52624 6.58295 0.306613
7.26973 6.88687 0.291874
7.26973 6.88687 0.291874
6.60333 6.44291 0.280743
6.60333 6.44291 0.280743
6.37945 6.62198 0.296883
6.37945 6.62198 0.296883
6.37945 6.62198 0.296883
6.64729 6.71028 0.315141
7.09471 7.61462 0.309151
7.09471 7.61462 0.309151
6.36674 6.46794 0.302841
7.05115 6.88393 0.292374
7.05115 6.88393 0.292374
7.35986 6.89293 0.28925
6.7248 7.00476 0.289486
6.7248 7.00476 0.289486
7.06502 7.25343 0.313144
6.44529 7.08367 0.31168
6.7983 6.19388 0.295884
6.7983 6.19388 0.295884
6.80656 6.65716 0.296951
6.80656 6.65716 0.296951
6.80656 6.65716 0.296951
6.48171 6.56705 0.289739
6.48171 6.56705 0.289739
6.81993 6.71511 0.290463
6.81993 6.71511 0.290463
6.89372 6.80323 0.272709
6.61173 6.29175 0.298318
6.64098 6.82045 0.300504
6.96153 6.61749 0.296196
6.96153 6.61749 0.296196
7.06763 7.28403 0.326635
7.01782 6.83717 0.299357
6.50097 6.77071 0.308116
6.50097 6.77071 0.308116
6.90961 6.49535 0.300379
6.90961 6.49535 0.300379
6.07824 6.39389 0.294616
6.97851 6.68512 0.30371
6.97851 6.68512 0.30371
6.75148 6.84868 0.29993
6.75148 6.84868 0.29993
6.79015 6.99299 0.291797
6.92512 6.71902 0.306348
6.92512 6.71902 0.306348
7.12971 6.90416 0.29148
7.12971 6.90416 0.29148
7.12971 6.90416 0.29148
6.72516 6.78797 0.310282
6.75545 6.43583 0.296119
6.6686 6.66715 0.30477
6.6686 6.66715 0.30477
7.07907 6.45333 0.284648
7.07907 6.45333 0.284648
6.69876 6.90142 0.290397
6.64366 6.70457 0.296499
6.64273 7.17188 0.306378
6.77151 6.99715 0.294186
6.77151 6.99715 0.294186
6.77151 6.99715 0.294186
6.7707 6.99869 0.29021
6.77106 6.22522 0.295923
6.28495 6.5027 0.298696
7.16991 7.00073 0.295288
7.1618 6.62532 0.307114
6.96457 6.39865 0.303623
6.76755 6.6226 0.30686
6.76755 6.6226 0.30686
6.76755 6.6226 0.30686
6.76755 6.6226 0.30686
6.76937 6.89872 0.294458
7.22913 6.6346 0.306202
7.22913 6.6346 0.306202
6.63548 6.42605 0.287407
6.63548 6.42605 0.287407
6.63548 6.42605 0.287407
6.34151 6.30002 0.299348
6.51184 7.03365 0.308977
7.27111 7.11814 0.303135
7.66335 6.91429 0.285659
7.00349 6.81695 0.299239
6.54812 6.7403 0.287664
6.54812 6.7403 0.287664
6.72163 7.01349 0.307364
6.58599 6.2393 0.305145
7.03637 6.48879 0.293149
7.07306 7.46183 0.292979
7.07306 7.46183 0.292979
7.07306 7.46183 0.292979
7.07306 7.46183 0.292979
6.73593 6.77846 0.306927
6.56529 7.79328 0.301989
6.56529 7.79328 0.301989
6.56529 7.79328 0.301989
6.56529 7.79328 0.301989
6.56529 7.79328 0.301989
6.4267 6.54404 0.307843
7.06712 6.54487 0.309306
6.44086 6.85018 0.311654
7.25248 7.2153 0.292158
7.03227 6.72939 0.316649
6.672 6.31199 0.302457
6.83522 6.4297 0.31165
6.83522 6.4297 0.31165
6.72751 7.23145 0.294261
6.72751 7.23145 0.294261
6.72751 7.23145 0.294261
6.72751 7.23145 0.294261
6.60999 6.71686 0.292576
7.25314 6.40567 0.281615
7.148 6.92469 0.295877
6.64033 6.45572 0.299807
6.64033 6.45572 0.299807
6.36687 7.09065 0.300697
6.74373 6.29553 0.298366
6.95589 6.77513 0.287043
6.72021 7.05472 0.305287
7.26031 6.94561 0.295947
6.87828 7.25407 0.295044
6.94794 6.84019 0.284724
6.77891 6.49091 0.276701
6.55107 7.26039 0.299842
6.55107 7.26039 0.299842
6.76437 6.63072 0.293786
6.99004 6.9301 0.293353
6.99004 6.9301 0.293353
6.28754 6.66366 0.287835
6.85236 6.7011 0.298773
6.85236 6.7011 0.298773
6.78337 6.85846 0.278211
6.80038 6.8775 0.29401
6.80038 6.8775 0.29401
6.80038 6.8775 0.29401
6.62846 6.78425 0.282634
6.88848 6.47282 0.294255
6.88848 6.47282 0.294255
6.69448 6.75702 0.310638
6.97523 7.20284 0.291759
6.57819 6.36356 0.303929
6.57819 6.36356 0.303929
6.57819 6.36356 0.303929
6.7746 6.60711 0.31576
6.87893 7.21096 0.270123
6.87893 7.21096 0.270123
6.87893 7.21096 0.270123
6.76918 6.91135 0.304933
6.76918 6.91135 0.304933
6.76918 6.91135 0.304933
7.12637 6.63151 0.30584
7.12637 6.63151 0.30584
6.72013 6.17419 0.272569
6.65565 6.68534 0.300612
6.41839 6.72999 0.310298
6.41839 6.72999 0.310298
6.63814 6.79443 0.288011
6.63814 6.79443 0.288011
7.06734 6.59936 0.310007
7.06734 6.59936 0.310007
6.91069 6.46617 0.295751
6.45089 6.95473 0.292425
6.53107 6.46955 0.319954
6.49904 6.73699 0.300687
6.67901 6.48272 0.310276
6.97688 6.5795 0.297455
6.28111 6.62925 0.314536
6.28111 6.62925 0.314536
6.80103 6.78147 0.28931
6.6275 7.17742 0.295764
6.6275 7.17742 0.295764
7.09584 7.34478 0.291295
6.94451 6.90936 0.299463
6.94451 6.90936 0.299463
6.94451 6.90936 0.299463
6.99299 6.81186 0.316595
6.99299 6.81186 0.316595
6.99299 6.81186 0.316595
6.99299 6.81186 0.316595
7.01194 6.63506 0.291225
6.82559 6.48063 0.279693
6.82559 6.48063 0.279693
6.76157 6.50899 0.28888
6.01934 6.82106 0.311174
6.91244 6.59545 0.279108
7.29156 6.82663 0.308339
6.64578 6.97594 0.306419
6.64578 6.97594 0.306419
6.88975 7.31611 0.309128
6.43789 7.03166 0.294631
5.69413 7.35581 0.295866
6.56649 6.73475 0.309461
6.56649 6.73475 0.309461
7.27932 6.78131 0.292351
6.29335 7.1545 0.288299
6.29335 7.1545 0.288299
6.29335 7.1545 0.288299
6.81456 6.87542 0.298349
7.05151 6.73647 0.301259
7.05151 6.73647 0.301259
7.05151 6.73647 0.301259
7.2718 6.82293 0.303441
7.2718 6.82293 0.303441
6.71659 6.87194 0.291077
6.55567 6.41259 0.287586
6.55567 6.41259 0.287586
6.24791 6.85058 0.29077
6.81098 7.10361 0.296684
6.81098 7.10361 0.296684
7.17963 6.92366 0.303422
7.17963 6.92366 0.303422
6.58518 6.06027 0.295149
6.58518 6.06027 0.295149
7.08687 6.35233 0.282161
7.08687 6.35233 0.282161
6.46373 6.9509 0.288333
6.46373 6.9509 0.288333
6.64187 6.99474 0.315302
6.64187 6.99474 0.315302
6.76732 7.00922 0.293999
6.9555 6.54951 0.30871
7.2922 6.76014 0.305556
7.11353 6.35025 0.282352
7.11353 6.35025 0.282352
6.47464 7.04211 0.293538
6.3907 6.72826 0.312872
6.3907 6.72826 0.312872
6.92893 7.00426 0.303441
6.92893 7.00426 0.303441
6.7473 6.80481 0.279731
6.32063 6.68158 0.291649
6.81625 6.76127 0.307774
6.81625 6.76127 0.307774
6.77227 7.23931 0.311782
6.77227 7.23931 0.311782
6.77227 7.23931 0.311782
6.29915 6.56177 0.319759
7.11201 6.26895 0.325627
5.81178 6.494 0.291369
5.81178 6.494 0.291369
5.81178 6.494 0.291369
5.81178 6.494 0.291369
6.48659 6.43075 0.303472
6.48659 6.43075 0.303472
6.48659 6.43075 0.303472
5.97929 6.93844 0.330743
5.99413 5.621 0.313614
6.69948 5.98208 0.314355
6.2612 5.9714 0.321368
6.2612 5.9714 0.321368
6.17852 6.1938 0.314748
6.56669 6.48118 0.32696
6.27173 6.51348 0.339306
6.27173 6.51348 0.339306
6.28169 6.20787 0.310838
6.32655 6.20338 0.320902
6.32655 6.20338 0.320902
6.32655 6.20338 0.320902
6.32655 6.20338 0.320902
6.60336 6.76808 0.330424
6.68567 6.32266 0.334868
6.68567 6.32266 0.334868
6.12809 6.05454 0.304434
6.03557 6.1659 0.296779
6.26798 6.04237 0.314203
6.26798 6.04237 0.314203
6.4688 6.25585 0.332176
6.4688 6.25585 0.332176
6.74092 6.47125 0.317028
6.79202 6.49443 0.314012
6.36264 6.05652 0.314697
6.36264 6.05652 0.314697
5.7472 6.34259 0.310643
6.48024 6.99984 0.31819
6.39177 5.90543 0.324326
6.21479 6.54086 0.320254
6.72878 6.43363 0.314111
6.35939 6.18299 0.317416
6.35939 6.18299 0.317416
6.44875 6.36195 0.315232
6.38222 6.14365 0.329898
6.38222 6.14365 0.329898
6.30461 5.93798 0.317541
6.46609 6.69871 0.304769
6.46609 6.69871 0.304769
6.59494 6.70379 0.333433
6.59494 6.70379 0.333433
6.67194 6.43786 0.314046
6.05308 6.63405 0.314423
6.05308 6.63405 0.314423
6.05308 6.63405 0.314423
6.40451 6.42177 0.322744
6.18485 6.16517 0.31737
6.46358 6.07684 0.320155
6.46358 6.07684 0.320155
5.85035 5.48274 0.306797
5.85035 5.48274 0.306797
6.18294 6.27672 0.322253
6.33087 6.67292 0.32768
6.33087 6.67292 0.32768
6.33087 6.67292 0.32768
6.78617 6.26514 0.301758
6.29387 6.37811 0.31301
6.28241 6.18282 0.323057
6.28241 6.18282 0.323057
6.47937 6.04567 0.315712
6.47937 6.04567 0.315712
6.47937 6.04567 0.315712
6.47937 6.04567 0.315712
6.86324 6.18294 0.289634
6.13111 6.63425 0.330929
6.31404 6.18731 0.312112
6.31404 6.18731 0.312112
6.41612 6.56183 0.306062
6.41612 6.56183 0.306062
5.94105 6.14519 0.328141
5.94105 6.14519 0.328141
6.06026 6.24595 0.300043
6.06026 6.24595 0.300043
6.06026 6.24595 0.300043
5.72744 6.14708 0.314932
6.34407 6.09204 0.322411
6.34407 6.09204 0.322411
6.05317 6.79026 0.326227
5.78805 6.49806 0.309027
6.46922 6.56468 0.31438
6.46922 6.56468 0.31438
6.19682 5.89673 0.315068
6.62185 6.25062 0.328908
6.11884 6.12476 0.314752
6.11884 6.12476 0.314752
6.21152 6.12357 0.314264
6.21152 6.12357 0.314264
6.54846 6.2496 0.325191
6.12925 6.42769 0.314121
6.25303 6.10181 0.316349
6.25303 6.10181 0.316349
6.2868 5.95658 0.316654
5.90864 6.54161 0.321938
5.90864 6.54161 0.321938
5.90864 6.54161 0.321938
5.84633 6.20894 0.302385
5.84633 6.20894 0.302385
5.84633 6.20894 0.302385
6.51035 6.40443 0.321259
6.51035 6.40443 0.321259
6.38799 7.01809 0.313522
6.06466 5.99904 0.315217
6.06466 5.99904 0.315217
6.06466 5.99904 0.315217
6.50293 6.7716 0.329905
6.56572 6.53868 0.314815
6.49279 6.40867 0.30094
6.2047 5.9855 0.316136
6.2047 5.9855 0.316136
6.39611 6.34852 0.307605
6.39611 6.34852 0.307605
6.39611 6.34852 0.307605
6.08102 6.47423 0.326097
6.39655 5.66901 0.315617
6.39655 5.66901 0.315617
6.31303 6.39269 0.318506
6.31303 6.39269 0.318506
6.31303 6.39269 0.318506
6.31303 6.39269 0.318506
6.31303 6.39269 0.318506
6.57684 6.108 0.314801
6.57684 6.108 0.314801
6.57684 6.108 0.314801
6.43105 5.83664 0.304008
6.43105 5.83664 0.304008
6.51808 6.24171 0.31204
5.766 6.55795 0.305481
6.48288 6.116 0.318553
5.90409 6.76974 0.332176
6.11608 6.03091 0.324481
6.23221 6.91187 0.309173
5.92838 6.30566 0.329188
6.23538 6.21569 0.306797
6.97016 6.37097 0.311146
6.97016 6.37097 0.311146
6.97016 6.37097 0.311146
6.97016 6.37097 0.311146
6.15966 6.4635 0.31737
6.15966 6.4635 0.31737
6.38625 6.67159 0.325732
6.38625 6.67159 0.325732
6.17533 5.7504 0.305283
6.17533 5.7504 0.305283
6.17533 5.7504 0.305283
6.17533 5.7504 0.305283
6.17074 6.5224 0.328309
6.17074 6.5224 0.328309
6.77287 6.6941 0.311884
6.03123 6.25172 0.316833
6.03123 6.25172 0.316833
6.41534 6.38998 0.332212
6.41534 6.38998 0.332212
6.42817 5.80296 0.329928
6.50409 6.74323 0.30688
6.50409 6.74323 0.30688
6.50409 6.74323 0.30688
6.08431 6.65608 0.300008
6.08431 6.65608 0.300008
6.08431 6.65608 0.300008
6.66218 6.52945 0.306216
6.66218 6.52945 0.306216
5.40495 6.51201 0.31505
6.16335 6.35426 0.318339
6.16335 6.35426 0.318339
6.15658 6.2675 0.300563
5.47319 6.29431 0.287878
6.66494 6.79306 0.311979
6.66494 6.79306 0.311979
6.70934 6.44639 0.320444
6.70934 6.44639 0.320444
6.33557 6.58291 0.322164
6.25222 6.05101 0.319736
6.39436 6.53543 0.333631
6.52249 6.50197 0.322664
6.52249 6.50197 0.322664
6.2612 5.77497 0.322732
6.2612 5.77497 0.322732
6.2612 5.77497 0.322732
6.77708 6.20572 0.319933
6.77708 6.20572 0.319933
6.38537 6.53302 0.318436
6.38537 6.53302 0.318436
6.20603 5.845 0.326866
6.20603 5.845 0.326866
6.20603 5.845 0.326866
6.20603 5.845 0.326866
6.20603 5.845 0.326866
6.01305 6.64379 0.333461
6.01305 6.64379 0.333461
6.00192 6.32008 0.330629
6.00192 6.32008 0.330629
6.69235 6.66872 0.326346
6.69235 6.66872 0.326346
6.19225 6.21864 0.319735
6.19225 6.21864 0.319735
6.19225 6.21864 0.319735
6.24566 6.20328 0.312218
5.98407 6.22247 0.306449
6.67152 6.58844 0.319459
6.50294 6.27091 0.301125
6.50294 6.27091 0.301125
6.50294 6.27091 0.301125
7.18552 5.95152 0.311467
6.65891 6.59729 0.324044
6.65891 6.59729 0.324044
6.19026 6.18807 0.320945
6.19026 6.18807 0.320945
6.46645 6.55618 0.321486
6.46645 6.55618 0.321486
6.46316 6.23891 0.327019
6.19138 5.82149 0.327975
6.19138 5.82149 0.327975
6.31423 5.40543 0.317953
5.97534 6.30305 0.322425
6.27377 6.62838 0.307771
6.27377 6.62838 0.307771
6.31074 6.52931 0.31417
6.12872 6.56527 0.330951
6.12872 6.56527 0.330951
6.74772 6.84345 0.320832
6.67505 6.60657 0.325991
6.28017 6.29566 0.314188
6.53511 6.61675 0.302483
6.53511 6.61675 0.302483
6.53511 6.61675 0.302483
6.53511 6.61675 0.302483
6.02637 6.18685 0.325648
6.45206 5.95619 0.325285
5.91082 6.51284 0.3083
5.91082 6.51284 0.3083
5.91082 6.51284 0.3083
5.91082 6.51284 0.3083
6.75317 6.13348 0.30778
6.70359 6.52348 0.316965
6.70359 6.52348 0.316965
6.70359 6.52348 0.316965
6.22343 6.70217 0.308769
6.50975 5.89244 0.328161
6.50975 5.89244 0.328161
6.50975 5.89244 0.328161
6.50975 5.89244 0.328161
6.03066 6.4665 0.326042
6.44303 6.63431 0.312917
6.02487 6.16111 0.328006
6.02487 6.16111 0.328006
6.23577 6.2476 0.311814
6.42998 6.75527 0.303192
6.42998 6.75527 0.303192
6.23115 6.75074 0.324158
6.23115 6.75074 0.324158
6.81073 6.57262 0.308606
6.69185 5.95395 0.313877
5.95967 6.20245 0.317563
5.95967 6.20245 0.317563
6.07875 6.20416 0.313673
6.07875 6.20416 0.313673
6.07875 6.20416 0.313673
6.52967 6.29129 0.333621
6.52967 6.29129 0.333621
5.90723 6.68219 0.310124
6.61826 6.06566 0.305986
6.61826 6.06566 0.305986
5.97842 6.14794 0.312801
6.0148 6.74884 0.306282
6.0148 6.74884 0.306282
6.16901 6.2885 0.325149
6.16901 6.2885 0.325149
6.16901 6.2885 0.325149
6.44266 6.24573 0.312065
6.69438 5.93757 0.314539
6.68768 6.91994 0.304731
6.57526 5.70131 0.331817
5.73905 6.30456 0.299232
5.73905 6.30456 0.299232
5.73905 6.30456 0.299232
6.56289 6.20394 0.316829
6.38297 6.20406 0.339981
6.38297 6.20406 0.339981
6.38297 6.20406 0.339981
6.38297 6.20406 0.339981
6.38297 6.20406 0.339981
6.38297 6.20406 0.339981
6.38297 6.20406 0.339981
6.38297 6.20406 0.339981
6.63507 6.95945 0.321662
6.63507 6.95945 0.321662
6.63507 6.95945 0.321662
6.94783 6.18202 0.314829
6.94783 6.18202 0.314829
6.50124 6.61911 0.313449
6.34022 6.2854 0.297377
6.10423 6.35782 0.326471
6.10423 6.35782 0.326471
6.32822 6.56676 0.341119
6.09561 6.42608 0.309651
6.09561 6.42608 0.309651
6.09561 6.42608 0.309651
6.80098 6.22481 0.318834
6.80098 6.22481 0.318834
6.80098 6.22481 0.318834
6.80098 6.22481 0.318834
6.80098 6.22481 0.318834
6.35082 6.15418 0.295623
6.459 5.95035 0.304299
6.459 5.95035 0.304299
6.59382 6.17217 0.332058
6.59382 6.17217 0.332058
6.49272 6.33915 0.316077
6.43381 6.51635 0.330065
6.15688 6.2011 0.315769
6.2741 6.01163 0.325671
6.2741 6.01163 0.325671
6.2741 6.01163 0.325671
6.2741 6.01163 0.325671
6.06761 6.07854 0.313448
6.3074 6.65252 0.31832
6.43452 5.9181 0.315316
6.44487 6.22387 0.312602
6.58705 6.33181 0.323359
5.84507 6.40952 0.323364
5.84507 6.40952 0.323364
6.58093 5.99992 0.316919
6.19209 6.48216 0.326788
6.44962 6.63751 0.339097
6.44962 6.63751 0.339097
6.34559 5.63339 0.303005
6.56866 6.73205 0.32324
6.56866 6.73205 0.32324
6.56866 6.73205 0.32324
6.0753 6.52703 0.330525
6.0753 6.52703 0.330525
6.73638 6.40352 0.324314
6.2971 6.46172 0.326626
6.2971 6.46172 0.326626
6.57486 6.03107 0.315791
6.57486 6.03107 0.315791
6.57486 6.03107 0.315791
5.95741 6.25805 0.328071
6.46972 6.37436 0.323159
6.46972 6.37436 0.323159
6.46247 6.54312 0.314131
6.46247 6.54312 0.314131
5.98345 6.51474 0.309853
5.98345 6.51474 0.309853
6.3527 6.75903 0.312225
6.07427 6.34328 0.313484
6.07427 6.34328 0.313484
6.07427 6.34328 0.313484
6.52764 6.08075 0.320386
6.52764 6.08075 0.320386
6.49262 6.34063 0.304999
6.49262 6.34063 0.304999
5.9616 5.73127 0.328784
6.21266 6.21703 0.302218
6.21266 6.21703 0.302218
6.21266 6.21703 0.302218
6.60249 5.85498 0.308054
6.40517 6.52188 0.31979
6.56512 6.69591 0.327559
6.17542 6.3716 0.327503
6.32277 6.476 0.32053
6.32277 6.476 0.32053
6.32277 6.476 0.32053
6.28575 6.49283 0.323884
7.04157 6.12348 0.3196
7.04157 6.12348 0.3196
6.14801 6.84594 0.310009
6.14801 6.84594 0.310009
6.12608 6.19924 0.322523
6.12608 6.19924 0.322523
6.12608 6.19924 0.322523
6.29991 6.25075 0.325533
6.24378 6.40539 0.330881
5.87268 6.50417 0.329054
5.87268 6.50417 0.329054
6.1888 6.20671 0.293101
6.1888 6.20671 0.293101
6.1888 6.20671 0.293101
6.1888 6.20671 0.293101
6.1888 6.20671 0.293101
6.1888 6.20671 0.293101
6.18993 6.50372 0.316242
6.18993 6.50372 0.316242
6.58675 6.59686 0.313495
6.58675 6.59686 0.313495
6.58675 6.59686 0.313495
6.58675 6.59686 0.313495
6.69096 6.11986 0.329331
6.69096 6.11986 0.329331
6.97055 6.7795 0.339124
6.89852 6.29737 0.307734
7.06137 6.63636 0.29269
6.61731 5.94424 0.317833
6.93642 6.47881 0.304678
6.47898 6.64867 0.32268
6.67952 6.64684 0.307539
6.63499 6.24104 0.323714
6.63499 6.24104 0.323714
6.63499 6.24104 0.323714
6.63499 6.24104 0.323714
6.32023 6.73352 0.321581
6.32023 6.73352 0.321581
6.44057 6.09809 0.330603
6.44057 6.09809 0.330603
6.65524 6.2059 0.329897
7.08799 6.43273 0.322874
6.30616 6.12174 0.32717
6.12929 6.66216 0.334171
6.12929 6.66216 0.334171
6.12929 6.66216 0.334171
6.12929 6.66216 0.334171
5.97603 6.75222 0.317976
6.80622 6.25115 0.318868
6.80622 6.25115 0.318868
6.80622 6.25115 0.318868
6.82725 6.49878 0.300789
6.17493 5.69407 0.319808
6.17493 5.69407 0.319808
6.37996 6.00475 0.30607
6.37996 6.00475 0.30607
6.37996 6.00475 0.30607
5.39559 6.74502 0.317521
6.49279 5.75228 0.318462
6.49279 5.75228 0.318462
6.49279 5.75228 0.318462
6.49279 5.75228 0.318462
6.05975 6.54361 0.324603
6.05975 6.54361 0.324603
6.05975 6.54361 0.324603
6.05975 6.54361 0.324603
6.60783 6.36035 0.317978
6.39836 6.6649 0.33001
6.39573 6.68446 0.322316
6.39573 6.68446 0.322316
6.39573 6.68446 0.322316
6.39573 6.68446 0.322316
6.39573 6.68446 0.322316
6.18637 6.79176 0.319795
6.18637 6.79176 0.319795
6.18637 6.79176 0.319795
6.18637 6.79176 0.319795
6.18637 6.79176 0.319795
6.80724 6.12853 0.292746
6.80724 6.12853 0.292746
6.26285 6.67075 0.297992
6.26285 6.67075 0.297992
6.26285 6.67075 0.297992
6.6429 6.06332 0.300075
6.19605 6.83179 0.311046
6.19605 6.83179 0.311046
6.19605 6.83179 0.311046
6.23733 6.24324 0.333398
6.23805 5.8638 0.311592
6.23805 5.8638 0.311592
6.23805 5.8638 0.311592
6.46518 6.08354 0.303702
6.46518 6.08354 0.303702
6.46518 6.08354 0.303702
6.78287 6.17805 0.326755
6.37687 6.41994 0.317327
6.37687 6.41994 0.317327
6.37687 6.41994 0.317327
6.37687 6.41994 0.317327
6.57701 6.34142 0.326894
6.57701 6.34142 0.326894
6.57701 6.34142 0.326894
6.65413 6.85823 0.307639
6.65413 6.85823 0.307639
6.34617 6.27208 0.319763
6.68765 6.00664 0.3133
6.79979 6.69267 0.31671
6.79979 6.69267 0.31671
6.32551 5.67621 0.319391
6.20506 6.2121 0.312355
6.17514 6.82034 0.303443
6.17514 6.82034 0.303443
6.52156 6.65326 0.323557
6.10757 6.18502 0.324429
5.87558 6.54478 0.317668
6.8392 6.05089 0.334731
6.8392 6.05089 0.334731
6.8392 6.05089 0.334731
6.37267 6.4925 0.321294
6.5065 6.92862 0.315922
6.25608 6.49896 0.321393
6.25608 6.49896 0.321393
6.16535 6.25539 0.296017
6.33532 6.25487 0.313031
6.33532 6.25487 0.313031
6.11892 6.41587 0.315998
6.2011 6.39877 0.313509
6.07348 6.27966 0.32266
6.05095 6.83475 0.323209
6.05095 6.83475 0.323209
6.23034 6.37794 0.306047
6.23034 6.37794 0.306047
6.23702 6.1585 0.31967
6.49891 6.49388 0.321749
6.45727 6.10819 0.317718
6.65427 5.84765 0.315804
6.64526 5.67983 0.318906
6.57123 6.10937 0.30192
6.57123 6.10937 0.30192
6.57123 6.10937 0.30192
6.59113 6.45682 0.325986
6.59113 6.45682 0.325986
6.31827 6.61346 0.308113
6.2544 5.62083 0.318843
6.2544 5.62083 0.318843
6.85146 6.27295 0.331696
6.85146 6.27295 0.331696
6.8556 6.69089 0.318692
6.8556 6.69089 0.318692
6.59753 5.53897 0.322996
6.47723 6.31951 0.310647
6.47359 6.12976 0.330817
6.42107 6.32838 0.322956
6.42107 6.32838 0.322956
6.48391 6.21384 0.325652
6.13555 6.48701 0.305899
6.74664 6.81537 0.320721
6.55483 6.59242 0.317457
6.55483 6.59242 0.317457
6.55483 6.59242 0.317457
6.55483 6.59242 0.317457
6.55483 6.59242 0.317457
6.55483 6.59242 0.317457
6.46688 6.27389 0.310074
6.46688 6.27389 0.310074
6.30895 6.4156 0.295876
6.30416 6.50717 0.332838
6.30416 6.50717 0.332838
6.30416 6.50717 0.332838
6.55995 7.00883 0.302946
6.55995 7.00883 0.302946
6.55995 7.00883 0.302946
6.55995 7.00883 0.302946
6.17265 6.0942 0.314914
6.35555 6.25116 0.315389
6.35555 6.25116 0.315389
6.35555 6.25116 0.315389
6.20703 5.97495 0.309837
6.22079 6.7546 0.323971
6.62156 5.90991 0.314512
6.62156 5.90991 0.314512
6.5935 5.89943 0.311198
6.31306 6.47385 0.319342
6.35091 6.74049 0.302563
6.35091 6.74049 0.302563
6.35091 6.74049 0.302563
6.35091 6.74049 0.302563
6.47442 6.16031 0.312275
6.47442 6.16031 0.312275
6.42576 6.23445 0.318942
6.42576 6.23445 0.318942
6.11501 6.20821 0.320521
6.11501 6.20821 0.320521
6.2754 6.67845 0.301132
6.2754 6.67845 0.301132
6.2754 6.67845 0.301132
5.63174 6.24799 0.333541
5.63174 6.24799 0.333541
5.63174 6.24799 0.333541
5.63174 6.24799 0.333541
5.53604 6.14776 0.316334
5.81408 6.36267 0.316257
6.59136 6.71046 0.331989
6.59136 6.71046 0.331989
6.57495 6.17695 0.307792
6.04899 6.38829 0.317558
6.04899 6.38829 0.317558
6.46341 6.22345 0.338551
6.46341 6.22345 0.338551
6.38899 6.26461 0.342676
5.89311 6.51622 0.317852
5.89311 6.51622 0.317852
6.31407 6.52051 0.329787
6.31407 6.52051 0.329787
6.31407 6.52051 0.329787
6.05361 6.94059 0.309262
6.30054 6.22951 0.314435
6.94417 6.04559 0.302195
6.7626 6.4239 0.312668
6.24394 5.92534 0.311512
6.24394 5.92534 0.311512
6.3942 6.4644 0.308855
6.3942 6.4644 0.308855
6.98689 6.33361 0.323847
6.34386 6.32458 0.302445
6.28948 6.33154 0.307545
6.28948 6.33154 0.307545
5.93204 6.43132 0.311028
5.91846 6.11905 0.303864
5.91846 6.11905 0.303864
6.5302 6.1522 0.325225
6.35686 6.81439 0.310754
6.26236 6.22091 0.320718
6.26236 6.22091 0.320718
6.14204 6.49153 0.31919
6.29758 6.22454 0.321732
5.97243 5.94133 0.318717
6.49204 5.98781 0.297077
6.49204 5.98781 0.297077
6.21018 5.85987 0.332119
6.21018 5.85987 0.332119
6.21018 5.85987 0.332119
6.26585 5.60402 0.306376
6.08879 6.67407 0.301249
6.82684 6.6365 0.313898
6.34409 6.12678 0.332911
5.82023 5.97091 0.306511
5.82023 5.97091 0.306511
5.82023 5.97091 0.306511
6.23592 6.4181 0.318659
6.23592 6.4181 0.318659
6.23592 6.4181 0.318659
6.23592 6.4181 0.318659
6.49228 6.67194 0.318625
6.49228 6.67194 0.318625
6.49228 6.67194 0.318625
6.54931 6.24573 0.330496
6.28827 6.04851 0.309075
6.28827 6.04851 0.309075
6.33664 6.46438 0.322646
6.40807 6.4525 0.317907
6.21343 6.41691 0.309374
6.21343 6.41691 0.309374
6.21343 6.41691 0.309374
6.21343 6.41691 0.309374
6.6085 6.27872 0.308959
6.6085 6.27872 0.308959
6.6085 6.27872 0.308959
6.00846 6.13462 0.311602
6.69612 6.32546 0.312674
6.68323 6.41974 0.313993
6.68323 6.41974 0.313993
6.68323 6.41974 0.313993
6.13275 6.23656 0.329234
5.89132 6.23276 0.00274589
5.89132 6.23276 0.00274589
5.89132 6.23276 0.00274589
6.41726 5.61882 0.00699392
6.41726 5.61882 0.00699392
6.41726 5.61882 0.00699392
5.83897 5.84874 0.011872
5.83897 5.84874 0.011872
5.83897 5.84874 0.011872
5.81678 6.58858 0.0112465
5.81678 6.58858 0.0112465
5.81678 6.58858 0.0112465
6.11088 5.60123 0.014289
6.11088 5.60123 0.014289
6.11088 5.60123 0.014289
6.08978 6.47803 0.00640852
6.08978 6.47803 0.00640852
6.39231 5.98226 0.00691836
6.39231 5.98226 0.00691836
6.39231 5.98226 0.00691836
6.39231 5.98226 0.00691836
6.10088 6.27102 0.00182803
6.10088 6.27102 0.00182803
6.36416 6.14827 -0.0149604
6.36416 6.14827 -0.0149604
6.38099 6.20392 0.0020841
6.38099 6.20392 0.0020841
6.38099 6.20392 0.0020841
6.38099 6.20392 0.0020841
6.38099 6.20392 0.0020841
6.38099 6.20392 0.0020841
6.61391 6.146 0.00090098
5.81529 6.31211 -0.0060705
6.48801 6.63251 0.00877565
6.48801 6.63251 0.00877565
6.51588 6.40228 -0.00224421
6.51588 6.40228 -0.00224421
6.51588 6.40228 -0.00224421
6.51588 6.40228 -0.00224421
6.51588 6.40228 -0.00224421
6.29389 6.10533 0.00653617
6.29389 6.10533 0.00653617
6.29389 6.10533 0.00653617
6.2087 5.92491 -0.00315666
6.2087 5.92491 -0.00315666
6.4319 5.87251 0.00401408
5.80872 6.39502 -0.00134852
5.92786 5.9426 -0.00778814
6.12062 6.02987 -0.0155839
6.72754 6.30639 -0.00788462
6.72754 6.30639 -0.00788462
6.72754 6.30639 -0.00788462
6.72754 6.30639 -0.00788462
6.72754 6.30639 -0.00788462
6.72754 6.30639 -0.00788462
6.65638 6.20643 0.0048673
6.65638 6.20643 0.0048673
6.40918 6.40253 -0.00108137
6.40918 6.40253 -0.00108137
6.33852 6.28588 -0.00644511
6.33852 6.28588 -0.00644511
6.15959 5.58516 -0.00568209
6.15959 5.58516 -0.00568209
6.15959 5.58516 -0.00568209
6.44335 5.8058 0.00407964
6.44335 5.8058 0.00407964
6.44335 5.8058 0.00407964
6.44335 5.8058 0.00407964
6.44335 5.8058 0.00407964
6.44335 5.8058 0.00407964
6.44335 5.8058 0.00407964
5.92489 6.41857 0.0126998
5.92489 6.41857 0.0126998
5.92489 6.41857 0.0126998
6.25319 6.3388 -0.00992307
6.13747 6.05054 0.0083659
6.14492 5.66747 -0.0101505
6.14492 5.66747 -0.0101505
6.52878 6.02088 -0.00285176
6.52878 6.02088 -0.00285176
6.19599 6.0332 0.0180844
6.38458 6.28 -0.00286539
6.35213 6.55461 -0.0167391
6.35213 6.55461 -0.0167391
6.20232 6.10255 -0.00301892
6.24236 6.29895 -0.000926422
6.08606 6.60732 -0.00365202
6.15037 6.4908 0.0163118
5.83079 6.09534 0.0184126
5.83079 6.09534 0.0184126
6.29222 6.34909 -0.0110661
6.29222 6.34909 -0.0110661
6.37797 6.06523 0.00201218
6.37797 6.06523 0.00201218
6.45061 6.2135 0.00158026
6.45061 6.2135 0.00158026
6.37358 5.93351 0.00848207
6.6493 5.6699 0.00842446
6.6493 5.6699 0.00842446
6.6493 5.6699 0.00842446
6.6493 5.6699 0.00842446
6.09797 6.22976 -0.0193712
6.09797 6.22976 -0.0193712
6.10713 6.69284 -0.00447619
6.01086 6.14225 -0.0054038
6.01086 6.14225 -0.0054038
6.34896 5.86157 -0.00136378
6.34896 5.86157 -0.00136378
5.91589 5.96906 0.000426227
5.91589 5.96906 0.000426227
5.91589 5.96906 0.000426227
5.91589 5.96906 0.000426227
5.91589 5.96906 0.000426227
6.49081 6.70582 -0.00473826
6.79532 6.53151 0.00802557
6.40442 5.73035 -0.00552322
6.40442 5.73035 -0.00552322
6.41495 6.33134 0.0153741
6.38828 6.48091 -0.00149362
6.38828 6.48091 -0.00149362
6.38828 6.48091 -0.00149362
6.38828 6.48091 -0.00149362
6.38828 6.48091 -0.00149362
6.83916 6.4842 -0.00253505
6.83916 6.4842 -0.00253505
5.80975 6.15941 -0.00647705
6.06521 6.60789 0.00744878
6.70983 6.56159 -0.000518002
5.68734 6.12306 -0.00558329
6.48108 6.28198 -0.00139493
6.46276 6.36184 0.0126956
6.02452 6.30083 0.00290421
6.02452 6.30083 0.00290421
6.02452 6.30083 0.00290421
6.02452 6.30083 0.00290421
6.07339 6.26337 0.0117282
6.02339 6.30599 -0.00387802
6.02339 6.30599 -0.00387802
6.11112 5.59291 -0.00668073
6.11112 5.59291 -0.00668073
6.11112 5.59291 -0.00668073
5.9537 6.23698 0.00341448
5.9537 6.23698 0.00341448
5.80861 5.85597 -0.00557202
5.80861 5.85597 -0.00557202
6.34929 6.26264 0.00565278
6.34929 6.26264 0.00565278
6.34929 6.26264 0.00565278
6.24875 5.70275 -0.0189892
6.47235 6.07281 0.00406009
6.47235 6.07281 0.00406009
6.47235 6.07281 0.00406009
6.5417 6.81147 0.00177568
6.5417 6.81147 0.00177568
6.32141 6.55798 -0.00791978
6.32141 6.55798 -0.00791978
6.32141 6.55798 -0.00791978
5.6457 5.88373 0.00342492
6.51141 6.05855 0.00415919
6.51141 6.05855 0.00415919
6.1507 6.41745 -0.0116242
6.50542 6.82378 -8.50974e-05
6.29748 6.18592 0.00404483
6.29748 6.18592 0.00404483
6.19563 5.76492 -0.00749698
5.90518 6.24077 -0.00239261
6.16947 6.90055 0.0103553
6.16947 6.90055 0.0103553
5.99584 6.04087 0.00648348
5.99584 6.04087 0.00648348
5.99584 6.04087 0.00648348
5.99584 6.04087 0.00648348
5.88665 6.4951 0.0125174
6.01637 5.80042 0.000916122
6.08985 6.21867 0.0083152
6.08985 6.21867 0.0083152
6.4387 6.65276 0.0101722
6.4387 6.65276 0.0101722
6.69628 6.02549 -0.00440679
6.69628 6.02549 -0.00440679
6.69628 6.02549 -0.00440679
6.12973 6.47161 -0.0142326
6.12973 6.47161 -0.0142326
6.06042 6.68086 0.00276055
6.01181 6.51763 0.00405086
6.01181 6.51763 0.00405086
6.26255 6.19916 -0.00424215
6.92989 6.2581 -0.0021199
6.92989 6.2581 -0.0021199
6.92989 6.2581 -0.0021199
6.92989 6.2581 -0.0021199
6.46252 6.22291 0.00162725
6.46252 6.22291 0.00162725
5.7613 5.99362 -0.000767653
5.7613 5.99362 -0.000767653
5.74425 6.59966 -0.00219251
6.3752 6.07613 -0.00249282
5.73452 6.14107 -0.00467403
6.03675 6.27503 -0.0191217
6.10467 6.35012 -0.00844464
6.10467 6.35012 -0.00844464
6.10467 6.35012 -0.00844464
6.54004 6.44184 0.000802774
6.54004 6.44184 0.000802774
6.23454 6.35501 0.0204756
6.23454 6.35501 0.0204756
6.23454 6.35501 0.0204756
6.23454 6.35501 0.0204756
6.23454 6.35501 0.0204756
6.30464 6.40261 -0.00335125
6.30464 6.40261 -0.00335125
6.30464 6.40261 -0.00335125
6.58345 6.33711 -0.00415197
6.58345 6.33711 -0.00415197
6.29859 5.94111 0.00293463
6.29859 5.94111 0.00293463
6.29859 5.94111 0.00293463
6.09177 6.07552 0.00405468
6.30198 5.92236 0.00527159
6.30198 5.92236 0.00527159
6.30198 5.92236 0.00527159
6.1428 6.41284 0.0166741
6.71675 6.54127 0.00424647
5.87274 6.05203 -0.00638923
5.87274 6.05203 -0.00638923
6.23425 6.17167 -0.0158633
6.5261 6.07989 -0.00615092
6.19829 5.89074 0.0182886
6.19829 5.89074 0.0182886
6.40544 6.8367 0.00299835
6.40544 6.8367 0.00299835
6.58067 6.53008 0.00709015
6.58067 6.53008 0.00709015
5.85606 6.12426 -0.0159757
5.85606 6.12426 -0.0159757
5.85606 6.12426 -0.0159757
6.4832 6.80209 0.0145357
6.20752 6.34643 0.00478539
6.20752 6.34643 0.00478539
6.20752 6.34643 0.00478539
5.88502 5.94728 -0.00186352
5.99137 6.40405 -0.00732149
6.21524 6.18775 -0.0112758
6.4452 6.04188 -0.0134738
6.33608 6.27303 -0.000576745
6.33608 6.27303 -0.000576745
6.33608 6.27303 -0.000576745
5.70184 6.10574 0.000100462
5.70184 6.10574 0.000100462
5.70184 6.10574 0.000100462
6.19504 5.9162 0.00893655
6.59838 6.19549 0.0156409
6.59838 6.19549 0.0156409
6.59838 6.19549 0.0156409
6.05292 6.18948 -0.00716125
6.05292 6.18948 -0.00716125
6.00417 6.23545 -0.00374049
6.00417 6.23545 -0.00374049
6.00417 6.23545 -0.00374049
6.14804 6.32456 0.0042816
6.14804 6.32456 0.0042816
6.73594 6.20395 0.00926062
6.73594 6.20395 0.00926062
6.22064 6.00135 0.0194572
6.22064 6.00135 0.0194572
6.83315 5.24025 0.0180425
6.21536 6.44918 0.0151085
6.21536 6.44918 0.0151085
6.34043 6.44477 0.00254057
6.08112 6.11658 0.00629029
6.84878 6.1195 0.00468398
5.93021 6.01525 0.0109436
6.23814 6.01854 0.0161327
6.23814 6.01854 0.0161327
6.23814 6.01854 0.0161327
6.23814 6.01854 0.0161327
6.23814 6.01854 0.0161327
5.93737 6.62497 -0.0137244
6.49917 6.44932 0.00282301
6.60491 5.96508 0.00175741
6.3852 6.54502 0.00165809
5.85906 6.0242 -0.00992982
5.94967 6.9404 -0.00636868
5.94967 6.9404 -0.00636868
5.89053 5.6428 0.00666272
5.89053 5.6428 0.00666272
5.89053 5.6428 0.00666272
6.31419 5.96604 -0.011188
6.31419 5.96604 -0.011188
6.31419 5.96604 -0.011188
6.10089 6.41291 -0.00423192
6.10089 6.41291 -0.00423192
5.91667 6.30765 -0.00407419
5.91667 6.30765 -0.00407419
5.91667 6.30765 -0.00407419
5.91667 6.30765 -0.00407419
6.23405 5.96013 0.004556
6.23405 5.96013 0.004556
6.23405 5.96013 0.004556
6.16021 5.64667 0.00100809
6.16021 5.64667 0.00100809
5.96749 6.15356 0.0335825
5.96749 6.15356 0.0335825
5.96749 6.15356 0.0335825
6.12835 6.29647 -0.00582406
6.12835 6.29647 -0.00582406
6.12835 6.29647 -0.00582406
6.10793 6.50646 0.00364327
6.10793 6.50646 0.00364327
6.33046 6.62109 -0.00667521
6.08132 6.64372 -0.00111822
6.08132 6.64372 -0.00111822
6.08132 6.64372 -0.00111822
6.08132 6.64372 -0.00111822
6.08132 6.64372 -0.00111822
6.15039 6.49079 0.00422
5.72755 6.61034 0.019419
5.72755 6.61034 0.019419
5.72755 6.61034 0.019419
5.72755 6.61034 0.019419
6.55439 5.95711 0.0187273
6.55439 5.95711 0.0187273
5.555 6.77139 -0.00677361
5.555 6.77139 -0.00677361
5.555 6.77139 -0.00677361
5.555 6.77139 -0.00677361
5.555 6.77139 -0.00677361
7.02736 6.7835 0.00947248
7.02736 6.7835 0.00947248
7.02736 6.7835 0.00947248
7.02736 6.7835 0.00947248
5.87522 6.6099 -0.0151136
5.87522 6.6099 -0.0151136
5.87522 6.6099 -0.0151136
5.87522 6.6099 -0.0151136
5.87522 6.6099 -0.0151136
6.37973 6.43734 -0.00777411
6.37973 6.43734 -0.00777411
6.32873 6.00401 0.00363884
6.32873 6.00401 0.00363884
6.32873 6.00401 0.00363884
6.68417 6.17993 0.00302258
6.68417 6.17993 0.00302258
6.68417 6.17993 0.00302258
6.68417 6.17993 0.00302258
6.13495 5.60281 -0.00240678
6.66858 5.99322 -0.00419764
5.8629 6.29707 -0.00592284
6.72509 6.17715 0.00690402
6.05719 6.07648 0.0236988
6.05719 6.07648 0.0236988
6.05719 6.07648 0.0236988
6.25423 5.71796 0.0163396
6.25423 5.71796 0.0163396
6.25423 5.71796 0.0163396
6.69947 6.83933 0.00279902
6.69947 6.83933 0.00279902
6.65062 6.1112 0.000428699
6.65062 6.1112 0.000428699
6.65062 6.1112 0.000428699
6.57534 6.07702 -0.0206168
6.1523 6.52709 0.0323801
6.1523 6.52709 0.0323801
6.1523 6.52709 0.0323801
6.5372 5.89097 0.00110731
6.5372 5.89097 0.00110731
6.5372 5.89097 0.00110731
6.25952 6.04012 -0.00210476
6.30455 6.83755 -0.0136349
6.02617 6.52821 0.00290138
6.02617 6.52821 0.00290138
6.02617 6.52821 0.00290138
6.02617 6.52821 0.00290138
5.9097 6.08113 -0.00210642
5.9097 6.08113 -0.00210642
5.9097 6.08113 -0.00210642
6.92884 5.91388 0.0161325
6.45337 6.08824 0.00211416
6.45337 6.08824 0.00211416
6.45337 6.08824 0.00211416
6.11473 6.22831 0.00872511
6.11473 6.22831 0.00872511
6.08204 6.67073 0.0080644
6.127 5.85794 -0.00275673
6.127 5.85794 -0.00275673
6.41682 6.78524 -0.0194322
6.41682 6.78524 -0.0194322
6.41682 6.78524 -0.0194322
6.41682 6.78524 -0.0194322
6.26771 6.6692 -0.00139777
5.97836 6.29728 -0.0233522
5.97836 6.29728 -0.0233522
5.97836 6.29728 -0.0233522
6.67754 6.13261 -0.00712804
6.67754 6.13261 -0.00712804
6.67754 6.13261 -0.00712804
6.32105 6.43218 0.00132327
5.9812 6.20068 0.00868844
5.9812 6.20068 0.00868844
6.02427 6.5818 -0.00109189
6.02427 6.5818 -0.00109189
6.36153 6.14104 -0.00813068
6.36153 6.14104 -0.00813068
5.51266 6.28647 -0.00193396
5.51266 6.28647 -0.00193396
5.72741 6.65062 0.00436859
6.40125 6.28133 -0.000135274
6.40125 6.28133 -0.000135274
6.24257 6.71599 -0.00180676
5.63404 6.53357 -0.0110704
5.98191 5.55307 0.011838
5.79889 6.36148 0.0250129
5.79889 6.36148 0.0250129
5.79889 6.36148 0.0250129
5.79889 6.36148 0.0250129
5.79889 6.36148 0.0250129
5.79889 6.36148 0.0250129
6.04459 6.10079 -0.0151476
6.04459 6.10079 -0.0151476
6.04459 6.10079 -0.0151476
6.47299 6.46007 0.01112
6.47299 6.46007 0.01112
6.47299 6.46007 0.01112
6.08766 5.91393 -0.00513235
6.32131 6.67432 0.000727435
6.32131 6.67432 0.000727435
6.32131 6.67432 0.000727435
6.17655 6.7142 0.00305436
6.17655 6.7142 0.00305436
6.17655 6.7142 0.00305436
6.02629 6.11254 -0.0278995
5.85026 6.13811 -0.000414053
6.60334 5.91404 0.0158771
6.60334 5.91404 0.0158771
6.60334 5.91404 0.0158771
6.60334 5.91404 0.0158771
6.23392 6.2603 -0.00103287
6.23392 6.2603 -0.00103287
6.23392 6.2603 -0.00103287
5.87611 6.36819 -0.0355746
5.87611 6.36819 -0.0355746
6.26577 6.29365 0.00667739
6.26577 6.29365 0.00667739
6.26577 6.29365 0.00667739
6.37338 6.31795 -0.00243194
6.37338 6.31795 -0.00243194
6.15735 5.86139 -0.00576804
6.02038 6.06944 0.0094805
6.4728 6.41059 -0.00250599
6.4728 6.41059 -0.00250599
6.4728 6.41059 -0.00250599
6.4728 6.41059 -0.00250599
6.33176 6.16052 0.0026904
6.26389 6.74579 -0.00641139
6.27036 6.4483 0.00609554
6.27036 6.4483 0.00609554
6.27036 6.4483 0.00609554
6.27036 6.4483 0.00609554
6.27036 6.4483 0.00609554
6.45036 5.99403 -0.0200295
6.45036 5.99403 -0.0200295
6.45036 5.99403 -0.0200295
6.01479 6.53302 -0.014883
6.63053 5.6074 0.0104935
6.11179 6.1753 -0.000536054
6.11179 6.1753 -0.000536054
6.16644 6.67927 -0.0189427
6.25749 6.55384 -0.00647638
6.18625 6.16571 -0.00733961
6.18625 6.16571 -0.00733961
6.18625 6.16571 -0.00733961
6.44863 6.42498 0.00351578
6.44863 6.42498 0.00351578
6.44863 6.42498 0.00351578
6.44863 6.42498 0.00351578
6.44863 6.42498 0.00351578
6.29425 5.71537 0.00607904
6.48563 6.16694 0.0212282
6.48563 6.16694 0.0212282
6.48563 6.16694 0.0212282
6.31756 6.21423 0.0113205
6.31756 6.21423 0.0113205
6.31756 6.21423 0.0113205
6.31756 6.21423 0.0113205
5.79226 6.49596 -0.00911762
5.79226 6.49596 -0.00911762
6.33966 6.20843 0.014797
6.33966 6.20843 0.014797
6.44948 5.68026 0.0217247
6.15054 5.99988 -0.0225898
6.15054 5.99988 -0.0225898
6.15054 5.99988 -0.0225898
6.46197 5.94609 0.0271796
6.46197 5.94609 0.0271796
6.46197 5.94609 0.0271796
6.46197 5.94609 0.0271796
6.09633 5.67336 -0.0107377
6.16178 5.67888 0.00526587
6.16178 5.67888 0.00526587
6.16178 5.67888 0.00526587
6.71167 6.19309 0.0021063
6.71167 6.19309 0.0021063
6.71167 6.19309 0.0021063
6.36881 6.072 0.00143952
6.01493 6.75404 0.00616673
6.01493 6.75404 0.00616673
5.97821 5.99025 0.00844336
5.6632 6.24576 -0.00592988
5.6632 6.24576 -0.00592988
6.10144 6.24543 0.0107371
6.12823 6.3737 0.00441333
6.73731 6.33142 0.00134761
6.73731 6.33142 0.00134761
6.73731 6.33142 0.00134761
6.14377 6.70769 0.00133769
6.03539 6.34188 0.0061459
6.03539 6.34188 0.0061459
6.03539 6.34188 0.0061459
6.11293 5.98891 0.000195327
6.11293 5.98891 0.000195327
6.15368 6.34951 -0.0153304
5.81551 6.58077 0.0136273
5.81551 6.58077 0.0136273
5.81551 6.58077 0.0136273
5.81551 6.58077 0.0136273
5.81551 6.58077 0.0136273
5.81551 6.58077 0.0136273
5.81551 6.58077 0.0136273
6.12896 6.34112 0.00289729
6.12896 6.34112 0.00289729
6.12896 6.34112 0.00289729
6.12896 6.34112 0.00289729
6.12896 6.34112 0.00289729
6.57145 6.10654 -0.000986586
6.57145 6.10654 -0.000986586
6.36232 6.97067 -0.00354905
6.16866 5.86469 -0.00740821
6.16866 5.86469 -0.00740821
6.16866 5.86469 -0.00740821
6.16866 5.86469 -0.00740821
6.16866 5.86469 -0.00740821
6.3945 6.00889 -0.00285041
6.0195 5.41098 -0.0211927
6.0195 5.41098 -0.0211927
6.0195 5.41098 -0.0211927
6.60452 6.45002 -0.0061124
5.92914 6.55318 -0.0064748
5.92914 6.55318 -0.0064748
5.92914 6.55318 -0.0064748
6.36408 6.71882 -0.00675379
5.47039 5.68759 -0.00474266
6.45856 6.42886 0.0141427
6.45856 6.42886 0.0141427
6.45546 5.81456 -0.00610933
6.45546 5.81456 -0.00610933
6.45546 5.81456 -0.00610933
6.45546 5.81456 -0.00610933
6.12152 6.37982 -0.00961034
6.34206 6.42056 0.0155537
6.76795 5.96191 0.00448084
6.76795 5.96191 0.00448084
5.96633 6.48848 -0.0157292
6.20943 6.44332 0.00962363
7.14183 7.46704 0.312878
7.58756 7.59134 0.328005
7.9379 7.38251 0.31945
7.78561 7.80758 0.311203
7.78561 7.80758 0.311203
7.78561 7.80758 0.311203
7.84843 7.10092 0.334457
7.60346 8.07315 0.319682
7.91278 8.07927 0.31981
7.62836 7.73926 0.338047
7.62836 7.73926 0.338047
8.11664 7.73013 0.322693
7.45458 7.79766 0.327582
7.64445 7.105 0.316581
7.64445 7.105 0.316581
7.64445 7.105 0.316581
7.75985 7.73996 0.330081
7.672 7.3645 0.331727
7.76827 8.0425 0.320308
7.76827 8.0425 0.320308
7.97355 8.28138 0.322517
7.6291 7.42132 0.309182
7.96728 7.32748 0.327826
7.51385 7.50929 0.344299
7.51385 7.50929 0.344299
7.77968 8.4127 0.325024
7.94088 7.70047 0.314668
7.94088 7.70047 0.314668
7.63953 7.05175 0.313415
7.70849 7.8918 0.323139
7.51454 7.32368 0.320525
7.14696 8.16585 0.324124
7.81871 7.78753 0.326946
7.76203 7.29952 0.330809
7.83572 7.7921 0.330919
7.23645 8.34508 0.340084
7.23645 8.34508 0.340084
7.84122 8.14714 0.315433
7.17673 7.63898 0.336579
7.32751 7.41411 0.322571
8.17176 7.44159 0.350266
8.06129 8.35935 0.323132
7.35543 7.15045 0.325717
7.71194 7.88557 0.316328
7.33244 7.27234 0.32785
7.24879 7.62498 0.341555
7.37112 7.37978 0.341267
8.00079 8.05676 0.323424
7.16008 8.17487 0.310696
7.76647 7.40029 0.320216
7.76647 7.40029 0.320216
7.76647 7.40029 0.320216
8.01539 7.87414 0.323971
7.57527 7.61223 0.331608
7.57527 7.61223 0.331608
7.64158 8.3022 0.332353
7.64158 8.3022 0.332353
7.79288 7.66831 0.340157
7.79288 7.66831 0.340157
7.94956 7.34527 0.310736
7.79762 7.65952 0.330654
7.85043 7.89711 0.320171
7.97255 7.44437 0.332966
7.97255 7.44437 0.332966
7.72946 7.51438 0.326196
8.06922 8.39028 0.3394
7.24994 8.33887 0.334612
7.24994 8.33887 0.334612
6.99884 6.85394 0.290889
6.99884 6.85394 0.290889
6.83332 6.31061 0.289097
6.83332 6.31061 0.289097
6.82928 6.75518 0.303422
6.61676 6.79182 0.305775
6.61676 6.79182 0.305775
6.61676 6.79182 0.305775
6.61676 6.79182 0.305775
6.63023 6.16096 0.284524
6.69585 6.34764 0.00761261
6.69585 6.34764 0.00761261
6.91345 5.90338 0.0057686
6.91345 5.90338 0.0057686
6.75954 6.46605 -0.000448508
6.44616 6.0543 0.00381259
6.71128 6.31368 0.00893607
5.98017 6.09192 0.00077641
5.89962 6.51087 -0.00883756
6.07521 5.8161 -0.00636174
6.07521 5.8161 -0.00636174
6.30241 6.16309 0.011484
6.00764 6.72627 0.00108503
6.00764 6.72627 0.00108503
6.35475 6.58486 0.0102657
6.35475 6.58486 0.0102657
6.35475 6.58486 0.0102657
6.35475 6.58486 0.0102657
5.5972 6.29843 0.0113064
6.13182 5.85064 0.00681408
6.13182 5.85064 0.00681408
6.36521 6.74692 0.00817676
6.20447 5.44859 -0.0134329
6.20447 5.44859 -0.0134329
6.20447 5.44859 -0.0134329
6.05756 6.18358 -0.00195053
6.44041 6.58688 0.00875194
6.13501 6.42632 0.0146886
6.40649 6.19981 0.0110453
6.12076 6.68057 -0.000257948
6.12076 6.68057 -0.000257948
5.93497 6.76707 -0.00519412
5.93497 6.76707 -0.00519412
5.93497 6.76707 -0.00519412
6.78965 6.24129 0.0067937
6.78965 6.24129 0.0067937
6.78965 6.24129 0.0067937
6.78965 6.24129 0.0067937
6.78965 6.24129 0.0067937
6.54532 5.92121 -0.00115065
6.54532 5.92121 -0.00115065
6.54532 5.92121 -0.00115065
6.70325 6.56003 -0.00314776
6.28832 6.02136 -0.00743327
5.47712 6.74557 -0.00789232
5.47712 6.74557 -0.00789232
5.97473 6.40027 -0.0192377
5.97473 6.40027 -0.0192377
6.26816 6.19972 0.304306
6.26816 6.19972 0.304306
6.26816 6.19972 0.304306
6.20139 6.16441 0.327488
6.20139 6.16441 0.327488
6.20139 6.16441 0.327488
5.92469 6.55677 0.314967
6.27343 6.37423 0.311398
6.27343 6.37423 0.311398
6.27343 6.37423 0.311398
6.27343 6.37423 0.311398
6.18322 5.82732 0.314755
6.18322 5.82732 0.314755
6.18322 5.82732 0.314755
6.0269 6.37716 0.314707
6.0269 6.37716 0.314707
6.0269 6.37716 0.314707
6.32507 6.28741 0.328149
6.32507 6.28741 0.328149
6.32507 6.28741 0.328149
6.29654 6.30348 0.325244
6.0559 6.3398 0.333149
6.0559 6.3398 0.333149
6.0559 6.3398 0.333149
6.0559 6.3398 0.333149
6.29255 6.06696 0.327559
6.29255 6.06696 0.327559
6.29255 6.06696 0.327559
6.29255 6.06696 0.327559
6.52745 6.13665 0.313918
6.52745 6.13665 0.313918
6.62397 6.32027 0.3201
6.62397 6.32027 0.3201
6.62397 6.32027 0.3201
6.62397 6.32027 0.3201
6.35104 6.17875 0.303465
6.44645 6.39873 0.300081
6.57045 5.90389 0.328851
6.67977 6.5102 0.321895
5.77509 6.43057 0.323079
6.12513 6.30995 0.312628
6.19042 6.74146 0.303848
6.27067 6.19866 0.312339
5.99269 6.00458 0.311341
6.7087 6.18968 0.313548
6.7087 6.18968 0.313548
6.37501 7.23597 0.328984
6.37501 7.23597 0.328984
6.6713 6.58062 0.325054
6.6713 6.58062 0.325054
6.61188 6.5527 0.318155
6.40378 6.23229 0.325825
6.40378 6.23229 0.325825
6.06101 6.7458 0.315329
7.41876 6.09464 0.298114
6.43119 6.99943 0.309226
6.43119 6.99943 0.309226
6.51552 6.20541 0.312974
5.96145 6.47876 0.310047
5.80159 6.82302 0.31248
6.69432 6.33904 0.323684
6.11387 6.92937 0.299239
6.18242 5.91789 0.339993
6.18242 5.91789 0.339993
6.18242 5.91789 0.339993
6.08418 6.15062 0.331747
5.79833 6.56081 0.316339
6.27093 6.51375 0.313384
6.27093 6.51375 0.313384
6.29548 6.35448 0.308294
6.29548 6.35448 0.308294
6.41839 6.21889 0.303863
6.41839 6.21889 0.303863
6.12226 6.62412 0.312025
6.12226 6.62412 0.312025
6.12226 6.62412 0.312025
6.12226 6.62412 0.312025
6.12226 6.62412 0.312025
6.5386 6.09669 0.310324
6.5386 6.09669 0.310324
6.34379 6.61571 0.309306
6.34379 6.61571 0.309306
6.37617 6.43201 0.310847
6.78959 6.52796 0.337282
6.16868 6.18102 0.313514
6.16868 6.18102 0.313514
6.16868 6.18102 0.313514
6.16868 6.18102 0.313514
6.19973 6.42131 0.286422
6.19973 6.42131 0.286422
6.19973 6.42131 0.286422
6.19973 6.42131 0.286422
6.19973 6.42131 0.286422
6.19624 5.79416 0.335608
6.3861 6.80029 0.309609
6.48293 6.66372 0.33282
6.31702 6.26177 0.328653
6.39871 6.20228 0.300321
6.187 6.20896 0.345841
6.187 6.20896 0.345841
6.45496 6.15212 0.335493
6.83046 6.16345 0.312108
6.83046 6.16345 0.312108
5.83119 6.70396 0.32797
6.34454 6.11268 0.301483
6.34454 6.11268 0.301483
6.34454 6.11268 0.301483
6.34454 6.11268 0.301483
6.25724 6.06134 0.310622
6.25724 6.06134 0.310622
6.25724 6.06134 0.310622
6.51026 6.65062 0.31588
6.38236 6.52276 0.308619
6.38236 6.52276 0.308619
6.65951 6.312 0.306971
6.65951 6.312 0.306971
6.65951 6.312 0.306971
6.65951 6.312 0.306971
6.28589 6.51487 0.322256
6.28589 6.51487 0.322256
6.55335 6.81779 0.325694
6.6594 6.42464 0.323407
6.6024 6.19172 0.325415
6.6024 6.19172 0.325415
6.6024 6.19172 0.325415
6.6024 6.19172 0.325415
6.6024 6.19172 0.325415
6.6024 6.19172 0.325415
6.32165 6.31136 0.322393
5.79895 6.35468 0.314323
5.79895 6.35468 0.314323
6.4422 6.54245 0.323503
6.4422 6.54245 0.323503
6.48895 6.24105 0.336204
6.48895 6.24105 0.336204
5.82417 5.74819 0.00340879
6.09576 6.2727 0.00140674
6.09576 6.2727 0.00140674
6.19537 6.34689 0.00304058
6.1111 6.01928 -0.00461913
6.18651 6.28268 0.00404803
5.90261 6.1978 -0.0100492
7.72493 7.81021 0.318556
7.72493 7.81021 0.318556
7.84841 7.53842 0.337404
7.81087 7.52431 0.343074
7.76556 7.85411 0.309089
8.00327 7.20261 0.326885
7.27063 7.72956 0.316043
7.27063 7.72956 0.316043
6.57348 7.1485 0.306963
3.9382 46.556 -66.807
3.9382 46.556 -66.807
3.9382 46.556 -66.807
6.47277 6.32665 -0.00217135
6.4243 6.54679 0.0160478
6.05006 6.50889 -0.0188627
6.40255 6.22241 -0.0173554
6.09804 6.14537 0.000585507
6.09804 6.14537 0.000585507
6.31318 6.16147 -0.00760273
6.28838 5.98052 0.0112194
6.28838 5.98052 0.0112194
6.83095 6.68272 0.325591
6.68083 6.12514 0.327962
5.84887 6.53581 0.30484
6.27388 5.94588 0.309674
6.34477 6.53121 0.310585
6.69607 6.16258 0.315986
6.11606 6.63768 0.311238
6.71748 6.82626 0.292122
6.22267 6.88076 0.311236
6.22267 6.88076 0.311236
6.81328 7.10437 0.293273
7.31302 6.91436 0.309002
6.97689 6.55414 0.296331
6.36627 6.51925 0.29349
6.65017 6.6285 0.302802
3.9382 46.556 -66.807
3.9382 46.556 -66.807
3.9382 46.556 -66.807
3.9382 46.556 -66.807
3.9382 46.556 -66.807
3.9382 46.556 -66.807
3.9382 46.556 -66.807
3.9382 46.556 -66.807
6.60697 6.12504 0.00426616
6.05006 6.50889 -0.0188627
6.19247 6.17904 -0.0153367
6.19247 6.17904 -0.0153367
5.6939 6.4233 -0.00302449
6.2715 6.16939 -0.0154241
6.53395 6.74463 0.319755
6.73381 6.21968 0.310948
6.00331 6.76889 0.321142
6.86751 6.06459 0.316486
6.02295 6.49786 0.298185
6.32389 6.67236 0.323392
5.88624 7.32904 0.293364
6.60377 6.69859 0.294388
7.15729 6.33956 0.2704
7.15729 6.33956 0.2704
6.74601 7.17026 0.300277
6.4631 6.45055 0.29682
6.83014 6.73803 0.304844
6.52003 6.71757 0.318499
3.9382 46.556 -66.807
3.9382 46.556 -66.807
3.9382 46.556 -66.807
3.9382 46.556 -66.807
3.9382 46.556 -66.807
3.9382 46.556 -66.807
3.9382 46.556 -66.807
5.87787 5.89027 -0.00434887
5.92837 6.45598 -0.00182504
6.31318 6.16147 -0.00760273
5.7125 6.37239 -0.00587658
6.4451 6.79127 0.324348
6.23831 5.94105 0.314325
5.68161 5.87953 0.299647
6.56005 6.41238 0.318405
6.23988 6.26685 0.330218
6.23988 6.26685 0.330218
6.71748 6.82626 0.292122
7.2303 7.05348 0.30689
7.31302 6.91436 0.309002
7.31302 6.91436 0.309002
6.49256 6.49765 0.301349
6.71336 7.00637 0.293754
6.63738 7.00852 0.307539
6.89399 6.03509 0.288777
3.9382 46.556 -66.807
3.9382 46.556 -66.807
3.9382 46.556 -66.807
3.9382 46.556 -66.807
3.9382 46.556 -66.807
6.08774 6.20284 -0.0255484
6.21647 5.91879 0.0145557
6.151 6.52729 -0.0122908
6.19247 6.17904 -0.0153367
5.82996 6.44582 0.0211537
6.6037 6.36776 0.320172
7.94739 7.79081 0.318678
7.9932 7.95631 0.338293
7.66994 7.54453 0.334658
7.52599 7.49946 0.337088
7.52599 7.49946 0.337088
7.52599 7.49946 0.337088
7.52599 7.49946 0.337088
7.22135 7.43321 0.335152
7.8979 8.36861 0.339831
7.8979 8.36861 0.339831
7.4907 7.52225 0.339279
8.56448 7.97272 0.326636
8.56448 7.97272 0.326636
8.56448 7.97272 0.326636
7.86181 7.86037 0.345977
7.59708 7.73017 0.312777
7.59708 7.73017 0.312777
8.11678 7.92693 0.334601
8.11678 7.92693 0.334601
7.32925 7.16855 0.307759
7.54131 7.84944 0.326372
8.14421 7.3716 0.325319
8.14421 7.3716 0.325319
8.06063 7.74052 0.338844
7.72681 7.83616 0.321185
7.41601 7.71123 0.33452
7.90581 7.46124 0.324535
7.89805 7.49256 0.317703
8.17061 7.63441 0.316801
7.2259 7.65414 0.325002
8.23499 7.79232 0.340857
7.7631 7.5996 0.33294
7.75754 7.73657 0.343307
7.972 7.71816 0.336051
7.972 7.71816 0.336051
7.62191 8.30006 0.32568
7.19529 8.0926 0.308425
7.28731 7.66369 0.322112
7.28731 7.66369 0.322112
7.05103 7.38595 0.330024
7.32727 7.31685 0.32376
8.02858 7.35524 0.317773
7.6642 7.72982 0.328704
7.6642 7.72982 0.328704
7.82553 7.84295 0.314091
7.45368 7.69998 0.324996
7.45368 7.69998 0.324996
7.6793 7.50094 0.330353
7.25181 7.98818 0.326331
7.64347 8.29644 0.334685
7.64347 8.29644 0.334685
7.326 7.60662 0.332806
7.81697 7.75271 0.32589
7.95645 7.81483 0.331118
7.95645 7.81483 0.331118
7.0634 7.35619 0.345296
8.2355 7.58556 0.346018
8.2355 7.58556 0.346018
7.40982 7.49514 0.316813
6.9459 7.15802 0.329036
7.84865 7.69095 0.316748
7.4803 7.34965 0.330204
7.77522 7.73784 0.334093
7.98502 7.89117 0.334742
8.33767 7.64161 0.301359
7.71259 7.84427 0.309221
7.54058 7.8923 0.31677
7.76833 7.78562 0.334491
7.8215 7.71467 0.312022
7.32218 7.98563 0.317232
7.32218 7.98563 0.317232
7.32218 7.98563 0.317232
7.95291 7.89255 0.323618
7.67409 7.61882 0.321051
7.67409 7.61882 0.321051
7.45348 7.61663 0.326857
7.45348 7.61663 0.326857
7.45348 7.61663 0.326857
7.66223 7.69325 0.335541
8.31102 7.8751 0.300324
7.9156 7.33522 0.324566
7.69772 7.70314 0.326023
7.38857 7.72123 0.324896
7.38857 7.72123 0.324896
7.43878 7.46414 0.327717
7.93571 8.05476 0.323816
7.5051 7.72758 0.325571
7.78261 7.41038 0.332611
7.42434 7.93534 0.338178
7.42434 7.93534 0.338178
7.42434 7.93534 0.338178
7.73328 7.81851 0.320635
7.86077 7.34537 0.329973
7.86077 7.34537 0.329973
7.41387 7.64275 0.320012
7.87398 7.25422 0.32539
7.93534 7.32112 0.316997
7.93534 7.32112 0.316997
7.66054 7.66918 0.333978
7.28038 7.19754 0.342675
7.79751 7.59844 0.3434
7.79751 7.59844 0.3434
7.79751 7.59844 0.3434
7.06734 7.62533 0.332046
7.06734 7.62533 0.332046
7.06734 7.62533 0.332046
7.89743 7.20731 0.32566
7.77403 7.42206 0.310288
7.39197 8.17463 0.317891
8.3111 7.63487 0.329407
7.98574 8.07347 0.339217
8.30444 7.22525 0.325906
7.85253 7.52538 0.333426
7.85253 7.52538 0.333426
8.19219 7.46536 0.318112
7.98347 7.62082 0.327221
7.09593 7.54461 0.335567
7.09593 7.54461 0.335567
8.13916 7.10788 0.317114
7.7956 7.62957 0.329607
8.13794 7.53032 0.313878
7.88344 8.04424 0.325867
8.1808 7.63209 0.322135
7.50196 7.8213 0.317982
7.24545 7.619 0.315112
7.66758 7.66714 0.315386
7.66758 7.66714 0.315386
7.22015 7.68194 0.320655
7.76166 7.79036 0.335475
8.07732 8.0858 0.313497
8.07732 8.0858 0.313497
7.79357 7.78813 0.317172
7.65385 8.04783 0.324633
7.65385 8.04783 0.324633
7.31776 7.47295 0.337661
7.31776 7.47295 0.337661
7.58667 8.03536 0.332862
7.3693 7.59853 0.327131
7.48475 8.34544 0.324396
7.71933 8.35499 0.332074
7.65617 7.5511 0.33313
7.55897 7.52621 0.316466
7.7386 7.60694 0.342646
7.14779 7.51767 0.334198
7.14779 7.51767 0.334198
7.28289 7.80274 0.320922
7.60843 8.29529 0.321834
7.60843 8.29529 0.321834
7.97614 7.71504 0.326889
8.4037 7.52378 0.325793
7.28862 7.84746 0.326695
7.56937 7.63947 0.317223
7.56937 7.63947 0.317223
7.73842 7.51804 0.330101
7.54346 8.14345 0.339043
7.54346 8.14345 0.339043
7.65554 7.45178 0.312572
7.65554 7.45178 0.312572
7.84323 7.74303 0.308991
7.84323 7.74303 0.308991
7.6435 7.1977 0.314084
7.56151 7.51152 0.325015
7.90792 7.96565 0.334747
7.7284 7.76438 0.320238
7.7284 7.76438 0.320238
7.74988 8.29857 0.33437
7.74988 8.29857 0.33437
7.39235 7.77125 0.313935
8.0109 7.35923 0.326709
7.87543 7.02007 0.323177
7.98404 7.54195 0.33042
7.39722 7.57172 0.327824
7.50183 7.42299 0.321309
8.18428 7.76071 0.307952
7.6362 7.91856 0.327564
7.66894 7.76593 0.32634
8.09187 7.93495 0.32272
8.09187 7.93495 0.32272
7.80323 7.66698 0.331633
7.80323 7.66698 0.331633
7.77473 7.89955 0.313745
7.77473 7.89955 0.313745
7.77473 7.89955 0.313745
7.87244 7.98192 0.31586
7.87244 7.98192 0.31586
7.45199 7.44353 0.325989
7.47487 7.75663 0.310099
7.47487 7.75663 0.310099
7.54181 7.21547 0.323269
7.45368 8.14728 0.32808
7.79397 7.9024 0.326022
7.78675 7.98643 0.316105
7.65084 8.0955 0.341944
8.02651 7.47022 0.338634
7.90068 8.02728 0.317845
8.33958 8.03665 0.310862
7.89736 7.67481 0.3357
7.89736 7.67481 0.3357
7.37977 7.85892 0.324004
7.13216 7.40543 0.322333
7.77548 8.21949 0.323934
7.77548 8.21949 0.323934
7.92398 7.50955 0.323208
7.86324 7.91091 0.327612
7.86324 7.91091 0.327612
7.66823 7.85582 0.307242
8.20022 7.50811 0.329379
7.5871 7.81774 0.334579
8.09651 7.90638 0.33182
7.3996 7.69903 0.326827
7.3996 7.69903 0.326827
8.23355 8.29109 0.331638
8.23355 8.29109 0.331638
7.99128 7.69981 0.320186
8.17914 7.68249 0.324189
8.17914 7.68249 0.324189
8.17914 7.68249 0.324189
7.32229 8.48437 0.330756
8.12055 8.13507 0.317292
8.12055 8.13507 0.317292
7.67782 7.10523 0.323966
8.3256 7.29534 0.336911
7.41339 7.29303 0.321984
8.06776 7.56065 0.31167
7.42983 7.93077 0.338134
7.6169 7.91593 0.315697
7.6169 7.91593 0.315697
8.02538 8.244 0.331038
7.93315 7.50567 0.329075
7.69454 7.88399 0.323761
7.69454 7.88399 0.323761
7.84004 7.73905 0.330126
7.71314 8.26146 0.340832
7.71314 8.26146 0.340832
7.71088 7.89911 0.32498
8.3479 7.22242 0.323752
7.30304 8.01992 0.306813
7.30304 8.01992 0.306813
8.14431 7.77267 0.337772
7.74615 7.88279 0.3318
7.77127 8.0298 0.324736
7.30596 8.04813 0.331065
8.00766 7.84471 0.314525
8.02442 8.0894 0.335482
8.02442 8.0894 0.335482
7.88808 7.56394 0.324085
7.28519 7.79341 0.325727
7.51508 7.72576 0.349971
7.51508 7.72576 0.349971
7.23997 7.57419 0.319393
8.05381 7.68122 0.320168
7.95747 7.78405 0.328433
7.95747 7.78405 0.328433
7.93549 7.26125 0.321902
7.50931 7.80338 0.315477
7.30877 7.31134 0.323554
7.71043 7.74873 0.339046
8.00057 7.81371 0.320101
7.86613 7.36046 0.328564
7.51393 7.7418 0.33151
7.48427 7.7332 0.320354
7.48427 7.7332 0.320354
7.48427 7.7332 0.320354
7.84472 7.99128 0.306691
7.89518 7.95475 0.33377
7.64351 7.84383 0.327313
7.93189 8.16282 0.312611
7.93189 8.16282 0.312611
7.57722 7.62417 0.308331
7.62656 7.63549 0.327094
7.62656 7.63549 0.327094
7.6434 7.73119 0.321772
7.43497 6.96871 0.316923
7.45857 7.85331 0.318074
7.45857 7.85331 0.318074
7.45857 7.85331 0.318074
7.3088 7.95358 0.322927
7.3088 7.95358 0.322927
7.49777 7.54892 0.345065
7.56891 8.26392 0.300645
7.60789 8.61944 0.330489
7.96482 7.60167 0.321191
8.20387 7.34919 0.327278
7.90647 7.7983 0.329487
7.71236 7.89625 0.320144
7.56153 7.19846 0.321429
7.5116 7.63883 0.314078
7.53675 8.23664 0.320724
8.11515 7.58994 0.328227
7.76889 7.70235 0.322417
7.64808 7.88002 0.310675
7.57203 7.84239 0.320016
8.05961 8.46003 0.313027
7.60637 7.75237 0.33035
7.88133 7.47567 0.33675
7.88133 7.47567 0.33675
7.42611 8.14544 0.332527
7.46101 7.91326 0.334261
7.72042 7.45388 0.325454
8.00162 8.18436 0.317556
7.65565 7.53354 0.343258
7.88235 7.64692 0.32765
7.54014 7.26897 0.348061
7.1632 7.39506 0.330673
7.1632 7.39506 0.330673
7.89239 7.72406 0.327477
7.82368 7.39623 0.320983
7.49942 7.51878 0.315902
7.96794 7.58943 0.317463
7.41734 7.77824 0.325525
7.41734 7.77824 0.325525
6.86319 7.95836 0.334144
7.61851 7.52009 0.33499
8.3899 7.63122 0.339109
8.3899 7.63122 0.339109
7.36903 7.48288 0.338934
7.36903 7.48288 0.338934
7.36903 7.48288 0.338934
7.84302 7.55913 0.329749
7.59071 7.44917 0.325795
7.59071 7.44917 0.325795
7.59071 7.44917 0.325795
7.3843 7.80031 0.324109
7.34666 7.82327 0.323701
7.34666 7.82327 0.323701
7.34666 7.82327 0.323701
7.34666 7.82327 0.323701
7.34666 7.82327 0.323701
7.34666 7.82327 0.323701
7.29708 7.27209 0.329101
8.07618 7.6568 0.296074
7.75627 7.79078 0.325053
7.75627 7.79078 0.325053
8.09448 7.44771 0.34516
8.09448 7.44771 0.34516
7.66077 7.72474 0.327706
7.97652 7.5988 0.31935
7.70398 7.29296 0.324874
7.5404 7.88236 0.312682
7.5404 7.88236 0.312682
7.51978 7.81902 0.335688
7.18042 7.69956 0.327849
8.09985 7.59479 0.326864
7.53108 7.40072 0.323684
7.4672 7.58913 0.314532
7.56326 7.59459 0.320899
7.56326 7.59459 0.320899
7.82228 7.74167 0.305176
7.22687 7.44799 0.323502
7.22687 7.44799 0.323502
8.02654 7.40866 0.317368
7.84896 7.77931 0.327712
7.84896 7.77931 0.327712
8.11068 7.87137 0.324197
8.11068 7.87137 0.324197
8.11068 7.87137 0.324197
7.52802 7.74924 0.359137
7.7048 7.64439 0.337238
8.33082 7.64634 0.315791
7.48768 7.42559 0.321491
8.00355 7.38913 0.328824
8.38052 7.33374 0.32643
7.31656 7.33804 0.331405
7.30934 7.67629 0.325317
7.30934 7.67629 0.325317
7.43859 7.61721 0.331009
7.29328 7.99743 0.33132
7.71775 7.84508 0.306117
7.94775 7.42526 0.328121
7.66163 8.03307 0.313492
7.66163 8.03307 0.313492
7.18297 7.32581 0.327206
7.18297 7.32581 0.327206
7.18297 7.32581 0.327206
8.00123 8.1844 0.338389
7.49566 7.76431 0.326411
7.49566 7.76431 0.326411
7.28962 7.61959 0.335296
7.28962 7.61959 0.335296
7.28962 7.61959 0.335296
8.2133 7.29168 0.317964
7.90384 7.95401 0.321837
7.90384 7.95401 0.321837
7.63193 7.73166 0.326658
7.77641 7.29516 0.331865
7.72392 7.74101 0.319758
8.11365 7.61489 0.319006
8.11365 7.61489 0.319006
7.24419 8.13701 0.325118
7.58198 7.79499 0.322628
7.63463 7.5026 0.314982
8.1694 7.58683 0.330668
7.36095 7.87031 0.317124
7.22863 7.81809 0.307264
7.5623 7.64466 0.318915
7.5623 7.64466 0.318915
7.16984 7.52772 0.349862
7.16984 7.52772 0.349862
7.08934 7.63752 0.32358
7.79533 7.4696 0.324874
7.47971 8.07789 0.351511
7.51136 7.7403 0.312573
7.41475 7.50467 0.336801
7.88238 7.95651 0.33117
7.62142 8.41615 0.325722
7.7288 8.04214 0.337485
7.58574 6.8744 0.332071
7.50278 7.60482 0.333145
7.62931 7.89779 0.347862
7.58524 7.58006 0.321209
7.85114 7.60363 0.330323
7.81193 7.59033 0.32184
7.44743 7.73217 0.33737
7.66989 7.44521 0.331007
7.6102 8.17133 0.326424
7.61858 7.79708 0.319222
7.61858 7.79708 0.319222
7.98566 8.01537 0.308788
7.85699 7.95769 0.312119
7.60183 7.37281 0.322934
7.52313 7.30709 0.310194
7.52313 7.30709 0.310194
7.60636 7.88989 0.31969
8.13287 7.8239 0.33357
7.96977 7.8812 0.341601
7.96977 7.8812 0.341601
7.90902 8.09491 0.331517
7.40965 8.07776 0.338706
7.69772 7.87297 0.315846
8.16251 7.97149 0.322454
7.52541 7.18857 0.308326
7.52541 7.18857 0.308326
7.99394 7.42766 0.326787
7.57155 8.28388 0.331128
7.57155 8.28388 0.331128
8.02195 7.68039 0.330602
7.86559 7.56779 0.315882
7.89314 7.90992 0.337809
7.42152 8.17685 0.311901
7.78217 7.76051 0.328923
7.78217 7.76051 0.328923
8.14041 7.79885 0.324555
8.14041 7.79885 0.324555
7.9192 7.40866 0.333046
7.75419 8.03486 0.322218
6.92585 7.59589 0.328414
7.07112 8.04699 0.306983
7.07112 8.04699 0.306983
7.60641 8.11384 0.331595
7.63299 7.33033 0.310112
7.37968 8.05819 0.323174
7.79534 8.16201 0.328238
7.79534 8.16201 0.328238
7.79143 7.91592 0.306552
7.80144 8.17851 0.316928
7.6975 8.08355 0.317756
7.09193 7.92074 0.312382
7.33592 7.88626 0.319193
7.67254 7.73872 0.33954
7.50408 8.39298 0.311
7.55486 8.25744 0.315148
7.3176 7.51386 0.32213
7.63611 7.08947 0.322559
7.63611 7.08947 0.322559
7.75592 8.03378 0.326472
7.98936 7.66904 0.3166
7.56607 7.4995 0.314741
7.56607 7.4995 0.314741
7.56607 7.4995 0.314741
7.56869 7.47724 0.318725
7.81121 7.18203 0.316251
7.90515 7.11013 0.323132
7.29646 8.27423 0.307441
7.29646 8.27423 0.307441
8.26119 7.58139 0.327121
7.6033 8.07745 0.347064
7.6033 8.07745 0.347064
7.93232 7.84749 0.316354
7.93232 7.84749 0.316354
7.49443 8.01368 0.326231
7.49443 8.01368 0.326231
8.03611 7.73251 0.317649
7.79804 7.96846 0.329437
7.79804 7.96846 0.329437
7.70007 7.62276 0.33007
7.93966 7.46814 0.33052
7.85049 7.60912 0.326024
7.85049 7.60912 0.326024
7.88714 7.63022 0.313956
7.84956 6.96976 0.322708
7.54059 7.34419 0.313568
7.71952 7.57724 0.32041
7.63201 7.67657 0.349439
7.74835 7.73797 0.325191
7.6367 8.32144 0.330547
7.6367 8.32144 0.330547
7.90241 8.06425 0.331077
7.32104 8.05091 0.308176
7.84672 8.09279 0.322843
8.09637 7.62695 0.308081
8.09816 7.57434 0.326033
8.09816 7.57434 0.326033
7.88069 7.61641 0.337837
7.15559 7.44664 0.319149
7.45116 7.48172 0.328943
7.45116 7.48172 0.328943
7.45116 7.48172 0.328943
7.45116 7.48172 0.328943
7.45116 7.48172 0.328943
7.41001 7.61617 0.335993
7.68729 7.95912 0.323059
7.55169 7.74684 0.31816
7.66471 7.80235 0.314553
7.78719 7.90189 0.344068
7.86882 7.8577 0.305295
7.42594 8.03267 0.320253
7.42075 7.61655 0.338069
7.26952 7.6945 0.330467
7.06108 7.56436 0.335324
7.06108 7.56436 0.335324
7.0859 7.80133 0.327421
7.31263 7.98437 0.31267
7.55766 7.70064 0.334431
7.55766 7.70064 0.334431
7.90962 7.23707 0.318209
7.49188 8.03658 0.316339
7.60167 7.65488 0.331652
7.66469 7.67475 0.322771
7.66469 7.67475 0.322771
7.30941 7.6943 0.347744
7.30941 7.6943 0.347744
7.30941 7.6943 0.347744
7.9063 7.94925 0.321191
7.51873 8.15551 0.335849
7.82813 8.36474 0.331266
7.92372 7.79628 0.327003
8.08892 7.93592 0.321781
7.91407 7.4609 0.327926
7.99422 7.34257 0.322435
7.55531 7.48526 0.340495
7.39594 7.83765 0.319801
7.77038 7.61243 0.324172
7.53732 7.90152 0.326943
7.53732 7.90152 0.326943
7.17948 7.7216 0.316534
7.43822 7.37804 0.337341
8.04546 7.83143 0.315173
7.16989 7.92715 0.322795
7.26462 6.76336 0.342238
7.00118 7.95854 0.314647
8.00614 8.20589 0.328565
8.04843 7.68309 0.345437
7.59304 7.30048 0.332446
7.59304 7.30048 0.332446
7.63442 7.70073 0.31366
7.29907 7.69481 0.32956
7.59339 8.32681 0.321394
7.77758 7.98675 0.342738
7.60538 7.31305 0.322287
7.60538 7.31305 0.322287
7.78995 7.65029 0.309324
7.869 7.98859 0.351548
7.82251 7.50414 0.318597
7.82251 7.50414 0.318597
7.20185 7.42009 0.321021
7.20185 7.42009 0.321021
8.07736 7.55651 0.312063
7.35366 7.65721 0.326403
7.49078 7.47393 0.331315
7.26395 7.92152 0.330341
7.84777 7.85024 0.321559
8.1818 7.77064 0.317881
7.98389 6.97077 0.332672
7.86912 8.09883 0.33012
7.86912 8.09883 0.33012
7.52239 7.74748 0.330703
8.26787 7.47368 0.314279
7.76991 7.13297 0.331731
7.6372 7.44877 0.325907
7.6372 7.44877 0.325907
7.479 7.98277 0.303065
7.43396 7.4922 0.326066
7.36994 7.56473 0.336635
7.90861 8.08376 0.319037
7.90861 8.08376 0.319037
8.22482 7.55282 0.332784
7.98581 7.84526 0.326756
8.00962 7.33817 0.317441
7.25909 7.65681 0.310551
7.83491 7.96387 0.339299
7.45692 7.02987 0.34366
7.45692 7.02987 0.34366
7.29133 7.47198 0.32593
7.60819 8.10368 0.333788
7.05462 7.69892 0.308846
7.31962 7.46697 0.323712
7.59025 7.87073 0.330789
7.83533 7.77332 0.334605
7.83533 7.77332 0.334605
7.24731 7.04737 0.344881
7.39561 7.83129 0.33327
7.69253 7.8462 0.321968
7.98283 7.5656 0.336811
7.6486 7.79205 0.306276
7.7619 7.68979 0.321058
7.7619 7.68979 0.321058
7.81085 7.41481 0.321532
7.81085 7.41481 0.321532
7.86166 7.66118 0.296386
7.86166 7.66118 0.296386
7.23517 7.61993 0.324483
7.23517 7.61993 0.324483
7.5482 7.35678 0.331394
7.68734 7.60243 0.32689
7.86937 8.04648 0.324695
7.86937 8.04648 0.324695
7.58263 8.07155 0.322995
6.98762 7.9598 0.310238
7.49132 8.17842 0.3236
7.48793 7.73424 0.343696
8.04041 7.84199 0.325148
7.56326 7.94588 0.326109
7.99229 7.42616 0.335097
7.99229 7.42616 0.335097
7.66854 7.37083 0.334825
7.4858 7.4811 0.316361
7.94801 7.49924 0.321262
8.00726 7.87969 0.305877
8.00726 7.87969 0.305877
7.12816 7.56244 0.297423
7.65418 7.68964 0.330399
7.88779 7.62383 0.331535
7.88779 7.62383 0.331535
7.47918 7.53022 0.331694
8.11812 7.22298 0.314831
7.56869 7.12738 0.332418
8.13683 7.07818 0.306614
7.70164 7.68688 0.313734
7.70164 7.68688 0.313734
7.70164 7.68688 0.313734
7.75503 7.29991 0.337891
7.75503 7.29991 0.337891
7.70383 7.79822 0.34608
8.2126 7.39849 0.315189
8.2126 7.39849 0.315189
7.77885 7.67875 0.322485
7.72159 7.91359 0.319118
7.33124 7.78001 0.307021
7.22129 7.48919 0.308205
8.01504 7.50488 0.322793
8.01504 7.50488 0.322793
7.98611 7.51666 0.333356
7.89449 7.84493 0.321285
8.30565 8.02665 0.324152
7.63466 8.0567 0.339685
7.71404 8.01965 0.32954
7.71404 8.01965 0.32954
7.60919 7.94183 0.330028
7.81482 7.86962 0.331899
7.61884 7.34397 0.32728
7.61884 7.34397 0.32728
7.84269 7.72157 0.316083
7.84269 7.72157 0.316083
8.00554 7.63687 0.332189
8.00554 7.63687 0.332189
7.99193 7.71834 0.328727
7.69272 7.27131 0.313512
7.48011 7.75238 0.323028
7.55598 7.30421 0.350836
7.40592 7.77971 0.333341
7.44978 7.88051 0.33251
7.44978 7.88051 0.33251
7.77432 7.13913 0.33897
7.77432 7.13913 0.33897
8.02293 7.68051 0.336185
8.02293 7.68051 0.336185
7.7607 7.58816 0.330576
7.81055 8.00663 0.324161
7.64547 7.57499 0.327729
7.64547 7.57499 0.327729
7.76378 7.42439 0.317269
7.24002 7.81104 0.323056
7.24002 7.81104 0.323056
7.76613 7.5808 0.328853
7.69626 7.7786 0.321977
7.79524 7.02523 0.310056
7.79524 7.02523 0.310056
7.74628 7.30424 0.34056
7.662 7.22497 0.329261
8.05747 8.00521 0.335457
8.02878 7.85242 0.328809
8.02878 7.85242 0.328809
8.02878 7.85242 0.328809
8.15884 7.78624 0.320251
8.15884 7.78624 0.320251
7.6079 7.55608 0.337582
7.64642 6.98007 0.318199
7.87381 7.33523 0.329961
8.02748 7.34627 0.3282
8.02748 7.34627 0.3282
7.86496 7.54851 0.33116
7.86496 7.54851 0.33116
7.86496 7.54851 0.33116
7.73105 7.13848 0.339577
7.40668 7.85658 0.310558
7.59744 7.39381 0.314698
7.59744 7.39381 0.314698
7.65149 7.60552 0.332165
7.59169 7.91468 0.320655
8.04952 7.64152 0.333692
7.31905 7.95859 0.324066
7.70325 7.8794 0.324036
7.59959 7.55084 0.328014
7.59959 7.55084 0.328014
7.27619 7.11297 0.317508
8.13824 7.59524 0.327676
8.13824 7.59524 0.327676
7.53275 8.11846 0.313902
8.03368 7.56343 0.32013
8.03368 7.56343 0.32013
7.38571 7.50446 0.325822
7.83276 7.70696 0.315854
7.79927 7.97075 0.328735
7.43433 7.33644 0.319918
7.43433 7.33644 0.319918
8.09129 7.57473 0.334427
7.40769 7.62844 0.32476
7.12882 7.92529 0.319931
7.6068 7.92178 0.336121
7.9403 7.48052 0.341307
7.98056 7.79639 0.322823
7.98056 7.79639 0.322823
7.63811 7.70762 0.337446
7.74122 7.60953 0.302469
7.85964 7.32899 0.328211
7.76636 7.719 0.320658
7.65302 7.93549 0.302998
8.24605 7.44513 0.32597
7.46279 7.19118 0.322814
7.32867 7.68722 0.323287
7.6161 7.42911 0.3509
8.10846 8.02735 0.324229
8.10846 8.02735 0.324229
7.65861 8.06289 0.332038
8.03144 7.6235 0.315627
7.81102 7.38908 0.332039
7.77076 7.60822 0.306754
7.77076 7.60822 0.306754
7.95351 7.69005 0.322975
7.61002 7.43281 0.327849
7.50946 8.08946 0.320395
7.70194 7.93683 0.324811
7.63132 7.35792 0.345164
7.6031 8.24574 0.321301
7.39231 7.90268 0.302433
7.56721 7.75284 0.324941
7.05229 7.70658 0.323775
7.36264 7.87462 0.330548
7.29041 8.01459 0.323321
7.37617 7.55101 0.303443
7.76944 8.02437 0.330865
7.76944 8.02437 0.330865
7.61764 6.81755 0.320902
7.31463 8.33458 0.34241
7.57049 7.88392 0.324519
7.59371 7.63209 0.322913
7.66651 7.67037 0.316096
7.59918 7.58902 0.319316
7.27357 7.48541 0.306167
7.42681 8.43238 0.331808
7.66205 7.11449 0.333635
7.53044 8.09416 0.305345
7.25242 7.53484 0.338791
7.25242 7.53484 0.338791
7.01467 7.62282 0.315715
7.21231 7.74705 0.32416
8.27277 7.51913 0.321615
8.07805 7.32964 0.32612
7.47187 7.60073 0.328185
7.51411 7.97965 0.332132
7.51411 7.97965 0.332132
8.4892 8.02276 0.327908
7.44117 7.84005 0.324332
7.64336 7.36408 0.33159
7.92442 8.06082 0.325845
7.92442 8.06082 0.325845
6.48469 5.98098 0.307259
6.93113 6.20204 0.32222
6.15105 6.19805 0.311619
6.6964 6.64514 0.322599
6.44404 6.53201 0.31412
6.19569 6.35717 0.328973
6.29729 6.63992 0.296038
6.59257 6.61948 0.302479
6.59257 6.61948 0.302479
6.13504 6.75063 0.317568
6.40225 6.46289 0.29822
6.18507 6.09438 0.298799
6.18507 6.09438 0.298799
6.18507 6.09438 0.298799
6.23471 6.70465 0.307468
6.0741 6.6291 0.314238
6.51715 6.44169 0.316535
6.51715 6.44169 0.316535
6.57185 6.40215 0.327272
6.39995 6.25685 0.316888
6.39995 6.25685 0.316888
6.39995 6.25685 0.316888
6.84507 6.88261 0.321731
6.84507 6.88261 0.321731
6.06584 6.29906 0.309986
6.56447 6.45243 0.318016
6.56447 6.45243 0.318016
6.15788 6.17268 0.317918
6.15788 6.17268 0.317918
6.72678 5.62095 0.306712
6.72678 5.62095 0.306712
6.50781 6.60748 0.331179
6.50781 6.60748 0.331179
6.53746 6.17977 0.332962
6.53746 6.17977 0.332962
6.53746 6.17977 0.332962
6.53746 6.17977 0.332962
5.95716 5.96402 0.325641
5.95716 5.96402 0.325641
6.46114 6.81866 0.333771
6.47676 6.03579 0.315693
6.47676 6.03579 0.315693
6.47676 6.03579 0.315693
6.47676 6.03579 0.315693
6.47676 6.03579 0.315693
6.47676 6.03579 0.315693
6.61927 6.12861 0.320661
6.61927 6.12861 0.320661
6.61927 6.12861 0.320661
6.06111 6.43694 0.301991
6.57483 6.14697 0.32603
6.57483 6.14697 0.32603
6.57483 6.14697 0.32603
6.57483 6.14697 0.32603
6.57483 6.14697 0.32603
6.07486 6.47272 0.329509
6.07486 6.47272 0.329509
6.07486 6.47272 0.329509
6.85289 6.45662 0.339343
5.62924 6.82519 0.336159
6.61862 6.55559 0.310184
6.61862 6.55559 0.310184
6.07855 6.10829 0.324122
6.38768 6.36303 0.320405
6.99653 6.23503 0.31874
6.99653 6.23503 0.31874
6.99653 6.23503 0.31874
6.99653 6.23503 0.31874
5.95878 6.39706 0.32915
6.11813 6.62327 0.305676
6.4801 6.58268 0.32377
6.05169 6.39712 0.313161
6.34926 6.68377 0.318245
6.15714 6.36708 0.309154
6.47063 6.23706 0.32138
6.47063 6.23706 0.32138
6.47063 6.23706 0.32138
7.10607 6.81347 0.322385
6.4647 6.34352 0.320529
6.19106 6.35263 0.311313
6.19106 6.35263 0.311313
6.19106 6.35263 0.311313
6.19106 6.35263 0.311313
5.76093 6.14968 0.306886
6.4587 6.23873 0.323548
6.4587 6.23873 0.323548
6.4587 6.23873 0.323548
6.4587 6.23873 0.323548
6.4587 6.23873 0.323548
6.4587 6.23873 0.323548
6.64309 6.27588 0.318931
6.64309 6.27588 0.318931
6.4247 6.42771 0.31587
6.4247 6.42771 0.31587
6.4247 6.42771 0.31587
6.18928 6.22665 0.329631
6.48199 5.9845 0.320171
6.29651 6.01056 0.296161
6.29651 6.01056 0.296161
6.39023 6.16039 0.30962
6.39023 6.16039 0.30962
6.27551 6.50314 0.325212
6.70345 6.54843 0.324577
6.07786 5.92516 0.333179
7.10417 6.54611 0.323071
7.10417 6.54611 0.323071
5.93983 6.45715 0.317529
6.51677 6.30545 0.290011
6.51677 6.30545 0.290011
6.51677 6.30545 0.290011
6.58405 6.06189 0.319836
6.58405 6.06189 0.319836
6.8218 6.31233 0.322476
6.59263 6.19645 0.313154
5.87002 6.14703 0.31415
5.87002 6.14703 0.31415
6.2371 7.02685 0.333766
6.2371 7.02685 0.333766
6.06917 6.63705 0.313827
6.06917 6.63705 0.313827
6.32053 7.0576 0.313306
5.85173 6.74775 0.297055
5.85173 6.74775 0.297055
5.85173 6.74775 0.297055
5.85173 6.74775 0.297055
7.06648 6.27037 0.309049
6.2311 6.51915 0.317374
6.2311 6.51915 0.317374
6.2311 6.51915 0.317374
6.2311 6.51915 0.317374
6.2311 6.51915 0.317374
6.1694 6.19747 0.311215
6.1694 6.19747 0.311215
6.62995 6.78145 0.303771
6.39977 6.41305 0.303175
6.39977 6.41305 0.303175
6.39977 6.41305 0.303175
6.39977 6.41305 0.303175
6.69951 6.4976 0.317582
6.37947 5.78096 0.319125
6.52465 5.57296 0.319095
6.52465 5.57296 0.319095
6.19161 6.05825 0.306913
6.43929 5.74338 0.341141
6.43929 5.74338 0.341141
6.45245 5.85735 0.316558
6.06283 6.15171 0.319748
6.06283 6.15171 0.319748
6.45589 6.05782 0.321264
6.53316 6.21854 0.312037
6.53316 6.21854 0.312037
6.10315 6.75396 0.301495
6.10315 6.75396 0.301495
6.10315 6.75396 0.301495
6.10315 6.75396 0.301495
6.43845 5.7396 0.30672
6.43845 5.7396 0.30672
6.68683 6.78725 0.330159
6.68683 6.78725 0.330159
6.68683 6.78725 0.330159
6.68683 6.78725 0.330159
6.08129 6.39263 0.316217
6.08129 6.39263 0.316217
5.93208 5.94553 0.316746
6.00895 6.02644 0.308627
6.3619 6.72095 0.307154
6.3554 6.48554 0.340006
6.3554 6.48554 0.340006
6.3554 6.48554 0.340006
5.68529 6.50481 0.308409
6.75252 6.52432 0.308365
6.75252 6.52432 0.308365
5.85123 5.80429 0.29761
6.25079 6.56029 0.310284
6.25079 6.56029 0.310284
6.25079 6.56029 0.310284
6.25079 6.56029 0.310284
5.83449 6.1481 0.311433
5.83449 6.1481 0.311433
6.29734 6.22545 0.318338
6.08086 6.38532 0.312933
6.08086 6.38532 0.312933
6.54108 6.33303 0.333132
6.15755 6.72358 0.330734
6.15755 6.72358 0.330734
6.28485 5.65429 0.32227
6.63846 6.07798 0.305795
6.0375 6.24343 0.317061
6.0375 6.24343 0.317061
6.0375 6.24343 0.317061
6.56755 6.44708 0.327789
6.56755 6.44708 0.327789
6.26725 5.95211 0.309134
6.23052 6.53332 0.310949
6.67763 6.28202 0.313666
6.67763 6.28202 0.313666
6.43402 6.5864 0.329495
6.43402 6.5864 0.329495
6.41922 6.41559 0.338426
6.41909 6.30988 0.314453
5.94759 6.42542 0.307957
6.34548 6.17446 0.341729
6.34548 6.17446 0.341729
6.34548 6.17446 0.341729
6.64089 6.53703 0.323694
6.3493 6.43305 0.320913
6.15887 6.1793 0.313027
6.15887 6.1793 0.313027
6.23749 6.62171 0.300841
6.0606 6.62536 0.315766
5.7556 6.52114 0.336546
5.7556 6.52114 0.336546
6.67301 5.88789 0.308125
6.30298 6.22168 0.327338
6.13939 6.16137 -0.00115984
6.50298 6.25559 0.296909
6.50298 6.25559 0.296909
6.32054 6.78877 0.309192
6.7337 6.21424 0.308087
5.97982 6.21786 0.325784
5.97982 6.21786 0.325784
6.29179 6.76115 0.324705
6.04959 5.9256 0.336923
6.04959 5.9256 0.336923
6.85444 6.32351 0.3276
6.65796 6.10279 0.314698
6.42779 6.35618 0.309909
6.42779 6.35618 0.309909
6.88703 7.14913 0.299604
6.88703 7.14913 0.299604
6.72105 6.75223 0.293994
6.59384 7.2032 0.320952
6.59384 7.2032 0.320952
6.92715 6.95417 0.299862
6.74102 6.58702 0.291044
6.80865 7.51051 0.308353
7.10713 6.71195 0.311534
7.09742 6.6968 0.296809
7.09742 6.6968 0.296809
7.09742 6.6968 0.296809
7.09742 6.6968 0.296809
6.76801 6.84542 0.300373
7.08809 6.69425 0.293003
7.18072 6.85904 0.293695
6.58443 6.87946 0.282936
6.39798 7.2772 0.30064
6.35636 6.63181 0.29718
6.35636 6.63181 0.29718
6.75095 6.49711 0.30576
6.75095 6.49711 0.30576
7.6198 6.83423 0.299986
7.6198 6.83423 0.299986
6.07457 6.97643 0.296088
6.07457 6.97643 0.296088
6.34286 6.68119 0.298196
6.95806 5.98621 0.300674
6.70059 7.44755 0.298217
6.73202 5.94625 0.305443
6.73202 5.94625 0.305443
6.80031 7.32682 0.291225
6.91947 6.66916 0.290699
6.66915 7.14727 0.302148
7.22448 6.91735 0.291601
7.22448 6.91735 0.291601
6.8737 7.11882 0.306556
6.90721 6.69042 0.291918
6.78319 6.79367 0.301938
6.78319 6.79367 0.301938
6.70614 6.8985 0.3004
6.70614 6.8985 0.3004
6.67885 6.78709 0.294617
6.62377 6.68929 0.295818
6.62377 6.68929 0.295818
6.62377 6.68929 0.295818
7.22717 6.28006 0.297675
7.22717 6.28006 0.297675
6.7543 6.88466 0.30273
6.7543 6.88466 0.30273
6.54226 6.33674 0.292359
6.54226 6.33674 0.292359
6.54226 6.33674 0.292359
6.54835 6.48714 0.297062
6.54835 6.48714 0.297062
6.73545 6.91504 0.302479
6.73545 6.91504 0.302479
6.73545 6.91504 0.302479
6.73545 6.91504 0.302479
6.73545 6.91504 0.302479
6.49001 7.08482 0.296082
6.55346 6.23777 0.311258
6.2676 6.98699 0.301782
6.91236 6.60608 0.304429
6.7606 6.42001 0.305989
6.7606 6.42001 0.305989
6.52882 6.84761 0.309652
6.57013 6.8455 0.306743
6.57013 6.8455 0.306743
6.57013 6.8455 0.306743
6.57013 6.8455 0.306743
6.57013 6.8455 0.306743
6.57013 6.8455 0.306743
6.52284 6.45484 0.310429
6.70045 7.00687 0.310218
6.70045 7.00687 0.310218
6.70045 7.00687 0.310218
6.81789 6.69674 0.299045
6.81789 6.69674 0.299045
6.63277 6.69209 0.284075
6.63277 6.69209 0.284075
6.74205 6.83303 0.299587
6.74205 6.83303 0.299587
7.18994 7.03164 0.299978
6.61313 6.97519 0.297256
6.92008 6.63898 0.304395
