11.3528 11.3776 0.301853
13.1717 13.1988 0.295595
17.4042 17.8942 0.284772
9.98836 9.22669 0.294127
7.77147 7.61535 0.299868
24.0654 23.9651 0.270039
16.4344 16.8535 0.281515
22.4534 22.2854 0.27058
5.95039 6.71278 0.00192008
20.8324 20.6257 0.259427
11.3271 11.9821 0.313649
20.743 20.5869 0.243734
16.0587 15.7292 0.318592
16.2032 15.9965 0.292768
31.4839 31.8388 0.201705
10.8895 10.5601 0.327694
34.6531 34.9555 0.200627
34.4622 35.2246 0.194155
19.3748 19.0055 0.275815
12.8201 13.2115 0.301444
29.9812 30.2463 0.224626
9.5903 10.0193 0.311043
20.9975 20.802 0.281958
27.8771 27.9785 0.21889
11.3271 11.9821 0.313649
36.2181 35.4564 0.190742
11.9624 12.0525 0.304642
27.4563 27.4745 0.214933
10.7197 10.6194 0.333591
11.2885 11.4187 0.317347
32.1572 32.1754 0.182777
26.1601 26.1484 0.213712
6.63728 6.66439 0.29874
32.3942 32.3612 0.201874
36.8847 36.73 0.173334
15.4497 15.3771 0.290848
10.0759 10.8416 0.314738
39.2625 39.2138 0.168559
39.6675 39.4966 0.161102
10.3778 10.4792 0.28731
14.9555 14.2265 0.292377
22.2132 21.7731 0.255546
15.2874 15.567 0.284193
35.7721 35.5653 0.192217
18.298 17.9685 0.298419
32.7507 33.5131 0.205309
22.9475 22.7795 0.264937
10.9446 10.4187 0.310374
20.8937 20.9118 0.267489
14.0762 13.8435 0.277601
20.743 20.5869 0.243734
7.7201 7.56812 0.329119
19.2758 19.6126 0.28139
10.7197 10.6194 0.333591
24.9557 25.0914 0.247399
16.2032 15.9965 0.292768
10.3778 10.4792 0.28731
9.38676 9.21869 0.309483
16.0587 15.7292 0.318592
15.4497 15.3771 0.290848
9.75382 8.97282 0.30782
11.2885 11.4187 0.317347
39.7502 40.2207 0.178638
16.5589 16.1939 0.25512
28.9438 28.9218 0.232835
28.1929 28.1155 0.230044
34.5476 35.1462 0.1892
32.5551 32.4633 0.219976
35.6275 35.2981 0.218042
10.1509 9.62505 0.317959
27.41 26.3203 0.235805
18.8795 19.3555 0.261025
18.298 17.9685 0.298419
6.29217 6.34845 0.315809
29.8238 29.9252 0.209669
20.8324 20.6257 0.259427
35.4651 35.6281 0.218204
10.8235 10.8798 0.310114
27.0556 27.0827 0.222249
10.4728 10.266 0.299113
9.5903 10.0193 0.311043
16.0587 15.7292 0.318592
22.8236 22.4544 0.277171
27.254 27.683 0.217443
26.7539 26.116 0.243464
31.9523 31.9993 0.190278
40.883 41.7141 0.183876
26.1582 26.495 0.24146
14.9555 14.2265 0.292377
20.0178 20.4241 0.266637
19.5649 18.6535 0.297894
18.2397 18.5048 0.2826
30.1396 30.0621 0.220823
29.8238 29.9252 0.209669
39.6675 39.4966 0.161102
30.923 31.1637 0.205858
26.4588 26.3875 0.24176
34.2634 35.0945 0.198042
26.1582 26.495 0.24146
26.4694 26.3968 0.239085
37.8219 37.1839 0.210296
37.072 37.0969 0.207225
37.3861 37.1793 0.200615
37.3861 37.1793 0.200615
37.3861 37.1793 0.200615
37.1054 37.5815 0.206296
36.7239 37.4896 0.223092
36.7239 37.4896 0.223092
36.7239 37.4896 0.223092
36.6605 37.3934 0.234575
36.5804 36.9173 0.208317
37.5727 37.492 0.207209
37.5373 37.4647 0.205917
37.2945 37.3416 0.209952
37.2945 37.3416 0.209952
37.2945 37.3416 0.209952
37.6541 37.4833 0.201588
36.6784 37.4702 0.209762
36.6784 37.4702 0.209762
37.165 37.1533 0.200388
37.165 37.1533 0.200388
37.165 37.1533 0.200388
37.2939 37.3326 0.229688
37.2939 37.3326 0.229688
37.2939 37.3326 0.229688
37.2902 36.7891 0.204104
37.2902 36.7891 0.204104
36.994 37.4646 0.21485
36.994 37.4646 0.21485
36.994 37.4646 0.21485
37.4149 36.8658 0.210337
37.4149 36.8658 0.210337
37.4149 36.8658 0.210337
37.1755 37.2317 0.20886
37.1755 37.2317 0.20886
36.9969 37.2303 0.210372
37.4607 36.6797 0.201738
37.4607 36.6797 0.201738
37.4607 36.6797 0.201738
36.7172 37.0327 0.211314
36.7172 37.0327 0.211314
36.7172 37.0327 0.211314
36.7172 37.0327 0.211314
36.9903 36.5502 0.199461
36.9903 36.5502 0.199461
36.9903 36.5502 0.199461
36.9903 36.5502 0.199461
36.9903 36.5502 0.199461
37.2983 37.0655 0.202676
37.2983 37.0655 0.202676
37.2983 37.0655 0.202676
37.2453 37.0933 0.214173
37.3486 37.194 0.189794
37.398 37.2778 0.212836
37.5802 37.5368 0.204406
37.5802 37.5368 0.204406
37.5802 37.5368 0.204406
37.5802 37.5368 0.204406
37.1832 37.4484 0.210621
37.2545 36.343 0.228337
37.2545 36.343 0.228337
37.2276 37.0685 0.231359
37.2276 37.0685 0.231359
37.1819 37.7975 0.1997
37.1819 37.7975 0.1997
37.1819 37.7975 0.1997
37.1819 37.7975 0.1997
37.1819 37.7975 0.1997
37.1819 37.7975 0.1997
37.1819 37.7975 0.1997
37.1819 37.7975 0.1997
37.1819 37.7975 0.1997
30.0657 29.974 0.231058
30.3353 30.2627 0.219922
29.8696 29.7693 0.246342
29.8696 29.7693 0.246342
29.8696 29.7693 0.246342
29.8696 29.7693 0.246342
29.9629 29.9512 0.214394
29.9629 29.9512 0.214394
29.9629 29.9512 0.214394
29.9629 29.9512 0.214394
29.9629 29.9512 0.214394
29.9629 29.9512 0.214394
29.9629 29.9512 0.214394
29.9629 29.9512 0.214394
29.9629 29.9512 0.214394
29.9629 29.9512 0.214394
29.9629 29.9512 0.214394
29.9734 30.0297 0.222866
29.9734 30.0297 0.222866
29.9734 30.0297 0.222866
29.9734 30.0297 0.222866
29.9734 30.0297 0.222866
29.9734 30.0297 0.222866
29.9734 30.0297 0.222866
29.9734 30.0297 0.222866
29.7948 30.0283 0.224377
30.2587 29.4777 0.215743
30.2587 29.4777 0.215743
15.062 14.4837 0.304337
15.062 14.4837 0.304337
15.062 14.4837 0.304337
15.062 14.4837 0.304337
15.062 14.4837 0.304337
15.062 14.4837 0.304337
15.062 14.4837 0.304337
15.062 14.4837 0.304337
15.062 14.4837 0.304337
15.062 14.4837 0.304337
15.062 14.4837 0.304337
15.062 14.4837 0.304337
15.062 14.4837 0.304337
15.062 14.4837 0.304337
15.062 14.4837 0.304337
15.062 14.4837 0.304337
15.062 14.4837 0.304337
15.062 14.4837 0.304337
15.062 14.4837 0.304337
15.062 14.4837 0.304337
15.062 14.4837 0.304337
15.062 14.4837 0.304337
15.062 14.4837 0.304337
15.062 14.4837 0.304337
22.4838 22.2916 0.262627
22.4838 22.2916 0.262627
22.4838 22.2916 0.262627
22.4838 22.2916 0.262627
22.4838 22.2916 0.262627
22.4838 22.2916 0.262627
22.4838 22.2916 0.262627
22.4838 22.2916 0.262627
22.4838 22.2916 0.262627
22.4838 22.2916 0.262627
22.2077 22.5085 0.274024
22.2077 22.5085 0.274024
22.2077 22.5085 0.274024
22.2077 22.5085 0.274024
22.2077 22.5085 0.274024
22.2077 22.5085 0.274024
22.2077 22.5085 0.274024
22.2077 22.5085 0.274024
22.2077 22.5085 0.274024
22.2077 22.5085 0.274024
22.2077 22.5085 0.274024
22.2077 22.5085 0.274024
22.2077 22.5085 0.274024
22.2077 22.5085 0.274024
22.2077 22.5085 0.274024
22.3244 22.3222 0.262941
22.0165 22.3166 0.288847
22.0165 22.3166 0.288847
22.0165 22.3166 0.288847
22.0165 22.3166 0.288847
22.0165 22.3166 0.288847
22.0165 22.3166 0.288847
22.4047 21.8986 0.262154
22.4047 21.8986 0.262154
23.2459 22.3945 0.275458
23.2459 22.3945 0.275458
23.2459 22.3945 0.275458
22.8751 22.643 0.257229
22.8751 22.643 0.257229
22.274 22.573 0.260343
22.274 22.573 0.260343
22.274 22.573 0.260343
22.274 22.573 0.260343
22.274 22.573 0.260343
22.274 22.573 0.260343
22.274 22.573 0.260343
22.274 22.573 0.260343
22.274 22.573 0.260343
22.274 22.573 0.260343
22.274 22.573 0.260343
22.274 22.573 0.260343
22.274 22.573 0.260343
22.274 22.573 0.260343
22.274 22.573 0.260343
22.274 22.573 0.260343
22.274 22.573 0.260343
22.274 22.573 0.260343
22.274 22.573 0.260343
22.274 22.573 0.260343
22.274 22.573 0.260343
22.274 22.573 0.260343
22.274 22.573 0.260343
22.274 22.573 0.260343
22.274 22.573 0.260343
22.274 22.573 0.260343
22.1247 22.6633 0.269208
22.1247 22.6633 0.269208
22.1247 22.6633 0.269208
22.1247 22.6633 0.269208
22.1247 22.6633 0.269208
22.1247 22.6633 0.269208
22.1247 22.6633 0.269208
22.5158 22.0723 0.2704
22.5158 22.0723 0.2704
22.5158 22.0723 0.2704
22.5158 22.0723 0.2704
25.2483 24.8378 0.260539
25.2483 24.8378 0.260539
25.2483 24.8378 0.260539
25.2483 24.8378 0.260539
25.2483 24.8378 0.260539
25.2483 24.8378 0.260539
25.2483 24.8378 0.260539
25.2483 24.8378 0.260539
25.2483 24.8378 0.260539
24.7646 24.4093 0.263782
24.7646 24.4093 0.263782
24.7646 24.4093 0.263782
24.7646 24.4093 0.263782
24.7646 24.4093 0.263782
24.7646 24.4093 0.263782
24.7646 24.4093 0.263782
25.2283 24.7545 0.245973
25.2283 24.7545 0.245973
25.2283 24.7545 0.245973
25.2283 24.7545 0.245973
24.9591 24.8418 0.265457
19.4803 19.4763 0.294976
19.4803 19.4763 0.294976
19.4803 19.4763 0.294976
19.4803 19.4763 0.294976
19.4782 19.4897 0.260331
19.4782 19.4897 0.260331
19.4782 19.4897 0.260331
19.4782 19.4897 0.260331
19.4782 19.4897 0.260331
19.4782 19.4897 0.260331
19.4782 19.4897 0.260331
19.4782 19.4897 0.260331
19.4329 19.9025 0.273626
19.4329 19.9025 0.273626
19.4329 19.9025 0.273626
19.4329 19.9025 0.273626
19.4329 19.9025 0.273626
19.2104 19.3939 0.278826
19.2104 19.3939 0.278826
19.2104 19.3939 0.278826
19.2104 19.3939 0.278826
19.2104 19.3939 0.278826
19.2104 19.3939 0.278826
19.2104 19.3939 0.278826
19.2104 19.3939 0.278826
19.6268 19.7279 0.261867
19.6268 19.7279 0.261867
19.6268 19.7279 0.261867
19.6268 19.7279 0.261867
19.1295 19.7143 0.281426
19.1295 19.7143 0.281426
19.1295 19.7143 0.281426
19.1295 19.7143 0.281426
19.1295 19.7143 0.281426
19.1295 19.7143 0.281426
19.1295 19.7143 0.281426
19.1295 19.7143 0.281426
19.1295 19.7143 0.281426
19.1295 19.7143 0.281426
19.1295 19.7143 0.281426
19.1295 19.7143 0.281426
19.1295 19.7143 0.281426
19.1295 19.7143 0.281426
19.1295 19.7143 0.281426
19.1295 19.7143 0.281426
19.1295 19.7143 0.281426
20.2662 19.6549 0.29161
20.2662 19.6549 0.29161
20.2662 19.6549 0.29161
20.2662 19.6549 0.29161
20.2662 19.6549 0.29161
19.331 19.776 0.273489
19.331 19.776 0.273489
19.4044 20.2569 0.285569
19.6291 19.6938 0.287923
19.6291 19.6938 0.287923
19.6291 19.6938 0.287923
19.6291 19.6938 0.287923
19.6291 19.6938 0.287923
19.6291 19.6938 0.287923
19.6291 19.6938 0.287923
19.6291 19.6938 0.287923
19.6291 19.6938 0.287923
19.4507 19.2871 0.268169
31.659 31.6073 0.193276
31.659 31.6073 0.193276
31.659 31.6073 0.193276
31.659 31.6073 0.193276
31.9478 31.9085 0.18828
31.9478 31.9085 0.18828
31.9478 31.9085 0.18828
31.9478 31.9085 0.18828
31.9478 31.9085 0.18828
31.9478 31.9085 0.18828
31.9478 31.9085 0.18828
31.9478 31.9085 0.18828
31.9478 31.9085 0.18828
31.9478 31.9085 0.18828
31.9478 31.9085 0.18828
