26.704 27.0953 0.228099
39.585 39.7876 0.170549
20.0885 20.5076 0.290812
8.73661 9.07348 0.303305
13.6923 13.3428 0.288881
19.4936 19.7588 0.280178
10.1126 10.2139 0.294161
23.7188 23.3032 0.246732
9.5903 10.0193 0.311043
26.4694 26.3968 0.239085
26.4694 26.3968 0.239085
43.2487 43.2668 0.163727
9.5903 10.0193 0.311043
15.4497 15.3771 0.290848
27.41 26.3203 0.235805
35.7721 35.5653 0.192217
14.6529 14.6041 0.283581
44.9642 44.8868 0.165538
15.831 16.2275 0.283055
41.884 41.8033 0.185982
45.1493 45.0781 0.167311
22.3479 22.4181 0.262509
23.044 23.2848 0.24787
13.2839 13.3401 0.290723
9.98836 9.22669 0.294127
36.701 36.6893 0.183929
14.6298 14.9667 0.282827
18.8795 19.3555 0.261025
25.1179 25.0261 0.255791
33.0018 32.7119 0.211183
47.7322 47.7793 0.177754
7.94892 8.07917 0.327881
47.3666 48.129 0.179259
34.8305 35.2595 0.187659
14.854 15.341 0.276469
22.9475 22.7795 0.264937
35.5698 35.2804 0.208315
7.76867 7.80736 0.344634
32.0726 31.5235 0.190663
24.0514 24.0696 0.253401
16.3545 16.2819 0.298069
6.29217 6.34845 0.315809
43.0996 42.8668 0.157726
16.3545 16.2819 0.298069
43.0985 43.5275 0.160011
10.1509 9.62505 0.317959
16.111 16.1497 0.32184
22.8236 22.4544 0.277171
34.6387 35.1147 0.188994
41.2584 41.3942 0.177192
6.29217 6.34845 0.315809
10.7197 10.6194 0.333591
26.1813 26.1325 0.242214
39.8025 40.4575 0.182809
28.6233 28.1023 0.223838
36.701 36.6893 0.183929
11.3528 11.3776 0.301853
44.669 45.324 0.177741
16.4344 16.8535 0.281515
44.3881 44.2964 0.181191
16.8992 16.3733 0.275651
20.0885 20.5076 0.290812
34.2634 35.0945 0.198042
10.7993 10.8174 0.300323
15.5643 15.9557 0.307769
10.3423 9.90214 0.291107
22.9475 22.7795 0.264937
22.9475 22.7795 0.264937
27.41 26.3203 0.235805
32.4712 32.1817 0.219636
16.0671 16.1685 0.259438
37.5511 37.3556 0.223147
35.3149 36.0773 0.203059
36.701 36.6893 0.183929
27.0556 27.0827 0.222249
30.6947 30.7218 0.218197
9.5903 10.0193 0.311043
43.2169 43.0649 0.186131
37.4607 36.6797 0.201738
15.2874 15.567 0.284193
15.4497 15.3771 0.290848
6.26867 7.09974 0.304316
28.3441 29.077 0.256271
18.298 17.9685 0.298419
41.6085 42.0375 0.183734
33.0018 32.7119 0.211183
26.4694 26.3968 0.239085
37.1069 37.0739 0.19895
22.9446 22.7855 0.2818
28.1929 28.1155 0.230044
26.1582 26.495 0.24146
10.4728 10.266 0.299113
22.2132 21.7731 0.255546
16.5589 16.1939 0.25512
13.2839 13.3401 0.290723
14.0762 13.8435 0.277601
11.3271 11.9821 0.313649
12.8201 13.2115 0.301444
43.3624 43.1878 0.186984
15.4963 15.1468 0.29195
41.1413 40.9615 0.192818
41.1413 40.9615 0.192818
41.1413 40.9615 0.192818
41.1413 40.9615 0.192818
41.1413 40.9615 0.192818
41.1413 40.9615 0.192818
41.1413 40.9615 0.192818
41.2507 41.1801 0.175048
41.4912 41.944 0.192031
41.3616 41.667 0.188131
41.0924 41.5519 0.186534
41.0924 41.5519 0.186534
41.5608 41.7718 0.177072
41.5608 41.7718 0.177072
41.394 41.4898 0.167614
41.394 41.4898 0.167614
41.7893 41.6311 0.186369
41.7893 41.6311 0.186369
41.7893 41.6311 0.186369
41.7893 41.6311 0.186369
41.7893 41.6311 0.186369
41.7893 41.6311 0.186369
41.7893 41.6311 0.186369
41.6136 41.8064 0.217544
41.6136 41.8064 0.217544
41.6136 41.8064 0.217544
41.6136 41.8064 0.217544
41.6136 41.8064 0.217544
41.6136 41.8064 0.217544
42.2992 41.1933 0.197533
42.2992 41.1933 0.197533
41.8379 41.9689 0.197768
41.8281 41.0411 0.188465
41.8097 41.5535 0.180766
41.7423 41.869 0.187192
41.317 41.4641 0.179709
41.317 41.4641 0.179709
41.317 41.4641 0.179709
41.317 41.4641 0.179709
41.5406 41.6379 0.169097
41.3436 42.1509 0.193681
41.3436 42.1509 0.193681
41.3436 42.1509 0.193681
41.5398 41.6678 0.180507
41.5398 41.6678 0.180507
41.5398 41.6678 0.180507
41.5398 41.6678 0.180507
41.5372 41.0164 0.192184
41.5372 41.0164 0.192184
41.5372 41.0164 0.192184
41.5372 41.0164 0.192184
41.5372 41.0164 0.192184
41.7992 42.2045 0.183479
41.7992 42.2045 0.183479
41.7992 42.2045 0.183479
41.3052 41.1161 0.186978
41.3052 41.1161 0.186978
41.3052 41.1161 0.186978
41.5504 41.9091 0.187682
41.5504 41.9091 0.187682
41.5234 41.913 0.19043
41.5234 41.913 0.19043
41.5234 41.913 0.19043
41.5234 41.913 0.19043
41.5234 41.913 0.19043
41.878 41.2195 0.185094
41.878 41.2195 0.185094
41.878 41.2195 0.185094
41.4623 41.4613 0.179184
41.4623 41.4613 0.179184
41.4623 41.4613 0.179184
41.5883 41.7246 0.192164
41.5883 41.7246 0.192164
41.5883 41.7246 0.192164
41.5883 41.7246 0.192164
41.5883 41.7246 0.192164
41.3841 41.7556 0.183892
41.3841 41.7556 0.183892
41.3841 41.7556 0.183892
41.3841 41.7556 0.183892
41.5102 41.1234 0.189775
41.1624 41.3688 0.193538
41.1624 41.3688 0.193538
41.1624 41.3688 0.193538
41.1624 41.3688 0.193538
41.1624 41.3688 0.193538
41.1624 41.3688 0.193538
41.1624 41.3688 0.193538
41.262 41.7407 0.181944
46.3257 46.1997 0.177632
46.167 46.0863 0.173607
46.5526 46.9766 0.180639
46.5526 46.9766 0.180639
46.6323 46.3898 0.173148
46.6323 46.3898 0.173148
46.6323 46.3898 0.173148
46.5631 46.4242 0.178939
46.5631 46.4242 0.178939
46.5631 46.4242 0.178939
46.2844 46.3754 0.155872
44.2935 44.5216 0.180378
43.9977 44.3912 0.173373
43.9977 44.3912 0.173373
44.8073 44.3438 0.182986
44.8073 44.3438 0.182986
44.6257 44.6016 0.17502
44.6257 44.6016 0.17502
44.9038 43.9438 0.156876
44.5876 44.315 0.180132
44.5876 44.315 0.180132
44.0202 44.6953 0.161775
44.7076 44.0074 0.174971
44.7076 44.0074 0.174971
44.7076 44.0074 0.174971
44.3557 44.3028 0.158866
44.3557 44.3028 0.158866
44.454 44.2922 0.148654
44.2373 44.5475 0.165226
44.2373 44.5475 0.165226
44.6028 44.3993 0.169316
44.6028 44.3993 0.169316
44.5559 44.4609 0.174911
44.5559 44.4609 0.174911
44.5559 44.4609 0.174911
44.1502 44.5657 0.177447
44.1502 44.5657 0.177447
43.031 42.8689 0.146343
43.031 42.8689 0.146343
43.179 42.9363 0.158691
43.3933 43.4489 0.171944
43.5555 42.955 0.162999
43.5555 42.955 0.162999
43.5555 42.955 0.162999
43.5555 42.955 0.162999
43.5555 42.955 0.162999
43.5555 42.955 0.162999
42.6878 42.8948 0.155895
42.6878 42.8948 0.155895
11.751 11.9067 0.311021
11.751 11.9067 0.311021
11.751 11.9067 0.311021
11.751 11.9067 0.311021
11.751 11.9067 0.311021
11.751 11.9067 0.311021
11.751 11.9067 0.311021
11.751 11.9067 0.311021
11.751 11.9067 0.311021
11.751 11.9067 0.311021
11.751 11.9067 0.311021
11.751 11.9067 0.311021
11.751 11.9067 0.311021
11.751 11.9067 0.311021
11.751 11.9067 0.311021
11.751 11.9067 0.311021
11.751 11.9067 0.311021
11.751 11.9067 0.311021
11.751 11.9067 0.311021
11.751 11.9067 0.311021
11.751 11.9067 0.311021
11.086 11.5883 0.294658
11.086 11.5883 0.294658
11.086 11.5883 0.294658
11.086 11.5883 0.294658
11.086 11.5883 0.294658
11.086 11.5883 0.294658
11.086 11.5883 0.294658
11.086 11.5883 0.294658
11.086 11.5883 0.294658
11.086 11.5883 0.294658
11.086 11.5883 0.294658
11.086 11.5883 0.294658
11.086 11.5883 0.294658
11.086 11.5883 0.294658
11.086 11.5883 0.294658
11.086 11.5883 0.294658
11.086 11.5883 0.294658
11.086 11.5883 0.294658
11.6948 11.1696 0.306673
11.6948 11.1696 0.306673
11.6948 11.1696 0.306673
11.6948 11.1696 0.306673
11.6948 11.1696 0.306673
11.6948 11.1696 0.306673
11.6948 11.1696 0.306673
11.6948 11.1696 0.306673
11.6948 11.1696 0.306673
11.6948 11.1696 0.306673
11.6948 11.1696 0.306673
11.6948 11.1696 0.306673
11.6948 11.1696 0.306673
11.6948 11.1696 0.306673
11.6948 11.1696 0.306673
11.6948 11.1696 0.306673
11.5332 11.0902 0.307227
11.5332 11.0902 0.307227
11.5332 11.0902 0.307227
11.5332 11.0902 0.307227
11.5332 11.0902 0.307227
11.5332 11.0902 0.307227
11.5332 11.0902 0.307227
