16.0716 15.1602 0.320489
8.21252 8.69956 0.305264
16.4344 16.8535 0.281515
11.8142 12.3041 0.329594
22.8236 22.4544 0.277171
25.4299 25.2348 0.255583
21.967 22.1299 0.281063
20.6769 20.5088 0.273307
11.3271 11.9821 0.313649
6.41059 6.44927 0.336636
15.9926 16.0489 0.301012
6.63728 6.66439 0.29874
26.1153 26.3804 0.243789
9.75382 8.97282 0.30782
26.5791 26.2296 0.220343
13.1193 13.7743 0.304848
13.8834 14.3594 0.28122
5.95039 6.71278 0.00192008
22.4534 22.2854 0.27058
8.23784 8.08172 0.290084
20.2751 20.08 0.289917
24.0051 22.9154 0.274273
15.4497 15.3771 0.290848
13.1468 12.85 0.281851
20.4366 19.9965 0.258273
9.5903 10.0193 0.311043
9.39852 9.87457 0.312378
15.5643 15.9557 0.307769
10.1126 10.2139 0.294161
9.38676 9.21869 0.309483
26.1621 25.7464 0.209106
19.4517 19.1539 0.288362
6.62413 6.67677 0.295468
20.5414 20.3523 0.266493
9.38676 9.21869 0.309483
26.3794 26.3975 0.241845
10.7993 10.8174 0.300323
14.7453 14.6678 0.281354
11.2885 11.4187 0.317347
21.9594 21.8592 0.286797
19.7705 19.8407 0.277606
10.5339 11.1495 0.291346
13.5233 12.9742 0.2922
15.7432 15.5724 0.282706
10.8235 10.8798 0.310114
13.1717 13.1988 0.295595
12.9158 12.745 0.295069
19.0686 19.1156 0.264681
16.3974 16.354 0.296558
16.1507 15.8128 0.316045
8.73661 9.07348 0.303305
11.3271 11.9821 0.313649
13.1717 13.1988 0.295595
13.1717 13.1988 0.295595
10.4728 10.266 0.299113
17.7334 17.6621 0.273469
12.5519 12.0508 0.297585
12.5519 12.0508 0.297585
17.1356 17.898 0.276335
17.2035 17.437 0.27525
23.0117 22.4019 0.269894
9.39852 9.87457 0.312378
16.2032 15.9965 0.292768
19.3748 19.0055 0.275815
23.6284 23.902 0.255577
26.1752 25.8853 0.230655
13.1717 13.1988 0.295595
26.1601 26.1484 0.213712
24.0786 24.0074 0.259542
24.5945 24.2252 0.258789
12.8201 13.2115 0.301444
20.6769 20.5088 0.273307
22.2132 21.7731 0.255546
16.111 16.1497 0.32184
20.5876 20.2898 0.277616
7.7201 7.56812 0.329119
15.9926 16.0489 0.301012
18.0388 17.2771 0.264018
23.8199 24.1749 0.259081
13.8835 14.0193 0.283585
22.071 22.3362 0.265081
9.38676 9.21869 0.309483
14.0762 13.8435 0.277601
7.77147 7.61535 0.299868
22.621 22.5007 0.268921
16.3974 16.354 0.296558
10.1126 10.2139 0.294161
25.0807 24.9126 0.253234
13.8835 14.0193 0.283585
11.4454 11.648 0.316461
13.6923 13.3428 0.288881
15.4963 15.1468 0.29195
13.1717 13.1988 0.295595
15.0194 14.9863 0.283881
21.714 22.0689 0.275839
20.1409 20.5699 0.246024
8.04784 7.85237 0.332648
12.5519 12.0508 0.297585
20.4607 21.0593 0.265313
13.3332 13.3111 0.296966
15.4119 15.4301 0.287382
15.4119 15.4301 0.287382
15.4119 15.4301 0.287382
15.4119 15.4301 0.287382
15.4119 15.4301 0.287382
15.4119 15.4301 0.287382
15.4119 15.4301 0.287382
15.2985 15.0917 0.285546
15.2985 15.0917 0.285546
15.2985 15.0917 0.285546
15.2985 15.0917 0.285546
15.2985 15.0917 0.285546
15.2985 15.0917 0.285546
15.2985 15.0917 0.285546
14.5729 15.3058 0.319506
14.5729 15.3058 0.319506
14.5729 15.3058 0.319506
14.5729 15.3058 0.319506
15.4851 15.4044 0.29214
15.4851 15.4044 0.29214
15.4851 15.4044 0.29214
15.4851 15.4044 0.29214
15.4851 15.4044 0.29214
15.207 15.254 0.294883
15.207 15.254 0.294883
15.207 15.254 0.294883
15.207 15.254 0.294883
15.207 15.254 0.294883
15.207 15.254 0.294883
15.207 15.254 0.294883
15.5665 15.3957 0.286519
15.5665 15.3957 0.286519
15.5665 15.3957 0.286519
15.5665 15.3957 0.286519
15.5665 15.3957 0.286519
15.5665 15.3957 0.286519
15.5665 15.3957 0.286519
15.5665 15.3957 0.286519
14.9841 14.8838 0.317267
14.9841 14.8838 0.317267
14.9841 14.8838 0.317267
14.9841 14.8838 0.317267
14.9841 14.8838 0.317267
14.9841 14.8838 0.317267
14.9841 14.8838 0.317267
14.9843 14.6598 0.297693
15.3273 14.7782 0.295268
15.3273 14.7782 0.295268
15.3273 14.7782 0.295268
15.3273 14.7782 0.295268
15.3273 14.7782 0.295268
15.3273 14.7782 0.295268
15.3273 14.7782 0.295268
15.3273 14.7782 0.295268
15.3273 14.7782 0.295268
15.3273 14.7782 0.295268
15.3731 14.5921 0.286669
15.3731 14.5921 0.286669
15.3731 14.5921 0.286669
15.3731 14.5921 0.286669
15.3731 14.5921 0.286669
15.3725 15.4427 0.29298
15.3725 15.4427 0.29298
15.3725 15.4427 0.29298
15.3725 15.4427 0.29298
15.3725 15.4427 0.29298
15.3725 15.4427 0.29298
15.3725 15.4427 0.29298
14.6773 15.1643 0.280282
14.6773 15.1643 0.280282
14.6773 15.1643 0.280282
14.6773 15.1643 0.280282
14.6773 15.1643 0.280282
14.6773 15.1643 0.280282
15.1577 15.0057 0.299104
15.1577 15.0057 0.299104
15.1577 15.0057 0.299104
15.1577 15.0057 0.299104
15.1577 15.0057 0.299104
15.1577 15.0057 0.299104
15.1577 15.0057 0.299104
15.1577 15.0057 0.299104
15.1577 15.0057 0.299104
15.1577 15.0057 0.299104
15.1577 15.0057 0.299104
15.0956 15.3608 0.295552
15.0956 15.3608 0.295552
15.0956 15.3608 0.295552
15.0956 15.3608 0.295552
15.14 14.9809 0.31629
15.14 14.9809 0.31629
15.14 14.9809 0.31629
15.14 14.9809 0.31629
15.14 14.9809 0.31629
15.14 14.9809 0.31629
15.0943 15.71 0.284631
15.2071 14.5973 0.304383
15.2071 14.5973 0.304383
15.2071 14.5973 0.304383
15.2071 14.5973 0.304383
7.71198 7.48273 0.314756
7.71198 7.48273 0.314756
7.60076 7.82817 0.336487
7.60076 7.82817 0.336487
7.90182 7.13669 0.322744
7.90182 7.13669 0.322744
7.90182 7.13669 0.322744
7.90182 7.13669 0.322744
7.90182 7.13669 0.322744
7.33701 7.48929 0.317156
7.33701 7.48929 0.317156
7.33701 7.48929 0.317156
7.33701 7.48929 0.317156
7.49967 7.35201 0.328196
7.49967 7.35201 0.328196
7.49967 7.35201 0.328196
7.49967 7.35201 0.328196
7.49967 7.35201 0.328196
7.49967 7.35201 0.328196
7.76283 8.10886 0.315048
7.76283 8.10886 0.315048
7.76283 8.10886 0.315048
7.76283 8.10886 0.315048
7.76283 8.10886 0.315048
7.76283 8.10886 0.315048
8.09654 7.91793 0.330748
8.09654 7.91793 0.330748
8.09654 7.91793 0.330748
8.09654 7.91793 0.330748
8.09654 7.91793 0.330748
8.05763 7.68486 0.308288
8.05763 7.68486 0.308288
8.05763 7.68486 0.308288
8.05763 7.68486 0.308288
8.05763 7.68486 0.308288
8.18006 8.91491 0.311236
8.83384 8.27659 0.326203
8.83384 8.27659 0.326203
8.55479 8.53773 0.320976
8.55479 8.53773 0.320976
8.96325 9.07884 0.31886
8.96325 9.07884 0.31886
8.96325 9.07884 0.31886
8.96325 9.07884 0.31886
8.96325 9.07884 0.31886
8.96325 9.07884 0.31886
8.96325 9.07884 0.31886
8.96325 9.07884 0.31886
8.96325 9.07884 0.31886
8.96325 9.07884 0.31886
8.96325 9.07884 0.31886
8.96325 9.07884 0.31886
8.96325 9.07884 0.31886
8.96325 9.07884 0.31886
8.96325 9.07884 0.31886
8.96325 9.07884 0.31886
9.04791 8.78902 0.313477
9.04791 8.78902 0.313477
9.04791 8.78902 0.313477
9.04791 8.78902 0.313477
9.04791 8.78902 0.313477
9.04791 8.78902 0.313477
9.04791 8.78902 0.313477
9.04791 8.78902 0.313477
9.04791 8.78902 0.313477
9.04791 8.78902 0.313477
9.04791 8.78902 0.313477
9.04791 8.78902 0.313477
8.30565 8.78417 0.327326
8.30565 8.78417 0.327326
8.30565 8.78417 0.327326
8.30565 8.78417 0.327326
8.30565 8.78417 0.327326
8.30565 8.78417 0.327326
8.30565 8.78417 0.327326
8.30565 8.78417 0.327326
8.30565 8.78417 0.327326
8.59406 8.87713 0.311631
8.59406 8.87713 0.311631
8.59406 8.87713 0.311631
8.59406 8.87713 0.311631
8.59406 8.87713 0.311631
8.59406 8.87713 0.311631
8.59406 8.87713 0.311631
8.59406 8.87713 0.311631
8.59406 8.87713 0.311631
8.59406 8.87713 0.311631
8.59406 8.87713 0.311631
8.59406 8.87713 0.311631
8.59406 8.87713 0.311631
8.59406 8.87713 0.311631
8.59406 8.87713 0.311631
8.59406 8.87713 0.311631
10.2809 10.5001 0.311751
10.2809 10.5001 0.311751
10.2809 10.5001 0.311751
10.2809 10.5001 0.311751
10.2809 10.5001 0.311751
10.2809 10.5001 0.311751
10.2809 10.5001 0.311751
19.5525 19.5486 0.256062
19.5525 19.5486 0.256062
25.2722 24.6017 0.236016
25.2722 24.6017 0.236016
25.2722 24.6017 0.236016
25.2722 24.6017 0.236016
25.0155 24.9782 0.245382
25.0155 24.9782 0.245382
25.0155 24.9782 0.245382
24.8841 25.3711 0.237693
24.8841 25.3711 0.237693
24.7697 24.9033 0.25368
25.371 25.0022 0.242111
26.1708 25.5315 0.23689
26.1708 25.5315 0.23689
26.1708 25.5315 0.23689
25.0709 25.0138 0.243461
25.0709 25.0138 0.243461
25.0709 25.0138 0.243461
25.0709 25.0138 0.243461
24.8015 24.6768 0.256243
24.8015 24.6768 0.256243
25.1398 24.812 0.264306
25.1838 24.8126 0.250319
24.6809 25.2166 0.240696
24.8942 24.962 0.25052
24.9053 25.2057 0.250931
24.9053 25.2057 0.250931
24.9053 25.2057 0.250931
25.0669 24.8556 0.242894
25.0669 24.8556 0.242894
25.0669 24.8556 0.242894
25.2659 25.2684 0.248214
25.2659 25.2684 0.248214
25.4006 25.0238 0.256004
25.4006 25.0238 0.256004
25.4006 25.0238 0.256004
25.203 24.5063 0.255095
25.203 24.5063 0.255095
25.203 24.5063 0.255095
24.9568 25.107 0.245579
25.0324 24.9616 0.252216
25.0049 24.6927 0.245381
25.2451 24.7979 0.239898
25.2451 24.7979 0.239898
24.7492 24.892 0.267175
24.741 25.0857 0.274047
24.7394 25.3746 0.232851
24.7394 25.3746 0.232851
25.114 25.3441 0.247898
25.114 25.3441 0.247898
25.114 25.3441 0.247898
24.7794 25.2911 0.244704
24.7794 25.2911 0.244704
24.8109 25.0171 0.240968
24.8109 25.0171 0.240968
24.8109 25.0171 0.240968
24.8109 25.0171 0.240968
24.8109 25.0171 0.240968
25.5418 25.0152 0.230419
24.7097 25.0112 0.257183
25.0322 24.9624 0.252475
25.0322 24.9624 0.252475
25.0322 24.9624 0.252475
25.007 25.0836 0.24985
25.0111 24.862 0.265496
24.815 24.6428 0.25174
24.815 24.6428 0.25174
24.815 24.6428 0.25174
24.923 24.9772 0.25459
24.9713 24.6145 0.250334
24.9713 24.6145 0.250334
25.0889 24.9455 0.256798
25.1584 25.1957 0.24975
25.1021 25.4213 0.25743
25.2433 25.2028 0.229083
25.2433 25.2028 0.229083
24.7095 25.0743 0.249097
25.3173 24.8634 0.264852
25.3173 24.8634 0.264852
25.4436 25.4445 0.264899
25.1997 25.0311 0.242175
25.3075 25.0432 0.260817
25.3075 25.0432 0.260817
25.0319 24.296 0.253552
25.0319 24.296 0.253552
24.9946 25.1757 0.256038
25.7076 25.6468 0.266141
25.047 24.9619 0.267742
25.047 24.9619 0.267742
25.047 24.9619 0.267742
25.3184 25.6229 0.24415
25.4955 25.6141 0.258918
25.4955 25.6141 0.258918
25.4955 25.6141 0.258918
25.4955 25.6141 0.258918
24.446 24.7698 0.249332
25.0706 24.8657 0.249843
24.7066 25.056 0.21679
25.2483 24.8378 0.260539
