44.3509 44.1828 0.178634
32.9867 32.975 0.19424
20.0885 20.5076 0.290812
18.298 17.9685 0.298419
32.9867 32.975 0.19424
44.8058 45.071 0.16934
41.6085 42.0375 0.183734
15.8208 16.3301 0.271449
52.7551 52.7731 0.147174
26.1582 26.495 0.24146
10.1126 10.2139 0.294161
11.8814 11.5121 0.315714
16.5589 16.1939 0.25512
34.5716 34.2748 0.182687
6.26297 5.93353 0.0169025
55.18 54.659 0.142629
14.0762 13.8435 0.277601
32.9867 32.975 0.19424
10.7993 10.8174 0.300323
10.1126 10.2139 0.294161
54.2115 54.6029 0.155326
46.4651 46.1357 0.183886
57.5854 56.8563 0.145368
22.8236 22.4544 0.277171
26.1582 26.495 0.24146
20.8324 20.6257 0.259427
36.8631 37.1039 0.180969
19.3146 19.691 0.27672
43.6592 43.1333 0.166927
16.0587 15.7292 0.318592
32.584 32.4279 0.187846
12.7243 13.344 0.286517
41.5015 41.3469 0.158326
54.0802 54.6999 0.144363
10.5339 11.1495 0.291346
32.9867 32.975 0.19424
22.8236 22.4544 0.277171
27.8416 27.4015 0.222687
12.8201 13.2115 0.301444
48.9569 48.7861 0.153109
26.4694 26.3968 0.239085
10.8235 10.8798 0.310114
34.5716 34.2748 0.182687
41.2584 41.3942 0.177192
27.0556 27.0827 0.222249
26.704 27.0953 0.228099
6.41059 6.44927 0.336636
26.1813 26.1325 0.242214
6.12699 6.26278 -0.00087697
18.298 17.9685 0.298419
54.5699 54.7057 0.148369
10.1126 10.2139 0.294161
11.9624 12.0525 0.304642
13.3332 13.3111 0.296966
36.8631 37.1039 0.180969
24.9557 25.0914 0.247399
23.3807 23.5833 0.257712
22.9475 22.7795 0.264937
32.4712 32.1817 0.219636
11.3271 11.9821 0.313649
25.4012 25.2057 0.261885
14.7453 14.6678 0.281354
6.63728 6.66439 0.29874
26.4588 26.3875 0.24176
27.8771 27.9785 0.21889
22.2132 21.7731 0.255546
14.0762 13.8435 0.277601
16.2032 15.9965 0.292768
14.7453 14.6678 0.281354
22.2132 21.7731 0.255546
26.704 27.0953 0.228099
13.1717 13.1988 0.295595
10.5339 11.1495 0.291346
19.3748 19.0055 0.275815
18.7999 18.9012 0.250393
29.9812 30.2463 0.224626
14.9372 15.478 0.295899
50.433 50.4857 0.166334
33.9152 34.2175 0.219411
35.5698 35.2804 0.208315
10.3561 10.7326 0.298809
50.433 50.4857 0.166334
55.1102 54.0867 0.14796
36.8631 37.1039 0.180969
10.1126 10.2139 0.294161
50.642 50.689 0.16979
6.12699 6.26278 -0.00087697
44.8065 44.517 0.175432
9.38676 9.21869 0.309483
26.1813 26.1325 0.242214
46.4651 46.1357 0.183886
10.7993 10.8174 0.300323
22.683 22.7532 0.264134
56.8624 57.065 0.134289
23.631 23.794 0.277553
15.8208 16.3301 0.271449
36.8631 37.1039 0.180969
44.3696 44.3208 0.173184
37.1199 37.4222 0.217929
32.9867 32.975 0.19424
10.6274 11.1141 0.303172
10.6274 11.1141 0.303172
10.6274 11.1141 0.303172
10.6274 11.1141 0.303172
10.6274 11.1141 0.303172
10.6274 11.1141 0.303172
10.9726 10.8927 0.30369
10.9726 10.8927 0.30369
10.9726 10.8927 0.30369
10.9726 10.8927 0.30369
10.9726 10.8927 0.30369
10.9726 10.8927 0.30369
10.9726 10.8927 0.30369
10.9726 10.8927 0.30369
10.9726 10.8927 0.30369
10.9726 10.8927 0.30369
10.9726 10.8927 0.30369
10.9726 10.8927 0.30369
10.9726 10.8927 0.30369
10.9726 10.8927 0.30369
10.9726 10.8927 0.30369
10.9726 10.8927 0.30369
10.3458 11.02 0.294362
10.3458 11.02 0.294362
10.3458 11.02 0.294362
10.3458 11.02 0.294362
10.3458 11.02 0.294362
10.3458 11.02 0.294362
10.3458 11.02 0.294362
10.3458 11.02 0.294362
10.3458 11.02 0.294362
11.2227 10.9836 0.327515
11.2227 10.9836 0.327515
11.2227 10.9836 0.327515
11.2227 10.9836 0.327515
11.2227 10.9836 0.327515
11.2227 10.9836 0.327515
11.2227 10.9836 0.327515
11.2227 10.9836 0.327515
10.8247 10.7877 0.312927
10.8247 10.7877 0.312927
10.8247 10.7877 0.312927
10.8247 10.7877 0.312927
10.8247 10.7877 0.312927
10.8247 10.7877 0.312927
10.8247 10.7877 0.312927
10.8247 10.7877 0.312927
10.8247 10.7877 0.312927
10.8247 10.7877 0.312927
10.8247 10.7877 0.312927
10.8247 10.7877 0.312927
10.8247 10.7877 0.312927
10.8247 10.7877 0.312927
10.8247 10.7877 0.312927
10.8247 10.7877 0.312927
10.8247 10.7877 0.312927
10.8247 10.7877 0.312927
10.8247 10.7877 0.312927
10.8247 10.7877 0.312927
10.8247 10.7877 0.312927
10.8247 10.7877 0.312927
10.8247 10.7877 0.312927
10.8247 10.7877 0.312927
10.8247 10.7877 0.312927
10.6139 10.7123 0.316137
10.6139 10.7123 0.316137
10.6139 10.7123 0.316137
10.6139 10.7123 0.316137
10.6139 10.7123 0.316137
10.6139 10.7123 0.316137
10.6139 10.7123 0.316137
10.6139 10.7123 0.316137
10.6139 10.7123 0.316137
10.6139 10.7123 0.316137
10.6139 10.7123 0.316137
10.6139 10.7123 0.316137
9.23065 9.52956 0.311696
9.23065 9.52956 0.311696
9.23065 9.52956 0.311696
9.23065 9.52956 0.311696
9.23065 9.52956 0.311696
28.8514 28.6586 0.240731
28.8514 28.6586 0.240731
28.8514 28.6586 0.240731
28.8514 28.6586 0.240731
28.8514 28.6586 0.240731
28.8514 28.6586 0.240731
28.8514 28.6586 0.240731
28.8514 28.6586 0.240731
28.8514 28.6586 0.240731
29.012 29.202 0.224692
29.012 29.202 0.224692
29.012 29.202 0.224692
28.4555 28.6712 0.226602
28.4555 28.6712 0.226602
28.4555 28.6712 0.226602
28.4555 28.6712 0.226602
28.4555 28.6712 0.226602
28.4555 28.6712 0.226602
28.9177 28.9205 0.235471
6.36627 6.00737 -0.00429359
6.36627 6.00737 -0.00429359
6.36627 6.00737 -0.00429359
6.36627 6.00737 -0.00429359
6.36627 6.00737 -0.00429359
6.36627 6.00737 -0.00429359
6.36627 6.00737 -0.00429359
6.36627 6.00737 -0.00429359
6.36627 6.00737 -0.00429359
6.36627 6.00737 -0.00429359
6.36627 6.00737 -0.00429359
6.36627 6.00737 -0.00429359
6.36627 6.00737 -0.00429359
6.36627 6.00737 -0.00429359
6.36627 6.00737 -0.00429359
6.36627 6.00737 -0.00429359
6.36627 6.00737 -0.00429359
6.36627 6.00737 -0.00429359
6.36627 6.00737 -0.00429359
6.36627 6.00737 -0.00429359
6.36627 6.00737 -0.00429359
6.36627 6.00737 -0.00429359
6.36627 6.00737 -0.00429359
6.36627 6.00737 -0.00429359
6.36627 6.00737 -0.00429359
6.36627 6.00737 -0.00429359
6.36627 6.00737 -0.00429359
6.36627 6.00737 -0.00429359
6.36627 6.00737 -0.00429359
6.36627 6.00737 -0.00429359
6.36627 6.00737 -0.00429359
6.36627 6.00737 -0.00429359
6.36627 6.00737 -0.00429359
6.36627 6.00737 -0.00429359
6.36627 6.00737 -0.00429359
6.36627 6.00737 -0.00429359
6.36627 6.00737 -0.00429359
6.36627 6.00737 -0.00429359
6.36627 6.00737 -0.00429359
6.36627 6.00737 -0.00429359
6.36627 6.00737 -0.00429359
6.36627 6.00737 -0.00429359
6.36627 6.00737 -0.00429359
6.36627 6.00737 -0.00429359
6.36627 6.00737 -0.00429359
6.36627 6.00737 -0.00429359
6.36627 6.00737 -0.00429359
6.36627 6.00737 -0.00429359
6.36627 6.00737 -0.00429359
6.36627 6.00737 -0.00429359
6.36627 6.00737 -0.00429359
6.36627 6.00737 -0.00429359
6.36627 6.00737 -0.00429359
6.36627 6.00737 -0.00429359
9.91475 10.269 0.30109
9.91475 10.269 0.30109
9.91475 10.269 0.30109
9.91475 10.269 0.30109
9.91475 10.269 0.30109
9.91475 10.269 0.30109
9.91475 10.269 0.30109
9.91475 10.269 0.30109
9.91475 10.269 0.30109
9.91475 10.269 0.30109
9.91475 10.269 0.30109
9.91475 10.269 0.30109
9.91475 10.269 0.30109
9.91475 10.269 0.30109
9.91475 10.269 0.30109
20.0787 19.4396 0.284307
27.4266 27.3239 0.217054
27.4266 27.3239 0.217054
27.4266 27.3239 0.217054
27.4266 27.3239 0.217054
27.1764 27.577 0.22551
27.1764 27.577 0.22551
27.156 27.2765 0.217352
27.156 27.2765 0.217352
27.156 27.2765 0.217352
27.156 27.2765 0.217352
27.156 27.2765 0.217352
27.156 27.2765 0.217352
27.156 27.2765 0.217352
28.2697 28.2421 0.22939
28.4037 28.7592 0.228712
28.4037 28.7592 0.228712
28.1368 27.9379 0.238026
28.1368 27.9379 0.238026
28.1368 27.9379 0.238026
28.1368 27.9379 0.238026
28.1368 27.9379 0.238026
28.1368 27.9379 0.238026
27.851 28.4345 0.220707
27.851 28.4345 0.220707
27.851 28.4345 0.220707
27.851 28.4345 0.220707
28.0191 28.0105 0.24372
28.0191 28.0105 0.24372
27.9793 28.1676 0.210399
27.9793 28.1676 0.210399
