10.7993 10.8174 0.300323
26.6741 26.9896 0.223796
19.3748 19.0055 0.275815
30.0777 29.7399 0.22682
11.3528 11.3776 0.301853
13.3332 13.3111 0.296966
24.1317 23.9366 0.267795
25.1836 24.8458 0.262631
22.7262 23.2128 0.250422
15.8112 16.2818 0.307003
22.9446 22.7855 0.2818
11.6142 11.2764 0.318521
25.1179 25.0261 0.255791
6.01834 6.25177 0.000834648
9.98836 9.22669 0.294127
10.1126 10.2139 0.294161
19.7941 19.8212 0.28284
28.7692 28.8219 0.228192
24.7791 25.5414 0.250196
6.17317 6.44682 0.306846
28.2995 28.9192 0.22635
11.4454 11.648 0.316461
11.2885 11.4187 0.317347
16.4344 16.8535 0.281515
19.2758 19.6126 0.28139
14.0762 13.8435 0.277601
12.3333 12.2331 0.325817
14.3047 14.2334 0.283516
24.8543 25.2307 0.245901
16.2032 15.9965 0.292768
11.3528 11.3776 0.301853
14.9372 15.478 0.295899
16.4393 16.3191 0.276611
15.8112 16.2818 0.307003
10.8235 10.8798 0.310114
27.791 27.27 0.225368
19.2348 18.4538 0.256467
16.2032 15.9965 0.292768
26.1813 26.1325 0.242214
9.58977 9.43365 0.291005
11.6142 11.2764 0.318521
29.7411 29.9745 0.213299
22.621 22.5007 0.268921
26.4694 26.3968 0.239085
11.4454 11.648 0.316461
6.26297 5.93353 0.0169025
26.8965 26.3756 0.214624
10.7409 10.57 0.300085
9.98836 9.22669 0.294127
23.6235 23.5233 0.283286
8.29573 8.83653 0.324694
13.8849 13.8519 0.273875
19.2348 18.4538 0.256467
16.3348 15.9698 0.283498
12.8201 13.2115 0.301444
29.1437 29.2138 0.229745
6.26297 5.93353 0.0169025
24.0654 23.9651 0.270039
20.2725 20.6275 0.28019
27.5366 27.3415 0.229327
24.0695 23.7045 0.242296
12.7243 13.344 0.286517
16.9715 17.4586 0.260229
23.7795 23.6204 0.282309
27.9464 27.7573 0.230907
24.1692 24.2255 0.246563
13.8834 14.3594 0.28122
10.7197 10.6194 0.333591
26.5862 26.4153 0.234756
26.8965 26.3756 0.214624
19.2348 18.4538 0.256467
14.9555 14.2265 0.292377
26.961 27.3374 0.219645
16.1507 15.8128 0.316045
8.04784 7.85237 0.332648
18.8795 19.3555 0.261025
7.94892 8.07917 0.327881
27.7889 27.0273 0.211622
21.7359 22.2767 0.269242
9.98836 9.22669 0.294127
11.6142 11.2764 0.318521
13.1717 13.1988 0.295595
20.2944 20.8352 0.273593
26.6741 26.9896 0.223796
10.4728 10.266 0.299113
5.95039 6.71278 0.00192008
12.7243 13.344 0.286517
14.854 15.341 0.276469
6.26867 7.09974 0.304316
20.743 20.5869 0.243734
16.0671 16.1685 0.259438
20.8937 20.9118 0.267489
6.26867 7.09974 0.304316
13.2839 13.3401 0.290723
30.3983 30.2275 0.204515
16.885 17.6768 0.27464
29.6731 30.4355 0.214384
22.2132 21.7731 0.255546
24.0051 22.9154 0.274273
14.6529 14.6041 0.283581
10.6522 11.0286 0.308417
10.6522 11.0286 0.308417
10.6522 11.0286 0.308417
10.6522 11.0286 0.308417
10.6522 11.0286 0.308417
10.6522 11.0286 0.308417
10.6522 11.0286 0.308417
10.6522 11.0286 0.308417
10.4129 10.8999 0.296605
10.4129 10.8999 0.296605
10.4129 10.8999 0.296605
10.4129 10.8999 0.296605
10.4129 10.8999 0.296605
10.4129 10.8999 0.296605
10.4129 10.8999 0.296605
10.4129 10.8999 0.296605
10.9967 10.842 0.291048
10.9967 10.842 0.291048
10.9967 10.842 0.291048
10.9967 10.842 0.291048
10.9967 10.842 0.291048
10.9967 10.842 0.291048
10.9967 10.842 0.291048
10.8312 11.0964 0.311875
10.8312 11.0964 0.311875
10.8312 11.0964 0.311875
10.8312 11.0964 0.311875
10.8312 11.0964 0.311875
11.0411 11.4602 0.318994
11.0411 11.4602 0.318994
10.9025 9.99108 0.329591
10.8456 11.3356 0.321148
10.8456 11.3356 0.321148
10.8456 11.3356 0.321148
10.8456 11.3356 0.321148
10.8456 11.3356 0.321148
10.8456 11.3356 0.321148
10.8456 11.3356 0.321148
10.8456 11.3356 0.321148
10.8456 11.3356 0.321148
9.86575 9.78506 0.313291
9.86575 9.78506 0.313291
20.6768 20.8903 0.25793
20.6768 20.8903 0.25793
20.6768 20.8903 0.25793
20.6768 20.8903 0.25793
20.6768 20.8903 0.25793
20.6768 20.8903 0.25793
20.6768 20.8903 0.25793
20.6768 20.8903 0.25793
20.6768 20.8903 0.25793
20.6768 20.8903 0.25793
20.3861 19.8651 0.260954
20.3861 19.8651 0.260954
20.3861 19.8651 0.260954
20.3861 19.8651 0.260954
20.3861 19.8651 0.260954
20.0622 20.6819 0.263466
20.0622 20.6819 0.263466
20.0622 20.6819 0.263466
20.7799 20.442 0.282705
20.7799 20.442 0.282705
20.7799 20.442 0.282705
20.2725 20.6275 0.28019
20.2725 20.6275 0.28019
20.2725 20.6275 0.28019
20.5451 20.5722 0.268579
20.5451 20.5722 0.268579
20.5451 20.5722 0.268579
20.5451 20.5722 0.268579
20.5451 20.5722 0.268579
20.5451 20.5722 0.268579
20.5451 20.5722 0.268579
20.5451 20.5722 0.268579
20.5451 20.5722 0.268579
20.5451 20.5722 0.268579
20.9982 20.2691 0.276653
20.9982 20.2691 0.276653
20.9982 20.2691 0.276653
20.9982 20.2691 0.276653
21.0018 20.834 0.256706
21.0018 20.834 0.256706
21.0018 20.834 0.256706
20.6956 20.6468 0.267857
20.6956 20.6468 0.267857
20.6956 20.6468 0.267857
20.6956 20.6468 0.267857
20.6956 20.6468 0.267857
20.6956 20.6468 0.267857
20.6956 20.6468 0.267857
20.6956 20.6468 0.267857
20.6956 20.6468 0.267857
20.7066 20.6845 0.269951
20.7066 20.6845 0.269951
20.7066 20.6845 0.269951
20.8996 19.8098 0.282135
20.8996 19.8098 0.282135
20.5184 20.5432 0.266037
20.5184 20.5432 0.266037
20.5184 20.5432 0.266037
27.9368 28.1406 0.239228
28.0592 28.179 0.247489
28.0592 28.179 0.247489
28.665 27.6907 0.224549
28.665 27.6907 0.224549
28.3994 28.513 0.221715
28.3994 28.513 0.221715
28.1529 27.5868 0.233849
27.8752 28.2902 0.228712
27.8752 28.2902 0.228712
27.9494 27.9904 0.240169
28.235 28.303 0.252647
28.235 28.303 0.252647
28.0042 27.9648 0.224957
27.2751 27.9865 0.231898
27.7219 27.8137 0.232938
27.5525 28.182 0.23336
27.5525 28.182 0.23336
27.6656 28.4767 0.235249
27.4681 28.1004 0.234624
28.3819 28.1737 0.230213
28.3819 28.1737 0.230213
28.138 27.8622 0.232124
28.138 27.8622 0.232124
28.2735 27.7885 0.239389
27.332 27.8082 0.219765
27.332 27.8082 0.219765
27.332 27.8082 0.219765
27.4131 27.8526 0.256512
27.7155 27.7184 0.238877
27.7155 27.7184 0.238877
28.0003 28.1138 0.231957
28.3091 28.3989 0.229539
28.3091 28.3989 0.229539
28.4445 27.6624 0.229862
27.7265 28.347 0.228026
27.7265 28.347 0.228026
27.9776 28.251 0.224966
27.9776 28.251 0.224966
27.9 27.9221 0.230233
27.9333 28.3719 0.227012
27.9333 28.3719 0.227012
27.9333 28.3719 0.227012
27.9333 28.3719 0.227012
28.3962 28.0075 0.230246
28.0141 27.9474 0.237683
15.6744 16.1385 0.30542
6.45396 7.14931 0.296997
6.45396 7.14931 0.296997
6.45396 7.14931 0.296997
6.45396 7.14931 0.296997
6.45396 7.14931 0.296997
6.45396 7.14931 0.296997
6.45396 7.14931 0.296997
6.45396 7.14931 0.296997
6.45396 7.14931 0.296997
6.45396 7.14931 0.296997
6.45396 7.14931 0.296997
6.45396 7.14931 0.296997
6.45396 7.14931 0.296997
6.82638 6.48565 0.291357
6.82638 6.48565 0.291357
6.82638 6.48565 0.291357
6.82638 6.48565 0.291357
6.82638 6.48565 0.291357
6.82638 6.48565 0.291357
6.82638 6.48565 0.291357
7.63651 7.70904 0.32293
7.63651 7.70904 0.32293
7.63651 7.70904 0.32293
20.0081 20.0803 0.301063
20.0081 20.0803 0.301063
20.0081 20.0803 0.301063
20.0081 20.0803 0.301063
20.0081 20.0803 0.301063
20.0081 20.0803 0.301063
19.4856 20.0826 0.278713
20.2817 20.0541 0.284347
20.2817 20.0541 0.284347
20.1568 19.6222 0.293283
20.1568 19.6222 0.293283
20.1568 19.6222 0.293283
20.1568 19.6222 0.293283
20.1568 19.6222 0.293283
20.1568 19.6222 0.293283
20.1568 19.6222 0.293283
20.1568 19.6222 0.293283
19.7653 19.9897 0.296553
19.7653 19.9897 0.296553
20.5067 19.8603 0.278352
20.5067 19.8603 0.278352
20.5067 19.8603 0.278352
19.7732 19.8922 0.294746
19.7732 19.8922 0.294746
19.7732 19.8922 0.294746
19.7732 19.8922 0.294746
19.6147 19.8152 0.265561
19.9684 19.6005 0.282507
19.9684 19.6005 0.282507
19.9882 20.2437 0.282283
21.8703 21.7275 0.267895
21.9548 22.3223 0.265467
21.9548 22.3223 0.265467
21.9548 22.3223 0.265467
21.8847 21.5817 0.266295
21.9263 22.1662 0.252042
21.9263 22.1662 0.252042
21.9263 22.1662 0.252042
21.9263 22.1662 0.252042
21.9263 22.1662 0.252042
21.9263 22.1662 0.252042
22.5946 22.3164 0.268593
22.5946 22.3164 0.268593
22.1171 22.1683 0.269694
22.2854 22.2967 0.261545
22.2854 22.2967 0.261545
22.2854 22.2967 0.261545
22.2854 22.2967 0.261545
22.2854 22.2967 0.261545
22.2854 22.2967 0.261545
22.2854 22.2967 0.261545
22.1363 21.9428 0.252574
22.1363 21.9428 0.252574
22.1363 21.9428 0.252574
22.0973 21.9266 0.261137
22.0973 21.9266 0.261137
22.0973 21.9266 0.261137
22.1103 21.9228 0.264621
22.1103 21.9228 0.264621
22.1103 21.9228 0.264621
21.9536 22.3263 0.251008
22.372 22.2404 0.288875
22.2927 22.4663 0.265155
22.2927 22.4663 0.265155
22.3404 22.1319 0.263964
22.3404 22.1319 0.263964
22.0991 21.8692 0.274106
22.0991 21.8692 0.274106
22.0991 21.8692 0.274106
22.0991 21.8692 0.274106
22.0991 21.8692 0.274106
22.0991 21.8692 0.274106
22.0991 21.8692 0.274106
22.0991 21.8692 0.274106
22.0991 21.8692 0.274106
22.0991 21.8692 0.274106
21.7331 21.5141 0.259902
21.8281 22.504 0.249769
21.8281 22.504 0.249769
21.8281 22.504 0.249769
21.8281 22.504 0.249769
22.2655 22.5632 0.27763
22.2655 22.5632 0.27763
22.2655 22.5632 0.27763
15.2348 15.4036 0.286593
15.2348 15.4036 0.286593
15.2348 15.4036 0.286593
15.2348 15.4036 0.286593
15.2348 15.4036 0.286593
15.2348 15.4036 0.286593
14.8773 14.4419 0.291499
14.9725 15.6854 0.298948
15.4362 14.6195 0.281885
15.4362 14.6195 0.281885
15.4362 14.6195 0.281885
15.4362 14.6195 0.281885
15.4362 14.6195 0.281885
15.4362 14.6195 0.281885
15.4817 14.7979 0.304316
15.4817 14.7979 0.304316
15.4817 14.7979 0.304316
15.5885 14.1808 0.279573
15.5885 14.1808 0.279573
15.5885 14.1808 0.279573
15.5885 14.1808 0.279573
15.5885 14.1808 0.279573
15.5885 14.1808 0.279573
15.5885 14.1808 0.279573
15.5885 14.1808 0.279573
15.5885 14.1808 0.279573
15.5885 14.1808 0.279573
15.5885 14.1808 0.279573
15.5885 14.1808 0.279573
14.7643 15.3781 0.306357
14.7643 15.3781 0.306357
14.7643 15.3781 0.306357
14.7643 15.3781 0.306357
14.7643 15.3781 0.306357
14.7643 15.3781 0.306357
12.2143 11.8396 0.317116
12.0233 12.1815 0.306303
12.0233 12.1815 0.306303
12.0233 12.1815 0.306303
12.0233 12.1815 0.306303
12.0233 12.1815 0.306303
12.0233 12.1815 0.306303
12.0233 12.1815 0.306303
12.0233 12.1815 0.306303
12.0233 12.1815 0.306303
12.0233 12.1815 0.306303
