10.9939 11.084 0.296196
10.0759 10.8416 0.314738
10.385 10.1523 0.301174
8.04784 7.85237 0.332648
10.4376 10.4902 0.298142
10.5475 9.76646 0.300236
8.04784 7.85237 0.332648
10.4471 10.2579 0.299328
9.60664 8.87602 0.319194
12.3568 12.1677 0.301162
11.4454 11.648 0.316461
6.29217 6.34845 0.315809
9.47628 9.74146 0.316703
10.4961 11.0369 0.316036
13.6923 13.3428 0.288881
8.67818 8.51011 0.324408
10.6001 10.8645 0.309277
7.7201 7.56812 0.329119
6.26297 5.93353 0.0169025
15.1747 15.2273 0.287614
6.26297 5.93353 0.0169025
13.4146 13.3371 0.292645
10.3561 10.7326 0.298809
6.41392 6.84292 0.31191
13.0605 13.3249 0.289885
11.9919 12.8229 0.308825
12.7976 13.2285 0.304061
11.9919 12.8229 0.308825
5.89617 6.40547 0.314623
6.36729 6.45741 -0.0145954
9.00312 8.8353 0.307807
10.5339 11.1495 0.291346
13.8571 14.0201 0.301527
11.8814 11.5121 0.315714
11.8142 12.3041 0.329594
11.3528 11.3776 0.301853
10.1126 10.2139 0.294161
6.41392 6.84292 0.31191
13.8834 14.3594 0.28122
9.50206 9.59218 0.289929
11.3814 11.8685 0.305051
12.8201 13.2115 0.301444
14.7386 15.0935 0.306309
6.29217 6.34845 0.315809
9.75382 8.97282 0.30782
14.854 15.341 0.276469
13.2072 13.2343 0.29163
10.1126 10.2139 0.294161
13.3332 13.3111 0.296966
11.6549 11.3581 0.309689
10.4728 10.266 0.299113
15.4752 15.2684 0.281733
11.6142 11.2764 0.318521
14.1508 14.5422 0.290153
14.7307 14.9715 0.271965
12.7976 13.2285 0.304061
10.5016 9.95256 0.308835
15.625 16.0558 0.291698
14.0762 13.8435 0.277601
15.3838 14.774 0.30057
15.3836 15.4307 0.29107
12.5589 12.9879 0.298442
9.47628 9.74146 0.316703
11.4454 11.648 0.316461
11.5746 11.6133 0.324316
6.63728 6.66439 0.29874
9.30085 9.4311 0.328802
13.8835 14.0193 0.283585
8.07652 7.88142 0.326346
15.2729 14.9835 0.297831
10.5016 9.95256 0.308835
10.2639 10.8836 0.305908
5.95039 6.71278 0.00192008
13.0632 12.6231 0.285288
10.7197 10.6194 0.333591
15.0932 15.4697 0.288281
10.7409 10.57 0.300085
9.54755 8.63614 0.334419
13.9618 13.6724 0.291637
11.3862 11.522 0.303288
14.9372 15.478 0.295899
12.8201 13.2115 0.301444
13.9618 13.6724 0.291637
13.5233 12.9742 0.2922
9.28337 8.84325 0.305543
13.5616 12.4719 0.305185
9.47628 9.74146 0.316703
10.1126 10.2139 0.294161
15.673 15.3235 0.288137
15.0194 14.9863 0.283881
6.41059 6.44927 0.336636
9.75382 8.97282 0.30782
10.5475 9.76646 0.300236
6.12699 6.26278 -0.00087697
10.4471 10.2579 0.299328
7.32288 7.86367 0.329727
14.4295 14.5309 0.2702
14.8645 15.1289 0.292954
13.3332 13.3111 0.296966
14.0084 14.2219 0.274043
8.20892 8.11718 0.322214
8.20892 8.11718 0.322214
8.20892 8.11718 0.322214
8.20892 8.11718 0.322214
8.47849 8.40586 0.311079
8.01279 7.91254 0.337498
8.01279 7.91254 0.337498
8.01279 7.91254 0.337498
8.01279 7.91254 0.337498
8.01279 7.91254 0.337498
8.23784 8.08172 0.290084
8.23784 8.08172 0.290084
8.23784 8.08172 0.290084
8.23784 8.08172 0.290084
8.23784 8.08172 0.290084
8.23784 8.08172 0.290084
8.08239 7.78463 0.323966
8.08239 7.78463 0.323966
8.08239 7.78463 0.323966
7.93804 8.17147 0.315534
7.93804 8.17147 0.315534
7.93804 8.17147 0.315534
7.68832 8.07969 0.320779
7.68832 8.07969 0.320779
7.68832 8.07969 0.320779
7.68832 8.07969 0.320779
7.68832 8.07969 0.320779
7.68832 8.07969 0.320779
14.6341 14.8476 0.273654
14.6341 14.8476 0.273654
14.6341 14.8476 0.273654
14.6341 14.8476 0.273654
15.2615 14.7357 0.286413
15.2615 14.7357 0.286413
14.9304 14.8592 0.283127
14.3434 13.8224 0.276679
14.3434 13.8224 0.276679
14.3434 13.8224 0.276679
14.3434 13.8224 0.276679
14.3557 14.6202 0.282559
14.7372 14.3994 0.298429
14.7372 14.3994 0.298429
14.5236 14.8259 0.292465
14.2299 14.5848 0.295915
14.4828 14.6458 0.301139
14.9555 14.2265 0.292377
14.9555 14.2265 0.292377
14.9592 14.7913 0.27243
14.5837 14.2939 0.291867
14.5837 14.2939 0.291867
14.5837 14.2939 0.291867
14.5837 14.2939 0.291867
14.5837 14.2939 0.291867
14.6298 14.9667 0.282827
14.9213 14.5563 0.265882
14.9213 14.5563 0.265882
15.2256 14.5876 0.284832
14.4757 14.5005 0.281762
14.4757 14.5005 0.281762
14.4757 14.5005 0.281762
14.4757 14.5005 0.281762
14.7897 14.583 0.275151
14.4128 14.8995 0.274516
14.4128 14.8995 0.274516
14.5091 14.9852 0.280832
14.9835 14.7884 0.291381
14.6452 14.3158 0.300976
14.6452 14.3158 0.300976
14.6452 14.3158 0.300976
13.9841 14.3209 0.282854
13.9841 14.3209 0.282854
13.9841 14.3209 0.282854
14.7172 13.9866 0.287648
14.7172 13.9866 0.287648
14.5778 14.9841 0.30011
14.5778 14.9841 0.30011
14.5778 14.9841 0.30011
14.6982 14.7453 0.284488
15.0963 14.8068 0.301644
15.0963 14.8068 0.301644
15.1428 15.3563 0.284049
15.1428 15.3563 0.284049
15.1429 14.9749 0.299426
15.4392 15.3679 0.293522
14.8521 14.3312 0.287073
14.5283 15.148 0.289585
15.1107 15.3903 0.288006
15.1107 15.3903 0.288006
15.2459 14.9081 0.308824
15.2459 14.9081 0.308824
15.0323 15.3346 0.30286
15.0323 15.3346 0.30286
15.4963 15.1468 0.29195
14.7386 15.0935 0.306309
14.9916 15.1545 0.311533
15.0112 15.0383 0.294698
15.0112 15.0383 0.294698
14.9508 14.654 0.284919
14.8413 15.6037 0.296388
15.5583 14.5348 0.293182
15.0974 15.6359 0.282959
15.6285 15.8384 0.291294
15.5207 15.6685 0.277301
15.3378 14.693 0.285065
14.9163 15.0696 0.290551
14.9362 15.6032 0.289036
15.6379 14.9873 0.295519
15.6379 14.9873 0.295519
15.6379 14.9873 0.295519
15.6379 14.9873 0.295519
15.335 15.5901 0.297147
15.335 15.5901 0.297147
15.7834 14.9707 0.277158
15.7834 14.9707 0.277158
14.9993 15.382 0.304875
15.6906 14.6747 0.31481
15.2793 15.8664 0.286465
15.0618 15.37 0.274665
15.0618 15.37 0.274665
15.3263 14.9107 0.30266
15.4444 15.5221 0.297389
15.0846 15.0497 0.280647
14.8756 15.0498 0.288188
15.242 15.589 0.301265
15.2315 15.0891 0.310785
15.5478 15.0692 0.255898
15.2065 15.783 0.291181
15.3202 15.2779 0.30074
15.3202 15.2779 0.30074
15.3202 15.2779 0.30074
15.3202 15.2779 0.30074
15.9355 15.6483 0.291323
14.5959 15.066 0.285427
14.5959 15.066 0.285427
15.4285 15.4075 0.296416
15.1904 15.331 0.293135
15.2206 14.7899 0.287918
15.2206 14.7899 0.287918
15.474 15.0783 0.287863
15.4207 15.188 0.29053
15.4207 15.188 0.29053
15.4207 15.188 0.29053
14.5981 14.9181 0.296069
15.1221 15.1773 0.315048
15.1221 15.1773 0.315048
15.0148 15.0152 0.287505
15.0148 15.0152 0.287505
15.0148 15.0152 0.287505
14.4139 15.5822 0.306981
14.4139 15.5822 0.306981
14.4139 15.5822 0.306981
14.4139 15.5822 0.306981
14.4139 15.5822 0.306981
15.1088 15.6428 0.286643
15.1088 15.6428 0.286643
15.7944 15.2992 0.293971
15.7944 15.2992 0.293971
15.7944 15.2992 0.293971
15.3078 14.944 0.297737
15.4556 15.3576 0.28544
15.5489 15.8031 0.298605
15.3379 15.0774 0.304534
15.3379 15.0774 0.304534
14.7084 15.1976 0.292762
15.824 14.9894 0.289657
15.824 14.9894 0.289657
15.824 14.9894 0.289657
15.4113 15.0957 0.279886
15.4278 15.5987 0.30814
15.4278 15.5987 0.30814
15.4026 15.3459 0.281734
15.506 15.6046 0.298746
15.506 15.6046 0.298746
15.5198 14.9466 0.297064
15.6608 14.8395 0.295151
15.6608 14.8395 0.295151
14.914 15.3042 0.289332
15.4545 15.8781 0.282615
15.4545 15.8781 0.282615
15.4545 15.8781 0.282615
14.9957 15.587 0.288795
14.9957 15.587 0.288795
14.7749 15.3658 0.286802
14.8972 15.5281 0.285127
14.8972 15.5281 0.285127
15.9146 15.698 0.271135
15.9146 15.698 0.271135
14.3268 15.045 0.294042
15.8258 14.6694 0.286858
15.8258 14.6694 0.286858
15.2068 15.042 0.284818
14.7533 15.2013 0.296925
14.7533 15.2013 0.296925
14.7533 15.2013 0.296925
14.7533 15.2013 0.296925
14.8337 15.3172 0.314467
15.498 15.1344 0.276162
14.9942 14.8339 0.295848
14.9942 14.8339 0.295848
15.3356 15.5951 0.295023
14.8493 15.7235 0.278626
14.8493 15.7235 0.278626
15.7293 16.0216 0.275932
15.4274 15.5047 0.297722
15.4412 15.1685 0.29477
15.805 15.0115 0.268111
15.805 15.0115 0.268111
15.805 15.0115 0.268111
15.6114 15.4751 0.291981
15.5358 15.4755 0.282238
14.8363 14.8131 0.299294
14.8363 14.8131 0.299294
14.8363 14.8131 0.299294
14.8363 14.8131 0.299294
14.6717 15.493 0.301318
15.4113 15.382 0.289926
15.5763 15.0027 0.286733
15.5763 15.0027 0.286733
16.0663 15.1339 0.283103
15.181 15.9707 0.301809
15.4388 15.3123 0.307245
15.5054 15.2279 0.292526
15.6994 15.3211 0.285004
15.6994 15.3211 0.285004
15.2615 15.6548 0.304378
15.2615 15.6548 0.304378
15.4875 15.064 0.29038
15.1189 15.1824 0.284435
15.1189 15.1824 0.284435
15.112 14.8208 0.288814
15.112 14.8208 0.288814
15.1701 15.1326 0.291982
15.463 15.509 0.296989
14.9638 14.5982 0.29665
14.9638 14.5982 0.29665
15.0393 15.2511 0.274442
15.0393 15.2511 0.274442
15.4749 15.5463 0.289115
15.4749 15.5463 0.289115
15.7759 15.2675 0.285477
15.5249 15.7832 0.300336
15.5249 15.7832 0.300336
15.5249 15.7832 0.300336
15.299 15.624 0.281655
15.5914 15.4849 0.301895
15.3564 15.3194 0.30148
15.3564 15.3194 0.30148
15.3605 14.956 0.283486
15.3605 14.956 0.283486
15.5248 15.3228 0.293815
15.2109 15.9658 0.29024
15.2109 15.9658 0.29024
15.3541 15.4013 0.285578
15.3541 15.4013 0.285578
14.9103 14.8023 0.294238
15.269 14.9852 0.289929
15.3891 15.3666 0.280509
15.2052 15.5106 0.313085
15.3376 15.011 0.294674
15.3376 15.011 0.294674
15.3376 15.011 0.294674
15.3376 15.011 0.294674
15.172 15.0476 0.286335
15.5542 15.3718 0.27906
15.5542 15.3718 0.27906
15.3526 15.2931 0.286172
15.2887 15.1605 0.2933
15.2887 15.1605 0.2933
14.9421 15.7899 0.275833
15.0549 15.2901 0.276311
15.0549 15.2901 0.276311
15.1597 15.6503 0.299752
15.1597 15.6503 0.299752
15.1597 15.6503 0.299752
15.2387 16.2311 0.291161
14.8838 15.1044 0.298057
14.8838 15.1044 0.298057
15.6256 15.2198 0.283185
15.4053 15.1284 0.300249
15.1903 14.9614 0.296845
15.2012 14.9745 0.294636
15.2012 14.9745 0.294636
15.7178 15.0791 0.294903
14.9798 15.0718 0.283397
15.8644 15.0455 0.290992
15.2685 14.7658 0.2844
15.2685 14.7658 0.2844
14.9765 15.5367 0.290759
15.3475 14.8324 0.296162
15.3475 14.8324 0.296162
15.3475 14.8324 0.296162
15.1677 15.5727 0.285451
15.1677 15.5727 0.285451
15.1677 15.5727 0.285451
15.8113 15.5524 0.298659
14.7858 15.3996 0.284847
15.026 15.63 0.289296
15.026 15.63 0.289296
15.3921 15.0545 0.286717
14.9782 15.0292 0.290658
15.1587 15.306 0.313816
15.3355 14.9793 0.30512
15.3355 14.9793 0.30512
15.9672 15.2078 0.298574
15.2897 15.2482 0.268397
15.2897 15.2482 0.268397
14.9667 15.5393 0.297525
15.0602 15.112 0.300794
15.0602 15.112 0.300794
15.4069 14.7709 0.296093
15.4069 14.7709 0.296093
15.4069 14.7709 0.296093
15.6105 15.1524 0.293927
15.6105 15.1524 0.293927
15.6105 15.1524 0.293927
15.6884 15.2446 0.289277
15.9793 15.6433 0.302842
15.3814 15.3111 0.28669
15.4635 15.6245 0.291658
15.4635 15.6245 0.291658
15.151 15.4145 0.28618
15.151 15.4145 0.28618
15.151 15.4145 0.28618
15.3589 15.7738 0.296244
15.6334 15.5017 0.294554
15.6334 15.5017 0.294554
15.6334 15.5017 0.294554
15.7188 15.2168 0.294397
15.7188 15.2168 0.294397
14.9995 15.23 0.291842
15.5429 15.1821 0.306525
15.5429 15.1821 0.306525
15.5429 15.1821 0.306525
15.5429 15.1821 0.306525
15.5429 15.1821 0.306525
15.5151 14.9573 0.296062
15.4843 15.4414 0.275333
15.4843 15.4414 0.275333
14.7849 15.6023 0.281125
15.6024 15.4671 0.294025
15.2684 15.5247 0.295127
15.4638 14.9287 0.281727
15.4638 14.9287 0.281727
15.0861 15.5105 0.303076
15.5033 15.6802 0.289894
15.5033 15.6802 0.289894
15.2233 15.9898 0.278181
15.2233 15.9898 0.278181
15.2233 15.9898 0.278181
15.673 15.317 0.286308
15.673 15.317 0.286308
14.9024 15.0264 0.310944
14.9024 15.0264 0.310944
15.2635 15.5191 0.292098
15.2635 15.5191 0.292098
15.3671 15.164 0.267188
15.3671 15.164 0.267188
15.3671 15.164 0.267188
15.7659 15.3227 0.280668
15.4493 14.6541 0.290658
15.4493 14.6541 0.290658
14.9305 15.626 0.293542
14.9305 15.626 0.293542
14.8633 14.8889 0.298914
14.8633 14.8889 0.298914
15.2741 15.7714 0.294761
15.2741 15.7714 0.294761
15.7126 15.6601 0.30071
15.5571 15.5516 0.295888
15.7103 15.0799 0.294929
15.4717 15.3555 0.271301
15.4717 15.3555 0.271301
15.4717 15.3555 0.271301
14.7306 15.6389 0.286697
15.4538 15.4902 0.312599
15.4978 15.4533 0.288607
15.4978 15.4533 0.288607
14.8403 15.3482 0.291315
15.0451 15.1337 0.286025
15.0451 15.1337 0.286025
15.0451 15.1337 0.286025
14.9409 15.2568 0.298684
14.9409 15.2568 0.298684
14.6981 15.1106 0.268529
14.6981 15.1106 0.268529
15.3413 14.9334 0.280379
15.0329 15.3841 0.290896
15.0329 15.3841 0.290896
14.9651 15.588 0.29976
14.9651 15.588 0.29976
15.1516 15.0818 0.292654
15.5493 15.4758 0.302969
15.7294 15.4909 0.290394
15.7294 15.4909 0.290394
15.7093 15.4101 0.274749
15.7093 15.4101 0.274749
15.3883 15.4768 0.293104
15.3883 15.4768 0.293104
15.1055 15.0247 0.290201
15.1055 15.0247 0.290201
15.51 15.2637 0.292879
14.92 15.1477 0.29814
14.92 15.1477 0.29814
14.92 15.1477 0.29814
15.369 15.2406 0.290745
15.3162 15.0344 0.295729
15.3162 15.0344 0.295729
15.3162 15.0344 0.295729
15.0945 15.7456 0.299999
15.0335 14.681 0.302627
15.0335 14.681 0.302627
15.7275 15.4396 0.27484
15.6023 15.3309 0.272542
15.6023 15.3309 0.272542
15.334 15.5848 0.28771
15.8392 15.3465 0.275706
15.3531 15.2627 0.280762
15.5643 14.6979 0.270472
15.5643 14.6979 0.270472
15.5643 14.6979 0.270472
15.4371 15.2323 0.287245
15.4371 15.2323 0.287245
15.4371 15.2323 0.287245
15.0243 15.3795 0.287872
15.0243 15.3795 0.287872
15.8226 15.0232 0.299488
15.293 15.2777 0.304925
15.293 15.2777 0.304925
15.293 15.2777 0.304925
15.4928 15.2223 0.300515
15.3749 15.3307 0.289263
15.3749 15.3307 0.289263
15.3006 15.3801 0.279135
15.3006 15.3801 0.279135
15.3006 15.3801 0.279135
15.4827 15.2786 0.279198
15.4848 15.4938 0.289659
15.4848 15.4938 0.289659
14.8913 15.0962 0.288925
14.8913 15.0962 0.288925
15.3043 16.0781 0.287743
15.3043 16.0781 0.287743
15.3043 16.0781 0.287743
15.1519 15.36 0.291796
15.6329 15.3774 0.282665
15.1964 15.5177 0.296159
15.1964 15.5177 0.296159
15.1964 15.5177 0.296159
15.3359 14.9339 0.294262
15.3359 14.9339 0.294262
15.7303 15.1246 0.280863
15.7303 15.1246 0.280863
15.4964 15.4448 0.298224
15.4964 15.4448 0.298224
15.4964 15.4448 0.298224
15.4964 15.4448 0.298224
15.0009 15.5928 0.286826
15.4424 15.0186 0.303354
15.4424 15.0186 0.303354
15.4185 15.3731 0.297821
15.4185 15.3731 0.297821
15.2147 15.3438 0.292932
15.2147 15.3438 0.292932
15.3022 15.0906 0.296487
15.1985 15.1163 0.29828
15.6388 15.6818 0.307815
15.6388 15.6818 0.307815
15.6388 15.6818 0.307815
15.6388 15.6818 0.307815
15.7499 15.053 0.28833
15.7499 15.053 0.28833
15.1695 15.5797 0.300312
15.1695 15.5797 0.300312
15.0208 15.3864 0.286679
15.0208 15.3864 0.286679
15.6148 15.0603 0.305811
15.546 15.0299 0.297372
15.546 15.0299 0.297372
15.5159 15.3715 0.302862
15.5159 15.3715 0.302862
15.0001 15.2419 0.280892
15.2966 15.3742 0.290061
15.6814 15.5169 0.295438
15.6814 15.5169 0.295438
15.4612 15.9716 0.296978
15.7019 15.3153 0.270282
15.7019 15.3153 0.270282
14.875 15.2319 0.283778
15.0558 14.8198 0.302913
15.1014 15.0099 0.293253
15.1014 15.0099 0.293253
15.2644 14.8054 0.289801
15.2644 14.8054 0.289801
14.5591 15.3215 0.289658
15.8135 15.2857 0.283424
15.5733 15.299 0.298889
15.2497 15.1732 0.275562
15.3815 14.7712 0.296084
15.3815 14.7712 0.296084
15.9334 15.5862 0.294421
15.9334 15.5862 0.294421
15.189 14.2878 0.294412
14.814 15.5991 0.303554
14.814 15.5991 0.303554
15.2702 15.2599 0.287287
15.7036 15.0407 0.283788
15.1999 14.7573 0.297977
15.1999 14.7573 0.297977
15.0262 15.1683 0.307559
15.0262 15.1683 0.307559
15.1829 15.2691 0.292296
15.0748 15.497 0.289084
15.6442 15.1273 0.29407
15.2209 15.5102 0.280874
15.2209 15.5102 0.280874
15.4474 15.8376 0.292119
15.4474 15.8376 0.292119
15.0071 15.2306 0.256914
15.0071 15.2306 0.256914
15.0071 15.2306 0.256914
15.0613 15.6638 0.278968
14.8036 15.1915 0.292558
14.8036 15.1915 0.292558
14.8036 15.1915 0.292558
14.8036 15.1915 0.292558
14.8036 15.1915 0.292558
14.8036 15.1915 0.292558
15.998 14.688 0.286537
15.3736 15.3523 0.29935
15.3736 15.3523 0.29935
15.4504 15.3915 0.3223
15.4504 15.3915 0.3223
15.1458 15.1189 0.302058
14.8598 15.1561 0.278253
15.6538 15.216 0.29529
15.6538 15.216 0.29529
15.4952 15.6463 0.273012
15.6397 15.6049 0.300277
15.1429 15.71 0.299114
15.515 15.0951 0.289226
15.2326 14.917 0.297685
15.2326 14.917 0.297685
15.2326 14.917 0.297685
15.2326 14.917 0.297685
15.592 15.2342 0.287654
15.1618 15.5322 0.289535
15.2007 14.9436 0.287722
15.2919 15.401 0.281102
15.0614 15.3613 0.292854
15.6744 15.5052 0.309606
15.6744 15.5052 0.309606
15.6744 15.5052 0.309606
15.2939 14.9948 0.292319
15.2939 14.9948 0.292319
15.3832 15.3001 0.298059
15.325 14.7013 0.282646
15.0231 15.7758 0.294795
15.2293 15.2543 0.282839
15.2132 15.5922 0.290141
15.2132 15.5922 0.290141
15.6707 15.172 0.295404
15.6707 15.172 0.295404
15.6707 15.172 0.295404
15.224 15.0954 0.293873
15.224 15.0954 0.293873
15.224 15.0954 0.293873
15.6991 14.9196 0.28053
15.6991 14.9196 0.28053
15.5298 15.4592 0.297925
15.5298 15.4592 0.297925
15.7686 15.0996 0.277812
15.1902 15.5487 0.294636
15.1871 14.8887 0.288494
15.1871 14.8887 0.288494
15.0264 15.0217 0.284186
15.0264 15.0217 0.284186
15.418 14.6796 0.287732
15.418 14.6796 0.287732
15.418 14.6796 0.287732
15.418 14.6796 0.287732
15.0378 15.5103 0.289763
15.3746 15.9269 0.296453
15.472 15.5118 0.289892
15.472 15.5118 0.289892
15.7329 15.7866 0.293461
15.6865 15.1298 0.289734
15.6865 15.1298 0.289734
15.6865 15.1298 0.289734
15.2774 15.2209 0.293016
15.2774 15.2209 0.293016
15.2774 15.2209 0.293016
14.984 15.2798 0.279722
14.8596 15.626 0.288176
14.8596 15.626 0.288176
14.8596 15.626 0.288176
14.8596 15.626 0.288176
15.8703 15.0368 0.284076
15.8703 15.0368 0.284076
15.8703 15.0368 0.284076
15.8703 15.0368 0.284076
15.2852 15.727 0.290897
15.2852 15.727 0.290897
15.1989 15.4675 0.299273
15.1989 15.4675 0.299273
15.1989 15.4675 0.299273
15.5413 15.5007 0.291828
15.0937 15.2035 0.287634
14.61 15.2584 0.299732
14.61 15.2584 0.299732
14.61 15.2584 0.299732
15.2344 14.9849 0.290756
15.2344 14.9849 0.290756
15.2344 14.9849 0.290756
15.4246 14.8316 0.290136
15.4246 14.8316 0.290136
15.3545 15.3699 0.282153
15.3545 15.3699 0.282153
15.3113 15.1982 0.27298
15.5988 15.2706 0.291375
15.0359 15.0618 0.296256
15.0359 15.0618 0.296256
15.7931 15.1116 0.291535
15.7931 15.1116 0.291535
15.2917 15.4587 0.278492
15.2917 15.4587 0.278492
15.3554 15.408 0.276906
15.6004 14.7927 0.291395
15.6004 14.7927 0.291395
15.6004 14.7927 0.291395
15.7434 15.5637 0.291746
15.169 15.7776 0.307405
15.0527 15.7137 0.263663
15.0722 14.6353 0.297897
15.0722 14.6353 0.297897
15.4898 15.9769 0.298567
15.4898 15.9769 0.298567
15.3021 15.3717 0.279984
15.3021 15.3717 0.279984
14.883 15.4149 0.316049
14.883 15.4149 0.316049
15.0493 15.5978 0.297775
15.0493 15.5978 0.297775
15.3083 15.4682 0.283193
15.3083 15.4682 0.283193
15.3416 15.5395 0.266663
15.2098 15.617 0.284489
15.3772 15.1165 0.287683
15.2313 15.1191 0.300166
15.2313 15.1191 0.300166
15.2313 15.1191 0.300166
15.2313 15.1191 0.300166
15.0475 15.4563 0.288003
15.6201 15.2017 0.294254
15.6201 15.2017 0.294254
15.6201 15.2017 0.294254
15.2142 15.3105 0.278425
15.2142 15.3105 0.278425
15.2142 15.3105 0.278425
15.2142 15.3105 0.278425
15.2198 15.4526 0.310213
15.5869 15.1037 0.291561
15.3715 15.6927 0.288765
15.3879 15.2423 0.288362
15.3879 15.2423 0.288362
15.3879 15.2423 0.288362
15.5884 15.0454 0.287516
15.8363 14.7926 0.308878
15.8363 14.7926 0.308878
15.4287 15.7027 0.285453
15.5256 15.551 0.27575
15.5256 15.551 0.27575
15.5256 15.551 0.27575
15.5256 15.551 0.27575
15.5256 15.551 0.27575
15.6494 15.4461 0.286133
15.6494 15.4461 0.286133
15.6494 15.4461 0.286133
14.987 14.9809 0.32063
14.7508 14.3533 0.297695
14.6423 14.8835 0.275954
14.7671 14.4991 0.305033
14.7648 14.7727 0.289095
14.4694 14.8593 0.275805
14.4694 14.8593 0.275805
14.6685 14.5939 0.271638
14.6685 14.5939 0.271638
14.5962 14.8648 0.287096
14.5962 14.8648 0.287096
14.5962 14.8648 0.287096
14.8115 14.5082 0.275152
14.8115 14.5082 0.275152
14.8115 14.5082 0.275152
14.8448 15.0302 0.295289
14.4224 14.5392 0.294419
14.5204 14.152 0.287349
14.6278 14.3756 0.292009
14.1087 14.6395 0.297565
14.1087 14.6395 0.297565
14.1087 14.6395 0.297565
14.1087 14.6395 0.297565
14.1087 14.6395 0.297565
14.1087 14.6395 0.297565
14.1087 14.6395 0.297565
14.5004 14.6775 0.276831
14.3086 14.314 0.27226
14.3086 14.314 0.27226
14.3086 14.314 0.27226
14.3086 14.314 0.27226
14.8189 14.6855 0.294271
14.4955 14.5478 0.271568
14.4955 14.5478 0.271568
14.8926 14.2904 0.286359
15.123 14.645 0.293038
14.6442 14.9152 0.279301
14.6392 14.8783 0.293533
14.7853 14.9473 0.278043
14.233 14.2215 0.285632
14.233 14.2215 0.285632
14.233 14.2215 0.285632
14.8146 14.6829 0.273289
14.5481 14.7126 0.287837
14.6807 14.6143 0.300459
14.6807 14.6143 0.300459
14.6807 14.6143 0.300459
14.4937 14.1659 0.295205
14.4937 14.1659 0.295205
14.4937 14.1659 0.295205
14.4937 14.1659 0.295205
14.2635 14.3718 0.305969
14.2635 14.3718 0.305969
14.635 14.5531 0.280377
14.635 14.5531 0.280377
14.9438 14.7913 0.302918
14.6392 15.1406 0.286618
14.6392 15.1406 0.286618
14.6392 15.1406 0.286618
14.6392 15.1406 0.286618
14.3664 14.5738 0.28431
14.3664 14.5738 0.28431
14.3664 14.5738 0.28431
14.3664 14.5738 0.28431
14.7819 14.6995 0.278593
14.7819 14.6995 0.278593
14.7819 14.6995 0.278593
14.9008 14.9061 0.284859
13.944 14.8584 0.311534
14.3078 14.6378 0.267223
14.7364 14.9749 0.290919
14.7364 14.9749 0.290919
14.4309 14.9621 0.293028
14.4309 14.9621 0.293028
14.3366 15.066 0.294945
14.3366 15.066 0.294945
15.1701 15.016 0.279663
15.1701 15.016 0.279663
15.1701 15.016 0.279663
14.5364 14.7035 0.281487
14.5929 14.6559 0.275091
14.5929 14.6559 0.275091
15.0651 14.5351 0.313357
15.0651 14.5351 0.313357
15.0651 14.5351 0.313357
14.8092 14.8393 0.292513
14.8092 14.8393 0.292513
14.8092 14.8393 0.292513
14.8092 14.8393 0.292513
14.8092 14.8393 0.292513
14.8092 14.8393 0.292513
14.8092 14.8393 0.292513
14.5698 15.0081 0.265546
15.1552 14.0385 0.282465
15.1552 14.0385 0.282465
15.1552 14.0385 0.282465
14.7262 14.6917 0.295577
14.5517 14.2185 0.288573
14.4864 14.874 0.271293
14.4864 14.874 0.271293
14.7816 14.8758 0.264014
14.3246 14.3347 0.282108
14.8931 14.9647 0.282223
14.8931 14.9647 0.282223
14.8931 14.9647 0.282223
14.5132 14.7287 0.267498
14.5132 14.7287 0.267498
14.5132 14.7287 0.267498
14.5132 14.7287 0.267498
14.501 15.1013 0.30513
14.501 15.1013 0.30513
14.872 14.3238 0.29245
14.6641 14.3193 0.291152
14.8012 14.6475 0.28663
14.6598 14.4243 0.277326
14.6598 14.4243 0.277326
15.0979 14.3775 0.310131
15.0979 14.3775 0.310131
14.9038 14.0389 0.282397
14.2256 14.5807 0.282519
14.7293 14.9221 0.294211
14.7293 14.9221 0.294211
14.3846 14.3878 0.285657
14.3846 14.3878 0.285657
14.3907 14.6226 0.283941
14.3907 14.6226 0.283941
14.3907 14.6226 0.283941
14.6048 14.4912 0.289381
14.9978 14.5836 0.276948
14.9978 14.5836 0.276948
14.3089 14.2514 0.28247
14.3089 14.2514 0.28247
14.3089 14.2514 0.28247
14.3089 14.2514 0.28247
14.3089 14.2514 0.28247
14.3405 14.6391 0.298266
14.9593 14.5456 0.283885
14.9593 14.5456 0.283885
14.9593 14.5456 0.283885
14.8149 14.2677 0.283053
15.0283 14.5563 0.267569
14.101 15.2682 0.279876
14.101 15.2682 0.279876
14.101 15.2682 0.279876
15.1074 14.7179 0.293837
15.1074 14.7179 0.293837
14.3676 14.7663 0.281992
14.5913 14.6906 0.294235
14.3555 14.7172 0.279891
14.3555 14.7172 0.279891
14.3555 14.7172 0.279891
14.7704 14.9244 0.291972
14.7704 14.9244 0.291972
14.4727 14.2821 0.266368
14.6733 14.3663 0.270824
14.6733 14.3663 0.270824
14.6676 15.0371 0.28607
14.6048 14.7258 0.281331
14.6048 14.7258 0.281331
14.6048 14.7258 0.281331
14.7913 14.6062 0.298024
14.7913 14.6062 0.298024
14.7913 14.6062 0.298024
14.1739 14.2383 0.283317
14.1739 14.2383 0.283317
14.1739 14.2383 0.283317
14.1739 14.2383 0.283317
14.376 15.102 0.292255
14.3895 14.6389 0.293767
14.3895 14.6389 0.293767
14.3895 14.6389 0.293767
15.0002 14.94 0.273374
15.0002 14.94 0.273374
14.8612 14.8875 0.287758
14.4082 14.8776 0.293089
15.0145 14.4412 0.280679
15.0145 14.4412 0.280679
14.7409 14.6005 0.280568
14.5089 14.2561 0.290552
14.5089 14.2561 0.290552
15.1091 14.3847 0.279005
14.9503 14.4559 0.27183
14.9503 14.4559 0.27183
14.1909 14.4758 0.297165
14.1909 14.4758 0.297165
14.1909 14.4758 0.297165
14.0939 14.5838 0.289202
15.0011 14.4145 0.278006
15.0011 14.4145 0.278006
15.0163 14.929 0.296595
14.6426 14.8555 0.273033
14.9238 14.6951 0.29273
14.9238 14.6951 0.29273
14.9238 14.6951 0.29273
14.9238 14.6951 0.29273
14.4777 15.1143 0.287879
14.3319 14.9559 0.280121
14.3319 14.9559 0.280121
14.9077 14.1345 0.298613
14.7213 14.6652 0.26596
14.7213 14.6652 0.26596
14.6412 14.6064 0.278709
14.6412 14.6064 0.278709
14.6412 14.6064 0.278709
15.0201 14.6147 0.284897
15.0201 14.6147 0.284897
15.0201 14.6147 0.284897
15.0201 14.6147 0.284897
15.0201 14.6147 0.284897
15.0201 14.6147 0.284897
15.0201 14.6147 0.284897
14.0898 14.6927 0.3004
14.0898 14.6927 0.3004
14.0898 14.6927 0.3004
14.9689 14.8876 0.283417
14.9689 14.8876 0.283417
14.2323 14.5848 0.271428
14.2323 14.5848 0.271428
14.9691 14.635 0.279698
15.0408 15.0271 0.282037
14.899 14.5412 0.294921
14.899 14.5412 0.294921
14.899 14.5412 0.294921
14.6804 14.2672 0.289294
15.1563 14.2704 0.292613
14.6596 14.6703 0.282098
14.6596 14.6703 0.282098
15.3518 14.5528 0.293234
15.3518 14.5528 0.293234
13.8021 14.5789 0.289558
14.56 14.7535 0.292259
14.56 14.7535 0.292259
14.9289 14.8642 0.296852
14.9289 14.8642 0.296852
14.9289 14.8642 0.296852
14.4186 14.5514 0.288595
14.4186 14.5514 0.288595
15.1819 14.6804 0.275885
15.1819 14.6804 0.275885
14.5867 14.8262 0.281001
14.5867 14.8262 0.281001
14.5867 14.8262 0.281001
14.5867 14.8262 0.281001
14.5867 14.8262 0.281001
14.5867 14.8262 0.281001
14.5867 14.8262 0.281001
14.3685 14.6927 0.2878
14.3685 14.6927 0.2878
14.4184 15.0162 0.268001
14.9926 14.8944 0.282453
14.6714 14.7014 0.281209
14.6714 14.7014 0.281209
14.6714 14.7014 0.281209
14.5162 14.3102 0.309699
14.3818 14.7408 0.28567
14.2659 15.0178 0.279601
14.9953 14.1854 0.292686
14.9758 14.8911 0.280673
14.9758 14.8911 0.280673
14.5277 14.4516 0.306542
14.5325 14.4947 0.287871
14.5325 14.4947 0.287871
14.8287 15.4605 0.284807
15.2491 14.5716 0.289835
15.2491 14.5716 0.289835
14.3597 14.7695 0.294648
14.6507 15.0677 0.281869
14.1742 14.3876 0.272178
14.1525 14.6379 0.291979
14.1525 14.6379 0.291979
14.9738 14.7232 0.281001
14.697 14.9155 0.283446
14.697 14.9155 0.283446
14.697 14.9155 0.283446
14.3926 14.6674 0.262992
14.3926 14.6674 0.262992
14.8641 14.4823 0.272944
14.8641 14.4823 0.272944
14.8641 14.4823 0.272944
14.8641 14.4823 0.272944
14.9433 14.5161 0.277791
15.3201 13.9515 0.283093
15.3201 13.9515 0.283093
15.3201 13.9515 0.283093
14.4853 14.3572 0.286349
14.4853 14.3572 0.286349
13.9452 14.1405 0.285695
14.3584 14.5224 0.28884
14.4947 14.5454 0.267109
14.4947 14.5454 0.267109
14.554 14.7427 0.287511
14.7917 15.2971 0.273446
14.7917 15.2971 0.273446
14.4626 14.6161 0.278828
14.4626 14.6161 0.278828
14.479 14.8125 0.290352
15.1245 14.5926 0.292814
14.3349 15.1146 0.283425
14.3349 15.1146 0.283425
14.4938 14.4693 0.291823
14.4938 14.4693 0.291823
14.5088 14.3365 0.295051
14.5088 14.3365 0.295051
14.2677 15.1741 0.291079
14.2677 15.1741 0.291079
14.9768 14.6783 0.290173
14.4987 14.9758 0.295229
14.4987 14.9758 0.295229
14.2624 14.5893 0.287659
14.5071 14.3536 0.278438
14.5618 14.2713 0.288457
14.651 14.3345 0.278081
14.6594 14.3888 0.29695
14.8741 14.4732 0.275975
14.6252 14.3012 0.297895
14.2615 14.7456 0.290417
14.6722 14.8086 0.276438
14.567 14.376 0.288807
14.567 14.376 0.288807
14.9764 14.4139 0.273607
14.9764 14.4139 0.273607
14.9764 14.4139 0.273607
14.7187 14.3077 0.289042
14.7187 14.3077 0.289042
14.8134 14.3006 0.293306
15.1884 14.6697 0.28896
14.5648 15.0773 0.295203
14.5648 15.0773 0.295203
14.6727 14.6696 0.283208
14.299 14.4145 0.290468
14.299 14.4145 0.290468
14.299 14.4145 0.290468
14.299 14.4145 0.290468
15.0403 14.8479 0.293205
15.0403 14.8479 0.293205
14.7546 14.8864 0.312413
14.7546 14.8864 0.312413
14.046 14.5411 0.278836
14.046 14.5411 0.278836
14.1462 14.5328 0.274092
15.0452 14.7837 0.270526
15.0452 14.7837 0.270526
15.0452 14.7837 0.270526
15.0452 14.7837 0.270526
14.6015 14.379 0.287253
14.6015 14.379 0.287253
14.3937 14.5084 0.283755
14.5308 14.5296 0.285422
14.5308 14.5296 0.285422
14.5507 15.3283 0.289948
14.5507 15.3283 0.289948
14.7248 14.5702 0.274315
14.5856 14.4628 0.279766
14.1199 14.567 0.278686
14.639 14.8991 0.297731
14.639 14.8991 0.297731
14.858 14.5372 0.267254
14.858 14.5372 0.267254
14.5534 14.6093 0.275556
14.5534 14.6093 0.275556
14.5534 14.6093 0.275556
14.5534 14.6093 0.275556
14.7245 14.2677 0.272031
14.7245 14.2677 0.272031
14.7245 14.2677 0.272031
14.3337 14.8661 0.285171
14.5287 14.4662 0.283519
14.9938 14.7596 0.286347
14.8071 14.3489 0.290426
14.8071 14.3489 0.290426
14.4823 15.4823 0.284546
14.4823 15.4823 0.284546
14.4823 15.4823 0.284546
14.493 14.6326 0.298477
14.4367 14.6718 0.26892
14.8768 14.5869 0.297156
14.8768 14.5869 0.297156
14.8768 14.5869 0.297156
14.514 14.5884 0.275033
14.514 14.5884 0.275033
14.4385 15.1627 0.272943
14.4385 15.1627 0.272943
14.4676 14.7045 0.277379
14.8074 14.9661 0.298428
14.8074 14.9661 0.298428
14.8074 14.9661 0.298428
15.0961 14.246 0.263468
15.0961 14.246 0.263468
14.4903 14.9715 0.281226
14.7545 14.7537 0.298224
14.7545 14.7537 0.298224
14.4296 14.4476 0.288344
14.4296 14.4476 0.288344
14.4296 14.4476 0.288344
14.684 14.4383 0.29273
14.3847 14.9713 0.292806
14.3847 14.9713 0.292806
14.184 14.7236 0.277208
14.7027 15.0924 0.297464
14.7027 15.0924 0.297464
14.9844 15.1161 0.266235
14.9844 15.1161 0.266235
14.9844 15.1161 0.266235
14.6495 14.7703 0.27752
14.6495 14.7703 0.27752
14.7495 14.9364 0.286703
13.8236 14.6653 0.28758
14.0183 15.1808 0.283964
14.6586 14.2006 0.294748
14.5267 14.4077 0.279986
15.2591 14.2108 0.286502
14.8222 14.2659 0.292941
14.8222 14.2659 0.292941
14.3235 14.6996 0.284764
14.3235 14.6996 0.284764
14.3235 14.6996 0.284764
14.1397 14.811 0.294255
14.1397 14.811 0.294255
14.8739 14.3459 0.269047
14.8739 14.3459 0.269047
14.8739 14.3459 0.269047
14.2033 14.5121 0.287679
14.2033 14.5121 0.287679
11.4126 10.9509 0.306259
11.4126 10.9509 0.306259
11.4126 10.9509 0.306259
10.6316 10.9619 0.293457
10.6316 10.9619 0.293457
10.6316 10.9619 0.293457
10.6316 10.9619 0.293457
10.6316 10.9619 0.293457
10.6316 10.9619 0.293457
10.6316 10.9619 0.293457
10.6316 10.9619 0.293457
10.6316 10.9619 0.293457
10.6316 10.9619 0.293457
10.6316 10.9619 0.293457
10.6316 10.9619 0.293457
10.6316 10.9619 0.293457
10.5708 10.7887 0.323321
10.5708 10.7887 0.323321
10.5708 10.7887 0.323321
10.9735 10.9205 0.294917
10.4942 10.8253 0.309594
10.4942 10.8253 0.309594
10.5576 10.715 0.299349
10.5576 10.715 0.299349
10.5576 10.715 0.299349
10.5576 10.715 0.299349
10.5576 10.715 0.299349
10.8558 10.7978 0.308826
10.8558 10.7978 0.308826
10.8558 10.7978 0.308826
10.8558 10.7978 0.308826
8.71686 8.11047 0.299693
8.71686 8.11047 0.299693
7.64663 8.12897 0.319738
7.64663 8.12897 0.319738
7.64663 8.12897 0.319738
7.64663 8.12897 0.319738
8.58732 7.57603 0.337434
8.58732 7.57603 0.337434
8.58732 7.57603 0.337434
8.58732 7.57603 0.337434
7.805 8.72203 0.313277
8.27256 7.82112 0.311489
8.27256 7.82112 0.311489
8.27256 7.82112 0.311489
8.27256 7.82112 0.311489
8.27256 7.82112 0.311489
8.27256 7.82112 0.311489
8.27256 7.82112 0.311489
8.27256 7.82112 0.311489
8.31381 8.26791 0.299437
8.31381 8.26791 0.299437
7.7041 7.5704 0.340253
7.7041 7.5704 0.340253
7.7041 7.5704 0.340253
7.7041 7.5704 0.340253
7.83434 7.85823 0.304503
7.83434 7.85823 0.304503
7.9956 8.11105 0.308921
8.15997 8.49525 0.298641
8.15997 8.49525 0.298641
8.43184 8.2994 0.310874
8.36655 8.14339 0.331218
8.36655 8.14339 0.331218
8.36655 8.14339 0.331218
8.36655 8.14339 0.331218
8.36655 8.14339 0.331218
7.98564 8.32356 0.305118
7.98564 8.32356 0.305118
7.97015 8.29358 0.302807
8.86081 7.88081 0.304136
8.86081 7.88081 0.304136
8.86081 7.88081 0.304136
8.86081 7.88081 0.304136
8.86081 7.88081 0.304136
8.86081 7.88081 0.304136
8.86081 7.88081 0.304136
8.86081 7.88081 0.304136
7.87198 8.5433 0.300436
7.87198 8.5433 0.300436
7.87198 8.5433 0.300436
8.42505 7.62826 0.32989
8.42505 7.62826 0.32989
8.42505 7.62826 0.32989
8.42505 7.62826 0.32989
8.42505 7.62826 0.32989
8.42505 7.62826 0.32989
8.42505 7.62826 0.32989
8.42505 7.62826 0.32989
8.42505 7.62826 0.32989
8.09184 8.37776 0.306833
7.93874 8.0122 0.33352
7.93874 8.0122 0.33352
7.93874 8.0122 0.33352
7.93874 8.0122 0.33352
8.41855 8.45002 0.318532
8.41855 8.45002 0.318532
8.41855 8.45002 0.318532
8.41855 8.45002 0.318532
8.41855 8.45002 0.318532
6.45396 7.14931 0.296997
6.45396 7.14931 0.296997
6.45396 7.14931 0.296997
6.45396 7.14931 0.296997
6.45396 7.14931 0.296997
6.45396 7.14931 0.296997
6.45396 7.14931 0.296997
6.45396 7.14931 0.296997
6.45396 7.14931 0.296997
6.76263 6.51167 0.291022
7.02575 6.84538 0.291724
7.02575 6.84538 0.291724
7.02575 6.84538 0.291724
6.82638 6.48565 0.291357
6.82638 6.48565 0.291357
6.82638 6.48565 0.291357
6.82638 6.48565 0.291357
6.82638 6.48565 0.291357
6.82638 6.48565 0.291357
6.82638 6.48565 0.291357
6.82638 6.48565 0.291357
6.82638 6.48565 0.291357
6.82638 6.48565 0.291357
6.82638 6.48565 0.291357
6.82638 6.48565 0.291357
6.82638 6.48565 0.291357
6.82638 6.48565 0.291357
6.36209 6.79032 -0.00729213
6.36209 6.79032 -0.00729213
6.36209 6.79032 -0.00729213
6.36209 6.79032 -0.00729213
6.36209 6.79032 -0.00729213
6.36209 6.79032 -0.00729213
6.20989 6.32536 0.00849406
6.20989 6.32536 0.00849406
7.57436 7.57148 0.328674
7.57436 7.57148 0.328674
7.57436 7.57148 0.328674
7.65224 7.3204 0.319981
7.65224 7.3204 0.319981
7.63651 7.70904 0.32293
7.63651 7.70904 0.32293
7.27363 7.58436 0.331507
7.27363 7.58436 0.331507
7.27363 7.58436 0.331507
7.27363 7.58436 0.331507
7.27363 7.58436 0.331507
8.18984 7.65382 0.32297
8.18984 7.65382 0.32297
7.70825 7.86852 0.343429
7.70825 7.86852 0.343429
7.70825 7.86852 0.343429
7.70825 7.86852 0.343429
7.70825 7.86852 0.343429
7.70825 7.86852 0.343429
7.83621 7.76513 0.334044
7.83621 7.76513 0.334044
7.83621 7.76513 0.334044
7.83621 7.76513 0.334044
7.83621 7.76513 0.334044
7.83621 7.76513 0.334044
7.69324 7.92125 0.318447
7.69324 7.92125 0.318447
7.69324 7.92125 0.318447
7.69324 7.92125 0.318447
7.8982 7.05716 0.317347
7.8982 7.05716 0.317347
7.8982 7.05716 0.317347
7.8982 7.05716 0.317347
7.8982 7.05716 0.317347
7.8982 7.05716 0.317347
7.8982 7.05716 0.317347
7.89574 7.71983 0.316496
7.89574 7.71983 0.316496
7.2486 7.90954 0.31407
7.2486 7.90954 0.31407
7.0895 7.61143 0.318308
7.0895 7.61143 0.318308
7.0895 7.61143 0.318308
7.0895 7.61143 0.318308
7.0895 7.61143 0.318308
7.0895 7.61143 0.318308
7.0895 7.61143 0.318308
8.1693 8.23448 0.311313
8.1693 8.23448 0.311313
8.1693 8.23448 0.311313
8.1693 8.23448 0.311313
8.1693 8.23448 0.311313
8.1693 8.23448 0.311313
8.1693 8.23448 0.311313
7.51786 7.62799 0.321425
7.51786 7.62799 0.321425
7.51786 7.62799 0.321425
7.51786 7.62799 0.321425
7.51786 7.62799 0.321425
7.51786 7.62799 0.321425
7.51786 7.62799 0.321425
7.51786 7.62799 0.321425
7.51786 7.62799 0.321425
7.51786 7.62799 0.321425
12.6579 11.929 0.306576
12.6579 11.929 0.306576
12.6579 11.929 0.306576
12.5305 12.0346 0.313339
12.3828 12.3016 0.324084
12.4444 11.9977 0.313055
12.5717 12.2033 0.28553
12.5717 12.2033 0.28553
12.5717 12.2033 0.28553
12.5717 12.2033 0.28553
12.5717 12.2033 0.28553
12.761 12.3346 0.314616
12.2635 12.355 0.296473
12.9079 12.4941 0.304286
12.9079 12.4941 0.304286
12.9079 12.4941 0.304286
12.9079 12.4941 0.304286
12.6819 12.3427 0.31378
12.6819 12.3427 0.31378
12.6819 12.3427 0.31378
12.6819 12.3427 0.31378
12.6819 12.3427 0.31378
12.6819 12.3427 0.31378
12.6819 12.3427 0.31378
12.6819 12.3427 0.31378
12.6819 12.3427 0.31378
12.6819 12.3427 0.31378
12.464 12.0423 0.307962
12.464 12.0423 0.307962
12.464 12.0423 0.307962
12.3598 12.4331 0.293931
12.3598 12.4331 0.293931
12.3598 12.4331 0.293931
12.3598 12.4331 0.293931
12.877 12.4885 0.304737
12.1393 12.5103 0.305388
12.1393 12.5103 0.305388
12.1393 12.5103 0.305388
12.1393 12.5103 0.305388
12.1393 12.5103 0.305388
12.0958 12.2445 0.298424
12.3763 12.4955 0.305738
12.3763 12.4955 0.305738
12.3763 12.4955 0.305738
12.6268 12.4998 0.294083
12.6268 12.4998 0.294083
12.6268 12.4998 0.294083
12.6268 12.4998 0.294083
12.6268 12.4998 0.294083
11.928 12.6508 0.293834
11.928 12.6508 0.293834
12.7161 12.523 0.302297
11.9167 12.7088 0.303557
12.4235 12.4385 0.308457
12.4235 12.4385 0.308457
12.4235 12.4385 0.308457
12.4235 12.4385 0.308457
12.4235 12.4385 0.308457
12.4235 12.4385 0.308457
12.2397 13.2525 0.297834
12.2397 13.2525 0.297834
12.2397 13.2525 0.297834
12.2397 13.2525 0.297834
7.92934 7.79962 0.337314
7.92934 7.79962 0.337314
7.92934 7.79962 0.337314
7.77375 7.67891 0.317343
8.10741 8.01578 0.319242
8.10741 8.01578 0.319242
8.10741 8.01578 0.319242
8.10741 8.01578 0.319242
11.3915 11.8052 0.302082
11.3915 11.8052 0.302082
11.9732 11.1084 0.305603
11.9732 11.1084 0.305603
11.9732 11.1084 0.305603
11.2391 11.7447 0.314575
11.2391 11.7447 0.314575
11.2391 11.7447 0.314575
11.2391 11.7447 0.314575
11.2391 11.7447 0.314575
11.2391 11.7447 0.314575
11.2391 11.7447 0.314575
11.2391 11.7447 0.314575
11.3047 10.6887 0.279379
11.3047 10.6887 0.279379
11.3047 10.6887 0.279379
11.3047 10.6887 0.279379
11.3047 10.6887 0.279379
11.3047 10.6887 0.279379
14.1011 13.9429 0.291887
13.7096 14.0663 0.265975
14.3995 14.0379 0.274223
14.3995 14.0379 0.274223
14.0713 13.7364 0.292535
14.0713 13.7364 0.292535
13.5791 13.8656 0.291432
13.8231 13.7996 0.282032
13.6309 14.122 0.271891
13.6309 14.122 0.271891
