61.301 60.9765 0.126198
11.2885 11.4187 0.317347
26.1693 26.5756 0.238898
27.791 27.27 0.225368
14.9555 14.2265 0.292377
58.5135 58.3454 0.156592
61.2745 60.251 0.122097
29.8641 30.1664 0.220856
27.4563 27.4745 0.214933
11.9624 12.0525 0.304642
15.8208 16.3301 0.271449
63.3711 63.4238 0.124006
22.683 22.7532 0.264134
63.599 62.8684 0.130623
52.0654 51.7004 0.127937
58.3686 58.4212 0.148593
14.0762 13.8435 0.277601
16.5589 16.1939 0.25512
27.8771 27.9785 0.21889
9.38676 9.21869 0.309483
26.1582 26.495 0.24146
9.75382 8.97282 0.30782
37.2678 37.176 0.217052
47.9736 48.4045 0.178382
16.0587 15.7292 0.318592
50.7382 50.5636 0.174864
49.9579 49.8804 0.155585
16.0587 15.7292 0.318592
9.22828 9.25309 0.302213
26.1601 26.1484 0.213712
16.5589 16.1939 0.25512
10.347 10.3249 0.309636
23.3807 23.5833 0.257712
27.791 27.27 0.225368
69.2717 69.4852 0.0807405
35.5698 35.2804 0.208315
65.6085 66.0276 0.117554
30.6947 30.7218 0.218197
26.1693 26.5756 0.238898
46.3978 46.804 0.18302
50.433 50.4857 0.166334
63.1143 63.3169 0.124272
26.1813 26.1325 0.242214
69.1468 69.2826 0.0902827
32.0726 31.5235 0.190663
41.5015 41.3469 0.158326
26.4694 26.3968 0.239085
13.8834 14.3594 0.28122
61.3361 61.3031 0.112386
7.76867 7.80736 0.344634
19.4282 19.2573 0.256317
13.6923 13.3428 0.288881
14.0762 13.8435 0.277601
58.5135 58.3454 0.156592
64.1176 63.356 0.116651
52.346 52.0492 0.138486
16.3974 16.354 0.296558
14.6298 14.9667 0.282827
32.9867 32.975 0.19424
69.2244 69.4896 0.0922432
41.8668 41.699 0.176667
20.5183 20.1938 0.271574
18.8795 19.3555 0.261025
9.22828 9.25309 0.302213
27.1544 27.6444 0.232376
64.3533 64.2615 0.135973
26.704 27.0953 0.228099
23.3807 23.5833 0.257712
15.831 16.2275 0.283055
64.9326 65.2481 0.111129
64.1176 63.356 0.116651
62.4094 62.5397 0.129759
19.2758 19.6126 0.28139
16.8225 17.4422 0.269532
61.226 61.4594 0.123807
22.683 22.7532 0.264134
20.9975 20.802 0.281958
15.831 16.2275 0.283055
31.9523 31.9993 0.190278
58.4584 58.5147 0.150957
16.5589 16.1939 0.25512
9.75382 8.97282 0.30782
67.722 68.3417 0.118174
59.2579 58.8178 0.0989011
68.1139 68.2441 0.136239
39.585 39.7876 0.170549
52.0472 52.0655 0.139043
55.4707 55.6842 0.139604
50.433 50.4857 0.166334
64.6694 64.3199 0.125939
57.4316 57.3113 0.140363
11.3271 11.9821 0.313649
20.9975 20.802 0.281958
52.346 52.0492 0.138486
13.3332 13.3111 0.296966
30.6947 30.7218 0.218197
44.3698 44.7611 0.174337
56.1265 55.8938 0.12483
11.9919 12.8229 0.308825
31.9523 31.9993 0.190278
25.7838 26.5964 0.237599
25.7838 26.5964 0.237599
25.7838 26.5964 0.237599
25.7838 26.5964 0.237599
25.7838 26.5964 0.237599
25.7838 26.5964 0.237599
25.7838 26.5964 0.237599
25.7838 26.5964 0.237599
25.7838 26.5964 0.237599
25.7838 26.5964 0.237599
25.7838 26.5964 0.237599
25.7838 26.5964 0.237599
25.7838 26.5964 0.237599
25.7838 26.5964 0.237599
25.7838 26.5964 0.237599
25.7838 26.5964 0.237599
25.7838 26.5964 0.237599
25.7838 26.5964 0.237599
25.7838 26.5964 0.237599
26.1956 25.8108 0.241794
26.1956 25.8108 0.241794
26.1956 25.8108 0.241794
26.1956 25.8108 0.241794
26.1956 25.8108 0.241794
25.9365 25.7494 0.238037
25.9365 25.7494 0.238037
25.9365 25.7494 0.238037
26.3535 26.1745 0.239939
26.3535 26.1745 0.239939
26.3535 26.1745 0.239939
26.3535 26.1745 0.239939
26.3535 26.1745 0.239939
26.3535 26.1745 0.239939
26.3535 26.1745 0.239939
27.365 27.1761 0.229114
27.365 27.1761 0.229114
27.365 27.1761 0.229114
27.365 27.1761 0.229114
27.365 27.1761 0.229114
27.365 27.1761 0.229114
27.365 27.1761 0.229114
27.365 27.1761 0.229114
27.365 27.1761 0.229114
27.365 27.1761 0.229114
27.365 27.1761 0.229114
27.365 27.1761 0.229114
27.365 27.1761 0.229114
27.1458 27.1785 0.22035
27.1458 27.1785 0.22035
27.1458 27.1785 0.22035
27.1458 27.1785 0.22035
27.1458 27.1785 0.22035
27.1458 27.1785 0.22035
27.1458 27.1785 0.22035
27.1458 27.1785 0.22035
27.1458 27.1785 0.22035
27.1458 27.1785 0.22035
27.1458 27.1785 0.22035
27.1458 27.1785 0.22035
27.1458 27.1785 0.22035
27.1458 27.1785 0.22035
27.1458 27.1785 0.22035
27.1458 27.1785 0.22035
27.1458 27.1785 0.22035
27.1458 27.1785 0.22035
27.1458 27.1785 0.22035
27.1458 27.1785 0.22035
27.1458 27.1785 0.22035
27.1458 27.1785 0.22035
27.1458 27.1785 0.22035
27.1458 27.1785 0.22035
27.1458 27.1785 0.22035
27.1458 27.1785 0.22035
27.1458 27.1785 0.22035
27.1458 27.1785 0.22035
27.1458 27.1785 0.22035
27.1458 27.1785 0.22035
27.1458 27.1785 0.22035
27.1458 27.1785 0.22035
27.1458 27.1785 0.22035
27.1458 27.1785 0.22035
27.1458 27.1785 0.22035
27.1458 27.1785 0.22035
27.1458 27.1785 0.22035
27.1458 27.1785 0.22035
27.1458 27.1785 0.22035
27.1458 27.1785 0.22035
27.1458 27.1785 0.22035
27.1458 27.1785 0.22035
27.1458 27.1785 0.22035
27.1458 27.1785 0.22035
27.1458 27.1785 0.22035
27.1458 27.1785 0.22035
27.1458 27.1785 0.22035
27.1458 27.1785 0.22035
27.1458 27.1785 0.22035
27.1458 27.1785 0.22035
34.9038 34.4298 0.200608
34.8573 34.5903 0.200863
34.8573 34.5903 0.200863
8.06634 7.84862 0.310688
8.06634 7.84862 0.310688
8.06634 7.84862 0.310688
7.5819 7.8928 0.323951
7.5819 7.8928 0.323951
7.5819 7.8928 0.323951
7.5819 7.8928 0.323951
7.5819 7.8928 0.323951
7.5819 7.8928 0.323951
7.5819 7.8928 0.323951
7.5819 7.8928 0.323951
7.5819 7.8928 0.323951
7.5819 7.8928 0.323951
7.5819 7.8928 0.323951
7.5819 7.8928 0.323951
7.5819 7.8928 0.323951
7.5819 7.8928 0.323951
7.5819 7.8928 0.323951
7.5819 7.8928 0.323951
7.5819 7.8928 0.323951
7.5819 7.8928 0.323951
7.5819 7.8928 0.323951
7.5819 7.8928 0.323951
7.5819 7.8928 0.323951
7.55341 7.9564 0.315388
7.55341 7.9564 0.315388
7.55341 7.9564 0.315388
7.55341 7.9564 0.315388
7.55341 7.9564 0.315388
7.55341 7.9564 0.315388
7.55341 7.9564 0.315388
7.55341 7.9564 0.315388
7.55341 7.9564 0.315388
7.55341 7.9564 0.315388
7.55341 7.9564 0.315388
7.55341 7.9564 0.315388
7.55341 7.9564 0.315388
7.55341 7.9564 0.315388
7.55341 7.9564 0.315388
7.55341 7.9564 0.315388
7.55341 7.9564 0.315388
7.55341 7.9564 0.315388
7.55341 7.9564 0.315388
7.55341 7.9564 0.315388
7.55341 7.9564 0.315388
10.6181 10.3865 0.295914
10.6181 10.3865 0.295914
10.6181 10.3865 0.295914
10.6181 10.3865 0.295914
10.6181 10.3865 0.295914
10.6181 10.3865 0.295914
10.6181 10.3865 0.295914
10.6181 10.3865 0.295914
10.6181 10.3865 0.295914
10.6181 10.3865 0.295914
10.6181 10.3865 0.295914
10.6181 10.3865 0.295914
10.277 10.3418 0.293645
10.277 10.3418 0.293645
10.277 10.3418 0.293645
10.277 10.3418 0.293645
10.277 10.3418 0.293645
10.277 10.3418 0.293645
10.277 10.3418 0.293645
10.277 10.3418 0.293645
10.277 10.3418 0.293645
10.277 10.3418 0.293645
10.277 10.3418 0.293645
10.277 10.3418 0.293645
10.277 10.3418 0.293645
10.277 10.3418 0.293645
10.277 10.3418 0.293645
10.277 10.3418 0.293645
10.277 10.3418 0.293645
10.277 10.3418 0.293645
10.277 10.3418 0.293645
10.5216 10.2756 0.307005
10.5216 10.2756 0.307005
10.5216 10.2756 0.307005
11.4043 10.2961 0.321241
11.4043 10.2961 0.321241
11.4043 10.2961 0.321241
11.4043 10.2961 0.321241
11.4043 10.2961 0.321241
11.4043 10.2961 0.321241
11.4043 10.2961 0.321241
11.4043 10.2961 0.321241
11.4043 10.2961 0.321241
11.4043 10.2961 0.321241
11.4043 10.2961 0.321241
11.4043 10.2961 0.321241
11.4043 10.2961 0.321241
11.4043 10.2961 0.321241
11.4043 10.2961 0.321241
11.4043 10.2961 0.321241
11.4043 10.2961 0.321241
11.4043 10.2961 0.321241
11.4043 10.2961 0.321241
11.4043 10.2961 0.321241
11.4043 10.2961 0.321241
