23.5748 23.049 0.262318
24.9571 24.9241 0.237689
9.58977 9.43365 0.291005
27.8771 27.9785 0.21889
22.9446 22.7855 0.2818
9.58977 9.43365 0.291005
13.6923 13.3428 0.288881
14.854 15.341 0.276469
10.5016 9.95256 0.308835
12.7243 13.344 0.286517
30.4248 30.6274 0.215191
18.298 17.9685 0.298419
18.2306 18.6368 0.297554
7.94892 8.07917 0.327881
22.2132 21.7731 0.255546
10.8235 10.8798 0.310114
13.3332 13.3111 0.296966
20.9975 20.802 0.281958
22.1817 22.2204 0.284148
28.6233 28.1023 0.223838
11.9624 12.0525 0.304642
31.8838 32.2207 0.188617
23.6238 23.2993 0.263713
10.7409 10.57 0.300085
30.6037 30.7339 0.231149
10.0759 10.8416 0.314738
12.5519 12.0508 0.297585
32.9332 31.9097 0.211174
10.1126 10.2139 0.294161
23.5039 23.7684 0.258973
22.3479 22.4181 0.262509
32.2394 32.5038 0.210947
18.8596 18.9123 0.261225
34.092 33.9358 0.186405
18.8795 19.3555 0.261025
9.877 9.52748 0.313101
27.0032 27.6582 0.231503
26.1582 26.495 0.24146
27.7889 27.0273 0.211622
9.22828 9.25309 0.302213
15.4963 15.1468 0.29195
32.582 31.9722 0.222376
26.8049 27.3457 0.227263
23.2689 22.5398 0.268283
8.73661 9.07348 0.303305
25.1179 25.0261 0.255791
25.4012 25.2057 0.261885
24.9556 25.4316 0.245034
10.1126 10.2139 0.294161
26.4588 26.3875 0.24176
19.2348 18.4538 0.256467
26.1582 26.495 0.24146
11.4454 11.648 0.316461
9.98836 9.22669 0.294127
26.1813 26.1325 0.242214
13.8834 14.3594 0.28122
13.1717 13.1988 0.295595
6.41392 6.84292 0.31191
10.1126 10.2139 0.294161
21.7359 22.2767 0.269242
10.4728 10.266 0.299113
33.1092 32.4712 0.21322
27.8591 27.9893 0.245946
22.1817 22.2204 0.284148
19.7941 19.8212 0.28284
30.0524 29.141 0.242342
10.6226 11.0535 0.309078
19.4936 19.7588 0.280178
28.4315 28.3881 0.227632
25.4012 25.2057 0.261885
14.854 15.341 0.276469
14.7496 15.4825 0.315693
7.7201 7.56812 0.329119
27.9464 27.7573 0.230907
27.41 26.3203 0.235805
12.8201 13.2115 0.301444
30.8451 30.7964 0.217475
24.292 24.0593 0.240379
19.0045 19.2179 0.253847
9.39852 9.87457 0.312378
10.1126 10.2139 0.294161
29.5055 28.8675 0.231992
26.099 25.6833 0.22895
15.4497 15.3771 0.290848
13.2916 13.5568 0.292483
25.9349 25.4139 0.215467
14.7453 14.6678 0.281354
31.3749 31.6904 0.19164
15.5643 15.9557 0.307769
5.95039 6.71278 0.00192008
18.298 17.9685 0.298419
18.298 17.9685 0.298419
28.7092 28.1833 0.235103
19.7013 19.5266 0.284583
22.9475 22.7795 0.264937
7.77147 7.61535 0.299868
21.9734 22.0261 0.260956
23.7188 23.3032 0.246732
14.9555 14.2265 0.292377
16.4344 16.8535 0.281515
12.0905 12.2931 0.300242
12.0905 12.2931 0.300242
12.0905 12.2931 0.300242
12.0905 12.2931 0.300242
12.0905 12.2931 0.300242
12.0905 12.2931 0.300242
12.0905 12.2931 0.300242
11.9919 12.8229 0.308825
11.9919 12.8229 0.308825
11.9919 12.8229 0.308825
11.9919 12.8229 0.308825
11.9919 12.8229 0.308825
11.9919 12.8229 0.308825
11.9919 12.8229 0.308825
11.9919 12.8229 0.308825
11.9919 12.8229 0.308825
11.9919 12.8229 0.308825
11.9919 12.8229 0.308825
11.9919 12.8229 0.308825
11.9919 12.8229 0.308825
12.56 12.3272 0.296157
12.4286 12.013 0.289262
12.2695 12.3997 0.316201
12.2695 12.3997 0.316201
12.2695 12.3997 0.316201
12.2695 12.3997 0.316201
12.2695 12.3997 0.316201
12.2695 12.3997 0.316201
12.2695 12.3997 0.316201
12.2695 12.3997 0.316201
12.2695 12.3997 0.316201
12.2695 12.3997 0.316201
12.3672 12.503 0.302141
12.3672 12.503 0.302141
12.3672 12.503 0.302141
9.19459 8.89778 0.294976
9.19459 8.89778 0.294976
9.19459 8.89778 0.294976
9.19459 8.89778 0.294976
9.97811 9.34015 0.305284
9.97811 9.34015 0.305284
9.97811 9.34015 0.305284
9.97811 9.34015 0.305284
9.97811 9.34015 0.305284
9.15026 9.62086 0.309838
9.15026 9.62086 0.309838
9.15026 9.62086 0.309838
9.15026 9.62086 0.309838
9.15026 9.62086 0.309838
9.15026 9.62086 0.309838
8.87347 9.18897 0.306302
8.87347 9.18897 0.306302
8.87347 9.18897 0.306302
8.87347 9.18897 0.306302
8.87347 9.18897 0.306302
8.87347 9.18897 0.306302
8.87347 9.18897 0.306302
8.87347 9.18897 0.306302
8.87347 9.18897 0.306302
8.87347 9.18897 0.306302
8.87347 9.18897 0.306302
9.55427 9.43405 0.307824
9.55427 9.43405 0.307824
9.55427 9.43405 0.307824
9.55427 9.43405 0.307824
9.55427 9.43405 0.307824
9.55427 9.43405 0.307824
9.6921 10.123 0.305568
9.6921 10.123 0.305568
9.6921 10.123 0.305568
9.6921 10.123 0.305568
9.6921 10.123 0.305568
9.6921 10.123 0.305568
9.6921 10.123 0.305568
9.6921 10.123 0.305568
8.05457 7.85946 0.331791
8.05457 7.85946 0.331791
8.05457 7.85946 0.331791
7.76867 7.80736 0.344634
7.76867 7.80736 0.344634
7.76867 7.80736 0.344634
7.76867 7.80736 0.344634
7.76867 7.80736 0.344634
7.76867 7.80736 0.344634
7.76867 7.80736 0.344634
7.76867 7.80736 0.344634
7.46882 7.93942 0.329796
7.46882 7.93942 0.329796
7.46882 7.93942 0.329796
26.1159 25.8265 0.249881
26.1159 25.8265 0.249881
26.1159 25.8265 0.249881
26.1159 25.8265 0.249881
26.1159 25.8265 0.249881
26.1159 25.8265 0.249881
26.1159 25.8265 0.249881
26.4588 26.3875 0.24176
26.4588 26.3875 0.24176
26.4588 26.3875 0.24176
26.4588 26.3875 0.24176
27.1786 26.9132 0.210392
27.637 27.3238 0.230538
27.637 27.3238 0.230538
27.637 27.3238 0.230538
27.637 27.3238 0.230538
27.637 27.3238 0.230538
27.637 27.3238 0.230538
27.637 27.3238 0.230538
27.637 27.3238 0.230538
27.637 27.3238 0.230538
27.637 27.3238 0.230538
27.637 27.3238 0.230538
27.637 27.3238 0.230538
27.4648 27.5398 0.220825
27.4648 27.5398 0.220825
27.4648 27.5398 0.220825
27.4648 27.5398 0.220825
27.4648 27.5398 0.220825
27.4648 27.5398 0.220825
27.2906 27.0732 0.232729
27.2906 27.0732 0.232729
27.2906 27.0732 0.232729
27.2906 27.0732 0.232729
7.60076 7.82817 0.336487
7.33701 7.48929 0.317156
7.33701 7.48929 0.317156
7.33701 7.48929 0.317156
7.33701 7.48929 0.317156
7.33701 7.48929 0.317156
7.33701 7.48929 0.317156
7.33701 7.48929 0.317156
7.33701 7.48929 0.317156
7.33701 7.48929 0.317156
7.33701 7.48929 0.317156
7.33701 7.48929 0.317156
7.33701 7.48929 0.317156
7.33701 7.48929 0.317156
7.33701 7.48929 0.317156
7.33701 7.48929 0.317156
7.49967 7.35201 0.328196
7.49967 7.35201 0.328196
7.49967 7.35201 0.328196
7.49967 7.35201 0.328196
7.49967 7.35201 0.328196
7.49967 7.35201 0.328196
7.49967 7.35201 0.328196
7.49967 7.35201 0.328196
7.49967 7.35201 0.328196
7.76283 8.10886 0.315048
7.76283 8.10886 0.315048
7.76283 8.10886 0.315048
7.76283 8.10886 0.315048
7.76283 8.10886 0.315048
7.76283 8.10886 0.315048
7.76283 8.10886 0.315048
8.09654 7.91793 0.330748
8.09654 7.91793 0.330748
8.05763 7.68486 0.308288
8.05763 7.68486 0.308288
8.05763 7.68486 0.308288
8.05763 7.68486 0.308288
8.05763 7.68486 0.308288
8.05763 7.68486 0.308288
8.83384 8.27659 0.326203
8.83384 8.27659 0.326203
8.83384 8.27659 0.326203
8.83384 8.27659 0.326203
8.83384 8.27659 0.326203
8.96325 9.07884 0.31886
8.96325 9.07884 0.31886
8.96325 9.07884 0.31886
8.96325 9.07884 0.31886
8.96325 9.07884 0.31886
8.96325 9.07884 0.31886
8.96325 9.07884 0.31886
8.96325 9.07884 0.31886
8.96325 9.07884 0.31886
8.96325 9.07884 0.31886
8.96325 9.07884 0.31886
8.96325 9.07884 0.31886
8.96325 9.07884 0.31886
8.96325 9.07884 0.31886
8.96325 9.07884 0.31886
8.96325 9.07884 0.31886
8.96325 9.07884 0.31886
8.96325 9.07884 0.31886
8.96325 9.07884 0.31886
8.96325 9.07884 0.31886
8.96325 9.07884 0.31886
8.96325 9.07884 0.31886
8.96325 9.07884 0.31886
8.96325 9.07884 0.31886
8.96325 9.07884 0.31886
8.96325 9.07884 0.31886
8.96325 9.07884 0.31886
8.96325 9.07884 0.31886
8.96325 9.07884 0.31886
8.96325 9.07884 0.31886
8.96325 9.07884 0.31886
8.96325 9.07884 0.31886
14.034 14.3577 0.271486
14.034 14.3577 0.271486
14.034 14.3577 0.271486
14.034 14.3577 0.271486
14.034 14.3577 0.271486
14.034 14.3577 0.271486
14.034 14.3577 0.271486
14.034 14.3577 0.271486
14.034 14.3577 0.271486
14.034 14.3577 0.271486
14.034 14.3577 0.271486
14.034 14.3577 0.271486
14.034 14.3577 0.271486
15.0823 14.9707 0.300518
15.0823 14.9707 0.300518
15.0823 14.9707 0.300518
15.0823 14.9707 0.300518
15.0823 14.9707 0.300518
15.0823 14.9707 0.300518
15.0823 14.9707 0.300518
15.0823 14.9707 0.300518
15.0823 14.9707 0.300518
15.0823 14.9707 0.300518
15.0823 14.9707 0.300518
15.0823 14.9707 0.300518
15.0823 14.9707 0.300518
9.76691 9.09446 0.316226
9.76691 9.09446 0.316226
9.76691 9.09446 0.316226
9.76691 9.09446 0.316226
9.74922 9.54468 0.295039
9.74221 9.56875 0.323412
9.74221 9.56875 0.323412
10.0412 9.64283 0.311326
10.0412 9.64283 0.311326
10.0412 9.64283 0.311326
10.0412 9.64283 0.311326
10.0412 9.64283 0.311326
10.0412 9.64283 0.311326
10.0412 9.64283 0.311326
10.0412 9.64283 0.311326
8.11695 8.03032 0.329945
8.11695 8.03032 0.329945
8.11695 8.03032 0.329945
8.11695 8.03032 0.329945
8.11695 8.03032 0.329945
8.11695 8.03032 0.329945
8.11695 8.03032 0.329945
8.11695 8.03032 0.329945
8.11695 8.03032 0.329945
7.89849 8.01286 0.318861
7.89849 8.01286 0.318861
7.89849 8.01286 0.318861
7.89849 8.01286 0.318861
7.89849 8.01286 0.318861
7.70159 7.88848 0.313063
7.70159 7.88848 0.313063
7.70159 7.88848 0.313063
7.70159 7.88848 0.313063
7.70159 7.88848 0.313063
7.70159 7.88848 0.313063
7.70159 7.88848 0.313063
7.70159 7.88848 0.313063
6.59384 7.2032 0.320952
6.59384 7.2032 0.320952
6.59384 7.2032 0.320952
6.59384 7.2032 0.320952
6.59384 7.2032 0.320952
6.59384 7.2032 0.320952
6.59384 7.2032 0.320952
11.6156 11.2692 0.307956
11.6156 11.2692 0.307956
11.6156 11.2692 0.307956
11.6156 11.2692 0.307956
11.6156 11.2692 0.307956
11.6156 11.2692 0.307956
11.6156 11.2692 0.307956
11.6156 11.2692 0.307956
11.6156 11.2692 0.307956
12.1053 11.8394 0.311669
12.1053 11.8394 0.311669
11.7443 11.9663 0.319756
11.7443 11.9663 0.319756
11.7443 11.9663 0.319756
11.7443 11.9663 0.319756
11.7443 11.9663 0.319756
12.0233 12.1815 0.306303
12.0233 12.1815 0.306303
11.3877 11.8491 0.31711
11.3877 11.8491 0.31711
11.3877 11.8491 0.31711
11.3877 11.8491 0.31711
11.3877 11.8491 0.31711
11.3877 11.8491 0.31711
11.3877 11.8491 0.31711
11.3877 11.8491 0.31711
11.3877 11.8491 0.31711
11.3877 11.8491 0.31711
11.3877 11.8491 0.31711
11.3877 11.8491 0.31711
