16.0587 15.7292 0.318592
15.4497 15.3771 0.290848
31.4839 31.8388 0.201705
41.4763 41.4646 0.179161
26.1813 26.1325 0.242214
26.5862 26.4153 0.234756
9.75382 8.97282 0.30782
16.5589 16.1939 0.25512
27.641 28.0375 0.242506
11.8814 11.5121 0.315714
41.1498 41.3832 0.178904
24.9557 25.0914 0.247399
11.9624 12.0525 0.304642
43.2545 42.1648 0.178373
13.2839 13.3401 0.290723
27.641 28.0375 0.242506
11.8814 11.5121 0.315714
18.298 17.9685 0.298419
31.5866 32.349 0.191783
15.8208 16.3301 0.271449
22.2132 21.7731 0.255546
28.9438 28.9218 0.232835
16.0587 15.7292 0.318592
38.5937 38.9306 0.167832
35.3149 36.0773 0.203059
15.8112 16.2818 0.307003
43.5089 43.4363 0.177875
15.8208 16.3301 0.271449
38.0948 37.798 0.180927
10.3423 9.90214 0.291107
41.5096 41.7892 0.181848
16.4344 16.8535 0.281515
13.3332 13.3111 0.296966
38.3017 38.1497 0.195111
40.2935 40.2208 0.169704
12.7243 13.344 0.286517
40.0896 39.7518 0.187681
38.0656 38.5522 0.180918
9.75382 8.97282 0.30782
42.6888 43.0043 0.183272
23.6238 23.2993 0.263713
22.4534 22.2854 0.27058
29.8238 29.9252 0.209669
15.8112 16.2818 0.307003
15.8208 16.3301 0.271449
11.9624 12.0525 0.304642
13.3332 13.3111 0.296966
43.3865 42.8374 0.182295
28.9438 28.9218 0.232835
31.4049 31.7962 0.195943
31.8416 31.5521 0.197039
20.0885 20.5076 0.290812
9.75382 8.97282 0.30782
38.0948 37.798 0.180927
22.3479 22.4181 0.262509
22.2132 21.7731 0.255546
18.298 17.9685 0.298419
18.7999 18.9012 0.250393
34.8305 35.2595 0.187659
25.0807 24.9126 0.253234
10.9446 10.4187 0.310374
26.4694 26.3968 0.239085
24.9557 25.0914 0.247399
9.75382 8.97282 0.30782
6.41059 6.44927 0.336636
11.3271 11.9821 0.313649
29.9934 29.9446 0.211972
13.8834 14.3594 0.28122
9.75382 8.97282 0.30782
28.1929 28.1155 0.230044
10.4728 10.266 0.299113
15.831 16.2275 0.283055
9.98836 9.22669 0.294127
28.4315 28.3881 0.227632
10.3778 10.4792 0.28731
6.41059 6.44927 0.336636
12.8201 13.2115 0.301444
20.5414 20.3523 0.266493
20.5183 20.1938 0.271574
10.7197 10.6194 0.333591
33.0018 32.7119 0.211183
6.41059 6.44927 0.336636
15.4497 15.3771 0.290848
14.854 15.341 0.276469
37.1069 37.0739 0.19895
24.5492 24.3814 0.235597
16.8225 17.4422 0.269532
26.7899 26.264 0.245045
41.5658 40.6544 0.207109
12.7243 13.344 0.286517
15.8208 16.3301 0.271449
15.8888 15.7885 0.324489
18.8795 19.3555 0.261025
31.9032 32.5229 0.207578
14.9555 14.2265 0.292377
24.9571 24.9241 0.237689
28.9438 28.9218 0.232835
12.3333 12.2331 0.325817
5.95039 6.71278 0.00192008
20.5414 20.3523 0.266493
14.6121 13.7468 0.282981
14.6121 13.7468 0.282981
14.6121 13.7468 0.282981
14.0001 14.2861 0.291521
14.0001 14.2861 0.291521
14.0001 14.2861 0.291521
14.0001 14.2861 0.291521
14.0001 14.2861 0.291521
14.1752 13.9917 0.301304
14.1752 13.9917 0.301304
14.1752 13.9917 0.301304
14.1752 13.9917 0.301304
14.1752 13.9917 0.301304
14.1752 13.9917 0.301304
14.1752 13.9917 0.301304
14.1752 13.9917 0.301304
14.1752 13.9917 0.301304
9.44481 9.46879 0.303927
9.44481 9.46879 0.303927
9.44481 9.46879 0.303927
9.44481 9.46879 0.303927
9.44481 9.46879 0.303927
9.44481 9.46879 0.303927
9.44481 9.46879 0.303927
9.44481 9.46879 0.303927
9.44481 9.46879 0.303927
9.44481 9.46879 0.303927
9.56464 9.55274 0.326017
9.56464 9.55274 0.326017
9.56464 9.55274 0.326017
9.56464 9.55274 0.326017
9.56464 9.55274 0.326017
9.56464 9.55274 0.326017
9.56464 9.55274 0.326017
9.56464 9.55274 0.326017
9.56464 9.55274 0.326017
9.56464 9.55274 0.326017
9.56464 9.55274 0.326017
12.378 12.062 0.295623
12.378 12.062 0.295623
12.378 12.062 0.295623
12.378 12.062 0.295623
12.378 12.062 0.295623
12.378 12.062 0.295623
12.378 12.062 0.295623
12.3012 12.8536 0.297354
12.3012 12.8536 0.297354
12.3012 12.8536 0.297354
12.3012 12.8536 0.297354
12.3012 12.8536 0.297354
18.0111 18.1878 0.284061
18.0111 18.1878 0.284061
18.0111 18.1878 0.284061
18.0111 18.1878 0.284061
18.0111 18.1878 0.284061
18.0111 18.1878 0.284061
18.0111 18.1878 0.284061
18.0111 18.1878 0.284061
18.0111 18.1878 0.284061
18.0111 18.1878 0.284061
18.2978 18.3798 0.266515
18.2978 18.3798 0.266515
18.2978 18.3798 0.266515
18.2978 18.3798 0.266515
18.2978 18.3798 0.266515
18.2978 18.3798 0.266515
18.2978 18.3798 0.266515
18.2978 18.3798 0.266515
18.2978 18.3798 0.266515
18.5817 18.1312 0.271662
18.5817 18.1312 0.271662
18.2584 18.2221 0.279533
18.2584 18.2221 0.279533
18.2584 18.2221 0.279533
17.6987 18.4205 0.289159
17.6987 18.4205 0.289159
17.6987 18.4205 0.289159
17.6987 18.4205 0.289159
18.7022 18.5087 0.278945
18.7022 18.5087 0.278945
18.7022 18.5087 0.278945
18.7022 18.5087 0.278945
18.7022 18.5087 0.278945
18.7022 18.5087 0.278945
18.7022 18.5087 0.278945
17.51 18.4978 0.290498
17.51 18.4978 0.290498
17.51 18.4978 0.290498
17.51 18.4978 0.290498
17.51 18.4978 0.290498
17.51 18.4978 0.290498
17.51 18.4978 0.290498
17.51 18.4978 0.290498
17.51 18.4978 0.290498
17.51 18.4978 0.290498
17.51 18.4978 0.290498
17.51 18.4978 0.290498
17.51 18.4978 0.290498
18.3903 18.0274 0.277534
18.3903 18.0274 0.277534
43.031 42.8689 0.146343
43.179 42.9363 0.158691
43.3933 43.4489 0.171944
43.5555 42.955 0.162999
43.5555 42.955 0.162999
43.5555 42.955 0.162999
42.6878 42.8948 0.155895
42.6878 42.8948 0.155895
11.751 11.9067 0.311021
11.751 11.9067 0.311021
11.751 11.9067 0.311021
11.751 11.9067 0.311021
11.751 11.9067 0.311021
11.751 11.9067 0.311021
11.751 11.9067 0.311021
11.751 11.9067 0.311021
11.751 11.9067 0.311021
11.751 11.9067 0.311021
11.751 11.9067 0.311021
11.751 11.9067 0.311021
11.751 11.9067 0.311021
11.751 11.9067 0.311021
11.751 11.9067 0.311021
11.086 11.5883 0.294658
11.086 11.5883 0.294658
11.086 11.5883 0.294658
11.086 11.5883 0.294658
11.086 11.5883 0.294658
11.086 11.5883 0.294658
11.086 11.5883 0.294658
11.086 11.5883 0.294658
11.086 11.5883 0.294658
11.086 11.5883 0.294658
11.086 11.5883 0.294658
11.6948 11.1696 0.306673
11.6948 11.1696 0.306673
11.6948 11.1696 0.306673
11.6948 11.1696 0.306673
11.6948 11.1696 0.306673
11.6948 11.1696 0.306673
11.6948 11.1696 0.306673
11.6948 11.1696 0.306673
11.6948 11.1696 0.306673
11.6948 11.1696 0.306673
11.6948 11.1696 0.306673
11.6948 11.1696 0.306673
11.5332 11.0902 0.307227
11.5332 11.0902 0.307227
11.5332 11.0902 0.307227
11.5332 11.0902 0.307227
11.5332 11.0902 0.307227
11.5332 11.0902 0.307227
11.5332 11.0902 0.307227
11.5332 11.0902 0.307227
11.5332 11.0902 0.307227
11.5332 11.0902 0.307227
11.5332 11.0902 0.307227
8.15494 7.61623 0.313565
8.15494 7.61623 0.313565
8.15494 7.61623 0.313565
8.15494 7.61623 0.313565
7.34463 7.83575 0.307684
39.4857 39.2068 0.170274
39.4857 39.2068 0.170274
39.4857 39.2068 0.170274
39.4857 39.2068 0.170274
39.0113 39.3237 0.165312
39.4685 39.379 0.155851
38.581 39.1158 0.165712
38.581 39.1158 0.165712
38.581 39.1158 0.165712
38.581 39.1158 0.165712
38.581 39.1158 0.165712
38.581 39.1158 0.165712
38.581 39.1158 0.165712
39.4018 39.3307 0.175148
39.4018 39.3307 0.175148
39.4018 39.3307 0.175148
39.4108 39.1131 0.183274
39.4108 39.1131 0.183274
39.4108 39.1131 0.183274
40.0337 39.353 0.163774
40.0337 39.353 0.163774
40.0337 39.353 0.163774
39.1699 39.6547 0.170386
39.1699 39.6547 0.170386
39.1244 39.2184 0.150093
39.1244 39.2184 0.150093
39.1244 39.2184 0.150093
39.7542 39.1481 0.175459
39.7542 39.1481 0.175459
39.3046 39.2338 0.167533
39.2384 39.4382 0.167432
39.2384 39.4382 0.167432
39.2384 39.4382 0.167432
39.1512 39.0744 0.18356
39.1512 39.0744 0.18356
39.1512 39.0744 0.18356
39.1512 39.0744 0.18356
39.1512 39.0744 0.18356
