58.0478 58.5349 0.137448
40.0896 39.7518 0.187681
31.8416 31.5521 0.197039
23.8977 23.9878 0.245892
32.9867 32.975 0.19424
43.3624 43.1878 0.186984
30.6947 30.7218 0.218197
57.139 57.2748 0.136187
58.3686 58.4212 0.148593
41.6085 42.0375 0.183734
24.9557 25.0914 0.247399
32.9867 32.975 0.19424
30.0577 29.3271 0.216039
14.9555 14.2265 0.292377
14.9555 14.2265 0.292377
64.4716 64.2648 0.119536
9.75382 8.97282 0.30782
26.4694 26.3968 0.239085
49.7832 49.3675 0.144549
10.5339 11.1495 0.291346
32.9867 32.975 0.19424
51.1282 51.465 0.144909
43.374 43.2933 0.162259
26.4694 26.3968 0.239085
26.4694 26.3968 0.239085
67.5 67.6013 0.110415
19.4282 19.2573 0.256317
19.4282 19.2573 0.256317
12.7976 13.2285 0.304061
37.1199 37.4222 0.217929
11.3528 11.3776 0.301853
15.831 16.2275 0.283055
20.5183 20.1938 0.271574
24.0514 24.0696 0.253401
10.7197 10.6194 0.333591
32.4712 32.1817 0.219636
66.4648 65.9637 0.111405
11.8814 11.5121 0.315714
57.2611 57.102 0.158886
40.7333 41.0701 0.17685
27.8771 27.9785 0.21889
37.7348 38.5266 0.1907
44.417 44.2609 0.149061
37.3682 36.6065 0.18268
34.5716 34.2748 0.182687
13.8834 14.3594 0.28122
14.0762 13.8435 0.277601
30.6947 30.7218 0.218197
38.0656 38.5522 0.180918
50.433 50.4857 0.166334
15.8888 15.7885 0.324489
25.4012 25.2057 0.261885
31.9523 31.9993 0.190278
19.3748 19.0055 0.275815
38.0656 38.5522 0.180918
61.411 62.0267 0.113135
17.4042 17.8942 0.284772
52.5338 52.8707 0.146789
37.2678 37.176 0.217052
6.63728 6.66439 0.29874
16.0587 15.7292 0.318592
64.9326 65.2481 0.111129
32.9867 32.975 0.19424
10.6001 10.8645 0.309277
52.0378 52.8689 0.153841
35.3149 36.0773 0.203059
16.0587 15.7292 0.318592
61.3361 61.3031 0.112386
22.683 22.7532 0.264134
19.3748 19.0055 0.275815
22.683 22.7532 0.264134
15.7432 15.5724 0.282706
48.8826 48.6875 0.168366
36.8631 37.1039 0.180969
16.5589 16.1939 0.25512
38.4472 38.2726 0.195964
20.0178 20.4241 0.266637
50.0946 50.4859 0.175455
16.3974 16.354 0.296558
36.701 36.6893 0.183929
14.0762 13.8435 0.277601
12.8201 13.2115 0.301444
22.2132 21.7731 0.255546
49.7982 50.4138 0.148467
49.6546 49.3578 0.148756
15.8208 16.3301 0.271449
66.3396 66.3279 0.107689
53.7174 52.806 0.159456
55.9352 55.9022 0.121104
66.4713 66.3152 0.0922232
26.4694 26.3968 0.239085
30.6947 30.7218 0.218197
32.7507 33.5131 0.205309
44.9642 44.8868 0.165538
12.8201 13.2115 0.301444
57.139 57.2748 0.136187
43.3624 43.1878 0.186984
10.347 10.3249 0.309636
41.5678 41.0187 0.178869
9.75382 8.97282 0.30782
61.184 60.6454 0.119118
61.184 60.6454 0.119118
61.184 60.6454 0.119118
61.184 60.6454 0.119118
60.832 60.5054 0.119086
60.832 60.5054 0.119086
60.832 60.5054 0.119086
60.5593 61.4825 0.130055
60.5593 61.4825 0.130055
60.5593 61.4825 0.130055
60.5593 61.4825 0.130055
60.5593 61.4825 0.130055
60.5593 61.4825 0.130055
61.2246 60.8433 0.116022
61.2246 60.8433 0.116022
60.3412 60.9971 0.115771
60.3412 60.9971 0.115771
60.6389 61.1744 0.122553
60.6389 61.1744 0.122553
58.2915 58.84 0.145362
58.2915 58.84 0.145362
58.4113 58.5371 0.131133
58.402 58.5466 0.163667
10.6274 11.1141 0.303172
10.6274 11.1141 0.303172
10.6274 11.1141 0.303172
10.6274 11.1141 0.303172
10.6274 11.1141 0.303172
10.6274 11.1141 0.303172
10.6274 11.1141 0.303172
10.6274 11.1141 0.303172
10.6274 11.1141 0.303172
10.6274 11.1141 0.303172
10.6274 11.1141 0.303172
10.6274 11.1141 0.303172
10.9726 10.8927 0.30369
10.9726 10.8927 0.30369
10.9726 10.8927 0.30369
10.9726 10.8927 0.30369
10.9726 10.8927 0.30369
10.9726 10.8927 0.30369
10.9726 10.8927 0.30369
10.9726 10.8927 0.30369
10.9726 10.8927 0.30369
10.9726 10.8927 0.30369
10.9726 10.8927 0.30369
10.9726 10.8927 0.30369
10.9726 10.8927 0.30369
10.9726 10.8927 0.30369
10.9726 10.8927 0.30369
10.9726 10.8927 0.30369
10.9726 10.8927 0.30369
10.9726 10.8927 0.30369
10.9726 10.8927 0.30369
10.9726 10.8927 0.30369
10.9726 10.8927 0.30369
10.9726 10.8927 0.30369
10.9726 10.8927 0.30369
10.9726 10.8927 0.30369
10.3458 11.02 0.294362
10.3458 11.02 0.294362
10.3458 11.02 0.294362
10.3458 11.02 0.294362
10.3458 11.02 0.294362
10.3458 11.02 0.294362
10.3458 11.02 0.294362
10.3458 11.02 0.294362
10.3458 11.02 0.294362
10.3458 11.02 0.294362
10.3458 11.02 0.294362
11.2227 10.9836 0.327515
11.2227 10.9836 0.327515
11.2227 10.9836 0.327515
11.2227 10.9836 0.327515
11.2227 10.9836 0.327515
11.2227 10.9836 0.327515
11.2227 10.9836 0.327515
11.2227 10.9836 0.327515
10.8247 10.7877 0.312927
10.8247 10.7877 0.312927
10.8247 10.7877 0.312927
10.8247 10.7877 0.312927
10.8247 10.7877 0.312927
10.8247 10.7877 0.312927
10.8247 10.7877 0.312927
10.8247 10.7877 0.312927
10.8247 10.7877 0.312927
10.8247 10.7877 0.312927
10.8247 10.7877 0.312927
10.8247 10.7877 0.312927
10.8247 10.7877 0.312927
10.8247 10.7877 0.312927
10.8247 10.7877 0.312927
10.8247 10.7877 0.312927
10.8247 10.7877 0.312927
10.8247 10.7877 0.312927
10.8247 10.7877 0.312927
10.8247 10.7877 0.312927
10.8247 10.7877 0.312927
10.8247 10.7877 0.312927
48.3633 48.1523 0.151473
48.3633 48.1523 0.151473
48.3633 48.1523 0.151473
48.3633 48.1523 0.151473
48.5325 48.287 0.155676
48.5325 48.287 0.155676
48.5325 48.287 0.155676
48.5325 48.287 0.155676
48.5325 48.287 0.155676
48.5325 48.287 0.155676
48.5325 48.287 0.155676
48.5325 48.287 0.155676
48.5325 48.287 0.155676
48.5325 48.287 0.155676
48.5121 48.3185 0.154988
48.5121 48.3185 0.154988
48.5121 48.3185 0.154988
48.5121 48.3185 0.154988
48.5121 48.3185 0.154988
48.5121 48.3185 0.154988
48.5121 48.3185 0.154988
48.5121 48.3185 0.154988
52.4942 52.3354 0.15729
52.4942 52.3354 0.15729
52.3292 52.4532 0.150313
52.3292 52.4532 0.150313
52.3292 52.4532 0.150313
52.3292 52.4532 0.150313
52.3292 52.4532 0.150313
52.3292 52.4532 0.150313
52.3292 52.4532 0.150313
53.0219 52.6796 0.168477
53.0219 52.6796 0.168477
52.8432 53.0205 0.163319
52.8432 53.0205 0.163319
52.8432 53.0205 0.163319
52.8432 53.0205 0.163319
52.8432 53.0205 0.163319
52.5009 52.8021 0.147695
52.5009 52.8021 0.147695
52.5009 52.8021 0.147695
52.5009 52.8021 0.147695
52.5009 52.8021 0.147695
52.3899 52.3208 0.146891
52.3899 52.3208 0.146891
52.0489 52.3396 0.160425
52.0489 52.3396 0.160425
52.0489 52.3396 0.160425
52.0489 52.3396 0.160425
52.0489 52.3396 0.160425
52.0489 52.3396 0.160425
52.0489 52.3396 0.160425
52.0489 52.3396 0.160425
52.0489 52.3396 0.160425
52.0489 52.3396 0.160425
52.0489 52.3396 0.160425
52.0489 52.3396 0.160425
52.0489 52.3396 0.160425
52.8124 52.3615 0.145716
52.8124 52.3615 0.145716
52.8124 52.3615 0.145716
52.8124 52.3615 0.145716
52.4792 52.2498 0.147269
52.4792 52.2498 0.147269
52.4792 52.2498 0.147269
52.4792 52.2498 0.147269
52.4792 52.2498 0.147269
52.4792 52.2498 0.147269
52.4792 52.2498 0.147269
52.7861 52.2686 0.157247
52.7861 52.2686 0.157247
52.7861 52.2686 0.157247
52.4289 52.5829 0.147853
52.4289 52.5829 0.147853
52.6446 52.6163 0.152463
52.6446 52.6163 0.152463
52.6446 52.6163 0.152463
52.6446 52.6163 0.152463
52.6446 52.6163 0.152463
52.5585 52.2623 0.151494
52.5585 52.2623 0.151494
52.5585 52.2623 0.151494
52.5585 52.2623 0.151494
52.5585 52.2623 0.151494
52.5585 52.2623 0.151494
52.5585 52.2623 0.151494
52.5585 52.2623 0.151494
52.4163 52.5005 0.145194
52.4163 52.5005 0.145194
52.4163 52.5005 0.145194
52.4163 52.5005 0.145194
52.4163 52.5005 0.145194
52.4163 52.5005 0.145194
52.4163 52.5005 0.145194
52.4163 52.5005 0.145194
52.4163 52.5005 0.145194
52.4163 52.5005 0.145194
52.4163 52.5005 0.145194
52.4163 52.5005 0.145194
52.739 52.2657 0.14446
