37.2678 37.176 0.217052
15.8888 15.7885 0.324489
15.8888 15.7885 0.324489
53.2279 53.7149 0.12647
26.4694 26.3968 0.239085
66.2801 66.4159 0.115961
11.8814 11.5121 0.315714
55.1923 55.4568 0.148509
15.2874 15.567 0.284193
61.2434 61.8421 0.119937
55.18 54.659 0.142629
44.8058 45.071 0.16934
11.3271 11.9821 0.313649
29.5055 28.8675 0.231992
26.4694 26.3968 0.239085
15.831 16.2275 0.283055
68.4044 68.1716 0.116196
18.298 17.9685 0.298419
54.5027 54.2059 0.139697
55.4707 55.6842 0.139604
61.4596 61.673 0.112553
10.3423 9.90214 0.291107
18.8795 19.3555 0.261025
13.1717 13.1988 0.295595
41.3832 41.0587 0.191535
18.7999 18.9012 0.250393
43.374 43.2933 0.162259
39.0853 38.7607 0.172277
29.3601 29.9798 0.207581
22.683 22.7532 0.264134
27.4563 27.4745 0.214933
62.1189 62.4344 0.118354
44.6577 44.5851 0.170055
13.8834 14.3594 0.28122
56.7574 57.5231 0.150619
32.9867 32.975 0.19424
6.63728 6.66439 0.29874
41.3205 41.8071 0.178753
59.5623 58.9526 0.118893
62.9814 62.7863 0.123885
36.6415 37.1175 0.189836
53.7174 52.806 0.159456
11.8814 11.5121 0.315714
16.0716 15.1602 0.320489
26.704 27.0953 0.228099
55.4707 55.6842 0.139604
65.3895 65.7958 0.125388
11.9624 12.0525 0.304642
59.5623 58.9526 0.118893
66.2602 66.3129 0.113796
32.7507 33.5131 0.205309
49.7962 49.5064 0.166098
22.683 22.7532 0.264134
52.5338 52.8707 0.146789
34.8278 34.8749 0.19265
52.0654 51.7004 0.127937
58.5091 58.8459 0.150388
55.0017 54.929 0.145626
69.5407 69.559 0.0840733
23.631 23.794 0.277553
67.768 67.8067 0.144439
72.0637 71.9863 0.113178
15.2874 15.567 0.284193
74.4812 73.9322 0.108243
27.641 28.0375 0.242506
6.41392 6.84292 0.31191
32.0726 31.5235 0.190663
29.8641 30.1664 0.220856
22.2132 21.7731 0.255546
61.076 61.0941 0.122523
24.0654 23.9651 0.270039
55.18 54.659 0.142629
60.209 60.5459 0.122164
41.3832 41.0587 0.191535
58.355 58.3798 0.149322
7.76867 7.80736 0.344634
58.0478 58.5349 0.137448
58.3549 58.0304 0.15486
59.8474 59.6523 0.116285
26.704 27.0953 0.228099
18.8795 19.3555 0.261025
24.9557 25.0914 0.247399
44.8058 45.071 0.16934
41.6085 42.0375 0.183734
44.8058 45.071 0.16934
57.1054 56.7809 0.14029
18.298 17.9685 0.298419
24.0514 24.0696 0.253401
54.0432 53.9998 0.135525
16.3974 16.354 0.296558
44.6166 45.0872 0.17357
26.704 27.0953 0.228099
63.2947 63.7813 0.117491
45.1737 44.9782 0.181866
46.5828 45.973 0.182654
27.4563 27.4745 0.214933
61.4567 61.2976 0.144794
59.6657 59.5455 0.112276
27.4563 27.4745 0.214933
36.8631 37.1039 0.180969
55.6385 55.5787 0.148608
55.0468 55.8871 0.153116
55.0468 55.8871 0.153116
55.0468 55.8871 0.153116
55.2692 55.2075 0.149291
55.2692 55.2075 0.149291
55.2692 55.2075 0.149291
55.2692 55.2075 0.149291
55.2692 55.2075 0.149291
55.2692 55.2075 0.149291
55.2692 55.2075 0.149291
55.2692 55.2075 0.149291
55.2692 55.2075 0.149291
55.2267 55.5577 0.163791
55.2267 55.5577 0.163791
55.2267 55.5577 0.163791
55.2267 55.5577 0.163791
55.2267 55.5577 0.163791
55.492 55.4597 0.14369
55.492 55.4597 0.14369
55.492 55.4597 0.14369
55.492 55.4597 0.14369
55.492 55.4597 0.14369
55.492 55.4597 0.14369
55.492 55.4597 0.14369
55.8259 55.5184 0.149528
55.8259 55.5184 0.149528
55.8259 55.5184 0.149528
55.3797 55.3128 0.159486
55.3797 55.3128 0.159486
55.3797 55.3128 0.159486
55.3797 55.3128 0.159486
55.3797 55.3128 0.159486
55.3797 55.3128 0.159486
55.3797 55.3128 0.159486
55.3797 55.3128 0.159486
55.3797 55.3128 0.159486
55.3797 55.3128 0.159486
55.3797 55.3128 0.159486
55.3797 55.3128 0.159486
37.2559 37.0864 0.188712
37.2559 37.0864 0.188712
37.2559 37.0864 0.188712
37.2559 37.0864 0.188712
37.2559 37.0864 0.188712
37.2559 37.0864 0.188712
37.2559 37.0864 0.188712
37.2559 37.0864 0.188712
37.2559 37.0864 0.188712
37.2559 37.0864 0.188712
37.2559 37.0864 0.188712
37.2559 37.0864 0.188712
37.2559 37.0864 0.188712
37.2559 37.0864 0.188712
37.2559 37.0864 0.188712
37.2559 37.0864 0.188712
36.7034 36.285 0.172092
36.7034 36.285 0.172092
36.7034 36.285 0.172092
37.3404 36.3778 0.187458
37.3404 36.3778 0.187458
37.3404 36.3778 0.187458
37.3404 36.3778 0.187458
37.3404 36.3778 0.187458
37.3404 36.3778 0.187458
37.3404 36.3778 0.187458
36.6441 36.3417 0.196053
36.6441 36.3417 0.196053
37.18 36.4367 0.197021
37.18 36.4367 0.197021
37.18 36.4367 0.197021
36.7267 36.7429 0.202279
36.7267 36.7429 0.202279
36.7267 36.7429 0.202279
36.7267 36.7429 0.202279
36.7267 36.7429 0.202279
36.7267 36.7429 0.202279
36.7267 36.7429 0.202279
36.7267 36.7429 0.202279
36.7267 36.7429 0.202279
36.7267 36.7429 0.202279
37.0382 36.6545 0.192439
37.0382 36.6545 0.192439
37.0382 36.6545 0.192439
37.0382 36.6545 0.192439
37.0382 36.6545 0.192439
37.0382 36.6545 0.192439
37.0382 36.6545 0.192439
37.0382 36.6545 0.192439
37.0382 36.6545 0.192439
37.0382 36.6545 0.192439
37.0382 36.6545 0.192439
37.0382 36.6545 0.192439
37.0382 36.6545 0.192439
37.0382 36.6545 0.192439
37.0382 36.6545 0.192439
37.0382 36.6545 0.192439
37.0382 36.6545 0.192439
37.0382 36.6545 0.192439
37.0382 36.6545 0.192439
9.17467 9.50446 0.314306
9.17467 9.50446 0.314306
9.17467 9.50446 0.314306
9.17467 9.50446 0.314306
9.17467 9.50446 0.314306
9.17467 9.50446 0.314306
9.17467 9.50446 0.314306
9.17467 9.50446 0.314306
9.17467 9.50446 0.314306
9.17467 9.50446 0.314306
9.17467 9.50446 0.314306
9.17467 9.50446 0.314306
9.17467 9.50446 0.314306
9.17467 9.50446 0.314306
9.17467 9.50446 0.314306
9.17467 9.50446 0.314306
9.17467 9.50446 0.314306
9.17467 9.50446 0.314306
55.676 55.3506 0.152629
55.676 55.3506 0.152629
55.676 55.3506 0.152629
55.676 55.3506 0.152629
55.676 55.3506 0.152629
55.676 55.3506 0.152629
55.676 55.3506 0.152629
55.676 55.3506 0.152629
55.676 55.3506 0.152629
55.676 55.3506 0.152629
55.676 55.3506 0.152629
55.676 55.3506 0.152629
55.676 55.3506 0.152629
55.676 55.3506 0.152629
55.099 55.3261 0.147952
55.099 55.3261 0.147952
55.099 55.3261 0.147952
55.099 55.3261 0.147952
55.099 55.3261 0.147952
55.099 55.3261 0.147952
55.099 55.3261 0.147952
55.099 55.3261 0.147952
55.099 55.3261 0.147952
55.099 55.3261 0.147952
55.099 55.3261 0.147952
55.099 55.3261 0.147952
55.8019 55.8039 0.158146
55.8019 55.8039 0.158146
55.8019 55.8039 0.158146
55.8019 55.8039 0.158146
55.8019 55.8039 0.158146
55.8019 55.8039 0.158146
55.8019 55.8039 0.158146
55.182 55.9961 0.144547
55.182 55.9961 0.144547
55.182 55.9961 0.144547
55.182 55.9961 0.144547
55.182 55.9961 0.144547
55.182 55.9961 0.144547
55.182 55.9961 0.144547
55.182 55.9961 0.144547
55.182 55.9961 0.144547
55.182 55.9961 0.144547
55.182 55.9961 0.144547
55.182 55.9961 0.144547
55.182 55.9961 0.144547
55.182 55.9961 0.144547
55.182 55.9961 0.144547
55.182 55.9961 0.144547
55.182 55.9961 0.144547
55.182 55.9961 0.144547
55.182 55.9961 0.144547
55.182 55.9961 0.144547
55.492 55.3587 0.154598
55.492 55.3587 0.154598
55.492 55.3587 0.154598
55.492 55.3587 0.154598
55.492 55.3587 0.154598
55.5522 55.0377 0.124885
55.5522 55.0377 0.124885
55.5704 55.156 0.151467
55.5704 55.156 0.151467
55.7698 55.8199 0.142712
55.7698 55.8199 0.142712
55.3631 55.5506 0.143957
55.3631 55.5506 0.143957
55.444 55.4747 0.151811
55.444 55.4747 0.151811
55.444 55.4747 0.151811
55.444 55.4747 0.151811
55.6432 55.3342 0.148046
55.6432 55.3342 0.148046
55.6432 55.3342 0.148046
55.6432 55.3342 0.148046
55.4695 55.3144 0.164581
55.0007 55.8252 0.166463
55.0007 55.8252 0.166463
55.0007 55.8252 0.166463
55.0007 55.8252 0.166463
54.9066 55.2344 0.163534
54.9066 55.2344 0.163534
54.9066 55.2344 0.163534
