17.4042 17.8942 0.284772
43.0996 42.8668 0.157726
22.9475 22.7795 0.264937
41.6085 42.0375 0.183734
32.9867 32.975 0.19424
61.226 61.4594 0.123807
31.9179 31.8959 0.191465
20.5183 20.1938 0.271574
22.4534 22.2854 0.27058
26.4588 26.3875 0.24176
12.8201 13.2115 0.301444
43.6592 43.1333 0.166927
25.4012 25.2057 0.261885
46.6861 46.5659 0.176038
24.9557 25.0914 0.247399
11.3271 11.9821 0.313649
26.1582 26.495 0.24146
61.8299 61.4606 0.134521
15.831 16.2275 0.283055
14.9555 14.2265 0.292377
36.701 36.6893 0.183929
40.9001 41.2914 0.184149
22.683 22.7532 0.264134
55.4707 55.6842 0.139604
11.9919 12.8229 0.308825
9.5903 10.0193 0.311043
22.2132 21.7731 0.255546
22.8236 22.4544 0.277171
16.5589 16.1939 0.25512
39.585 39.7876 0.170549
37.7348 38.5266 0.1907
15.8112 16.2818 0.307003
62.1488 62.5402 0.122657
59.8474 59.6523 0.116285
58.0478 58.5349 0.137448
51.1282 51.465 0.144909
6.63728 6.66439 0.29874
39.0225 39.5091 0.159494
49.406 49.8025 0.168047
10.1509 9.62505 0.317959
61.7846 61.6168 0.11133
19.4282 19.2573 0.256317
9.22828 9.25309 0.302213
30.6947 30.7218 0.218197
13.2839 13.3401 0.290723
64.5004 63.9513 0.129258
26.4694 26.3968 0.239085
53.8046 53.7271 0.137937
57.4316 57.3113 0.140363
9.38676 9.21869 0.309483
11.9919 12.8229 0.308825
37.2678 37.176 0.217052
24.292 24.0593 0.240379
27.641 28.0375 0.242506
9.22828 9.25309 0.302213
10.1126 10.2139 0.294161
29.3601 29.9798 0.207581
18.298 17.9685 0.298419
15.4497 15.3771 0.290848
60.8896 61.6226 0.14801
9.38676 9.21869 0.309483
9.75382 8.97282 0.30782
41.5791 41.4873 0.195825
57.139 57.2748 0.136187
59.5354 59.4437 0.116492
30.6947 30.7218 0.218197
62.7877 62.581 0.107655
36.6415 37.1175 0.189836
30.6947 30.7218 0.218197
61.8093 61.766 0.117841
25.1179 25.0261 0.255791
64.6374 63.9083 0.136762
59.2579 58.8178 0.0989011
27.036 27.1989 0.239084
40.7333 41.0701 0.17685
27.8771 27.9785 0.21889
60.8739 60.722 0.128019
6.26297 5.93353 0.0169025
14.0762 13.8435 0.277601
59.2579 58.8178 0.0989011
24.8543 25.2307 0.245901
15.831 16.2275 0.283055
27.0556 27.0827 0.222249
10.347 10.3249 0.309636
44.4488 44.8037 0.180098
11.3271 11.9821 0.313649
57.1056 57.1304 0.134753
31.9523 31.9993 0.190278
26.4694 26.3968 0.239085
15.8208 16.3301 0.271449
52.0654 51.7004 0.127937
27.8771 27.9785 0.21889
15.831 16.2275 0.283055
15.8888 15.7885 0.324489
39.585 39.7876 0.170549
43.3624 43.1878 0.186984
62.9014 63.5211 0.122165
63.3647 63.5276 0.144113
10.7197 10.6194 0.333591
18.298 17.9685 0.298419
51.5727 51.163 0.154322
51.5727 51.163 0.154322
51.748 51.6617 0.140566
51.748 51.6617 0.140566
51.748 51.6617 0.140566
51.8403 51.3872 0.136402
51.8403 51.3872 0.136402
51.8403 51.3872 0.136402
51.8403 51.3872 0.136402
51.8403 51.3872 0.136402
51.8403 51.3872 0.136402
51.8403 51.3872 0.136402
51.8403 51.3872 0.136402
51.8403 51.3872 0.136402
51.8403 51.3872 0.136402
51.8403 51.3872 0.136402
51.8403 51.3872 0.136402
51.8403 51.3872 0.136402
51.799 51.085 0.130945
51.799 51.085 0.130945
51.799 51.085 0.130945
51.799 51.085 0.130945
51.799 51.085 0.130945
51.7021 51.577 0.158558
51.7021 51.577 0.158558
51.7021 51.577 0.158558
51.7021 51.577 0.158558
51.7021 51.577 0.158558
51.7021 51.577 0.158558
51.7021 51.577 0.158558
51.7021 51.577 0.158558
51.7021 51.577 0.158558
51.7021 51.577 0.158558
51.7021 51.577 0.158558
51.7021 51.577 0.158558
51.7021 51.577 0.158558
51.7021 51.577 0.158558
51.7021 51.577 0.158558
51.7021 51.577 0.158558
51.7021 51.577 0.158558
51.7021 51.577 0.158558
51.4526 51.4493 0.150922
51.4526 51.4493 0.150922
51.4526 51.4493 0.150922
51.4526 51.4493 0.150922
52.0601 51.9039 0.131426
52.0601 51.9039 0.131426
52.0601 51.9039 0.131426
52.0601 51.9039 0.131426
51.8937 52.0005 0.142351
51.8937 52.0005 0.142351
51.966 51.449 0.158126
51.966 51.449 0.158126
51.966 51.449 0.158126
51.966 51.449 0.158126
52.0389 51.5061 0.157414
52.0389 51.5061 0.157414
51.5301 51.6162 0.160655
51.5301 51.6162 0.160655
51.5301 51.6162 0.160655
51.5301 51.6162 0.160655
51.5301 51.6162 0.160655
51.6258 51.6051 0.143275
51.6258 51.6051 0.143275
51.5989 51.5345 0.184587
51.5989 51.5345 0.184587
51.5989 51.5345 0.184587
51.5989 51.5345 0.184587
51.5989 51.5345 0.184587
51.5989 51.5345 0.184587
51.8086 51.6817 0.149784
51.8086 51.6817 0.149784
51.8086 51.6817 0.149784
51.8086 51.6817 0.149784
51.8086 51.6817 0.149784
51.8086 51.6817 0.149784
51.8086 51.6817 0.149784
51.8086 51.6817 0.149784
51.8086 51.6817 0.149784
51.8086 51.6817 0.149784
51.8086 51.6817 0.149784
51.8086 51.6817 0.149784
52.0069 51.699 0.145474
52.0069 51.699 0.145474
52.0855 51.8439 0.145102
52.0855 51.8439 0.145102
52.0855 51.8439 0.145102
52.0855 51.8439 0.145102
52.0855 51.8439 0.145102
52.0855 51.8439 0.145102
52.0855 51.8439 0.145102
52.0855 51.8439 0.145102
52.0855 51.8439 0.145102
52.0855 51.8439 0.145102
52.0855 51.8439 0.145102
52.0855 51.8439 0.145102
52.0855 51.8439 0.145102
51.6691 51.859 0.145347
51.6691 51.859 0.145347
51.6691 51.859 0.145347
36.404 36.4817 0.180339
36.635 37.1461 0.185532
36.635 37.1461 0.185532
36.635 37.1461 0.185532
36.7672 36.4621 0.193776
36.8963 36.5822 0.164956
36.8963 36.5822 0.164956
36.8963 36.5822 0.164956
36.8963 36.5822 0.164956
36.8963 36.5822 0.164956
36.8963 36.5822 0.164956
36.8963 36.5822 0.164956
36.8963 36.5822 0.164956
36.8963 36.5822 0.164956
36.8963 36.5822 0.164956
36.9854 36.6396 0.209438
36.9854 36.6396 0.209438
36.9854 36.6396 0.209438
36.9854 36.6396 0.209438
36.9854 36.6396 0.209438
36.9854 36.6396 0.209438
36.9854 36.6396 0.209438
36.9854 36.6396 0.209438
36.9854 36.6396 0.209438
36.9854 36.6396 0.209438
36.9854 36.6396 0.209438
36.9854 36.6396 0.209438
36.9854 36.6396 0.209438
36.9854 36.6396 0.209438
36.9854 36.6396 0.209438
36.9854 36.6396 0.209438
36.9854 36.6396 0.209438
36.9854 36.6396 0.209438
36.9854 36.6396 0.209438
36.9854 36.6396 0.209438
36.9854 36.6396 0.209438
36.6024 36.5797 0.196274
36.6024 36.5797 0.196274
36.6024 36.5797 0.196274
36.6024 36.5797 0.196274
36.6024 36.5797 0.196274
36.6024 36.5797 0.196274
36.6024 36.5797 0.196274
36.6024 36.5797 0.196274
36.6024 36.5797 0.196274
36.6024 36.5797 0.196274
36.6024 36.5797 0.196274
36.9296 36.5475 0.212089
36.9296 36.5475 0.212089
37.1097 37.0691 0.185274
37.1097 37.0691 0.185274
37.1097 37.0691 0.185274
37.1097 37.0691 0.185274
37.1097 37.0691 0.185274
37.1097 37.0691 0.185274
37.1097 37.0691 0.185274
37.1097 37.0691 0.185274
37.1097 37.0691 0.185274
37.1097 37.0691 0.185274
37.1097 37.0691 0.185274
37.1097 37.0691 0.185274
37.1097 37.0691 0.185274
37.1097 37.0691 0.185274
37.1097 37.0691 0.185274
37.1097 37.0691 0.185274
37.1097 37.0691 0.185274
37.1097 37.0691 0.185274
37.1097 37.0691 0.185274
37.1097 37.0691 0.185274
37.1097 37.0691 0.185274
37.1097 37.0691 0.185274
36.9465 37.1822 0.178332
36.9465 37.1822 0.178332
36.9465 37.1822 0.178332
36.9465 37.1822 0.178332
36.9465 37.1822 0.178332
36.9465 37.1822 0.178332
36.9465 37.1822 0.178332
36.9465 37.1822 0.178332
36.9465 37.1822 0.178332
36.9465 37.1822 0.178332
36.9465 37.1822 0.178332
36.9465 37.1822 0.178332
36.9465 37.1822 0.178332
36.7078 36.7651 0.196614
36.7078 36.7651 0.196614
36.7078 36.7651 0.196614
36.7078 36.7651 0.196614
37.134 37.3024 0.181628
37.134 37.3024 0.181628
36.64 36.5432 0.196494
36.64 36.5432 0.196494
36.64 36.5432 0.196494
36.64 36.5432 0.196494
36.64 36.5432 0.196494
36.64 36.5432 0.196494
36.64 36.5432 0.196494
36.64 36.5432 0.196494
36.64 36.5432 0.196494
20.0366 19.8187 0.249119
