26.5862 26.4153 0.234756
6.41059 6.44927 0.336636
7.28648 7.68299 0.328781
22.2132 21.7731 0.255546
29.131 29.149 0.230373
8.04784 7.85237 0.332648
22.2132 21.7731 0.255546
9.75382 8.97282 0.30782
53.2279 53.7149 0.12647
35.3951 35.8818 0.191582
31.9523 31.9993 0.190278
10.3423 9.90214 0.291107
14.9555 14.2265 0.292377
49.9109 49.3012 0.16822
46.8239 47.2548 0.173782
10.3423 9.90214 0.291107
14.0762 13.8435 0.277601
27.641 28.0375 0.242506
10.0759 10.8416 0.314738
15.4497 15.3771 0.290848
13.3332 13.3111 0.296966
42.7188 43.1101 0.187575
10.1126 10.2139 0.294161
28.9251 28.5957 0.248136
30.6947 30.7218 0.218197
45.1737 44.9782 0.181866
24.9557 25.0914 0.247399
32.584 32.4279 0.187846
10.4728 10.266 0.299113
14.0762 13.8435 0.277601
9.22828 9.25309 0.302213
11.3528 11.3776 0.301853
16.2032 15.9965 0.292768
28.6233 28.1023 0.223838
23.8199 24.1749 0.259081
12.8201 13.2115 0.301444
10.4728 10.266 0.299113
23.7188 23.3032 0.246732
23.044 23.2848 0.24787
37.1199 37.4222 0.217929
16.2032 15.9965 0.292768
34.6982 34.6865 0.183086
36.8631 37.1039 0.180969
11.3271 11.9821 0.313649
10.347 10.3249 0.309636
32.9867 32.975 0.19424
22.9475 22.7795 0.264937
25.1179 25.0261 0.255791
27.791 27.27 0.225368
30.6947 30.7218 0.218197
20.5414 20.3523 0.266493
10.1126 10.2139 0.294161
6.26297 5.93353 0.0169025
48.593 48.0919 0.155625
44.3509 44.1828 0.178634
15.4497 15.3771 0.290848
22.683 22.7532 0.264134
29.131 29.149 0.230373
29.9812 30.2463 0.224626
28.9438 28.9218 0.232835
44.6577 44.5851 0.170055
29.8161 29.4916 0.21569
40.9001 41.2914 0.184149
11.2885 11.4187 0.317347
28.0268 28.0831 0.232086
51.731 51.9961 0.147213
13.6923 13.3428 0.288881
30.6947 30.7218 0.218197
40.0896 39.7518 0.187681
16.3348 15.9698 0.283498
11.3271 11.9821 0.313649
37.6007 37.2314 0.221086
11.9624 12.0525 0.304642
31.8416 31.5521 0.197039
11.3528 11.3776 0.301853
14.6298 14.9667 0.282827
43.1555 42.866 0.188671
36.8631 37.1039 0.180969
9.98836 9.22669 0.294127
9.39852 9.87457 0.312378
26.4588 26.3875 0.24176
20.5414 20.3523 0.266493
14.7453 14.6678 0.281354
22.8236 22.4544 0.277171
37.0792 37.2421 0.226602
32.9867 32.975 0.19424
28.1929 28.1155 0.230044
39.5972 39.2477 0.166533
6.41059 6.44927 0.336636
23.3807 23.5833 0.257712
46.3737 46.4263 0.169698
13.8834 14.3594 0.28122
20.0178 20.4241 0.266637
22.8236 22.4544 0.277171
6.41059 6.44927 0.336636
6.26867 7.09974 0.304316
26.1582 26.495 0.24146
31.4178 30.7799 0.218725
19.2758 19.6126 0.28139
28.6233 28.1023 0.223838
46.8413 46.2763 0.174336
46.2609 46.3384 0.170084
46.2609 46.3384 0.170084
46.2609 46.3384 0.170084
46.3989 46.5556 0.195701
46.3989 46.5556 0.195701
46.3989 46.5556 0.195701
46.4419 46.8782 0.167006
46.4419 46.8782 0.167006
46.4419 46.8782 0.167006
46.4419 46.8782 0.167006
46.4419 46.8782 0.167006
46.4419 46.8782 0.167006
45.8527 45.9904 0.183802
45.8527 45.9904 0.183802
45.8527 45.9904 0.183802
46.1551 46.5383 0.196072
46.1551 46.5383 0.196072
46.1551 46.5383 0.196072
46.1551 46.5383 0.196072
46.1551 46.5383 0.196072
46.1551 46.5383 0.196072
46.2613 46.9616 0.179607
46.2613 46.9616 0.179607
46.2613 46.9616 0.179607
46.2613 46.9616 0.179607
46.2613 46.9616 0.179607
46.3661 46.1322 0.158542
46.7976 46.8313 0.175625
46.7976 46.8313 0.175625
46.7976 46.8313 0.175625
46.7976 46.8313 0.175625
46.7976 46.8313 0.175625
46.7976 46.8313 0.175625
46.3005 46.3908 0.181397
46.3005 46.3908 0.181397
46.3005 46.3908 0.181397
46.3005 46.3908 0.181397
46.4908 46.4973 0.169861
46.4908 46.4973 0.169861
46.4908 46.4973 0.169861
46.3382 46.2455 0.173971
46.3382 46.2455 0.173971
46.3382 46.2455 0.173971
46.2742 46.3711 0.165374
46.4149 46.6015 0.189967
46.6972 46.2483 0.168009
46.6972 46.2483 0.168009
45.9193 46.546 0.173325
45.9193 46.546 0.173325
45.9193 46.546 0.173325
46.1057 46.5513 0.17054
46.1057 46.5513 0.17054
46.1057 46.5513 0.17054
46.1057 46.5513 0.17054
18.4705 18.3523 0.286602
18.4705 18.3523 0.286602
18.4705 18.3523 0.286602
18.4705 18.3523 0.286602
18.4705 18.3523 0.286602
18.4705 18.3523 0.286602
18.4705 18.3523 0.286602
18.4705 18.3523 0.286602
18.4705 18.3523 0.286602
18.4705 18.3523 0.286602
18.4705 18.3523 0.286602
41.2733 41.4349 0.188707
41.2733 41.4349 0.188707
41.2733 41.4349 0.188707
41.2733 41.4349 0.188707
41.2733 41.4349 0.188707
41.2733 41.4349 0.188707
41.2733 41.4349 0.188707
41.0787 40.8835 0.181165
41.0787 40.8835 0.181165
41.0787 40.8835 0.181165
41.2205 41.2781 0.175159
41.2205 41.2781 0.175159
41.2205 41.2781 0.175159
41.2205 41.2781 0.175159
41.2205 41.2781 0.175159
41.2205 41.2781 0.175159
41.2205 41.2781 0.175159
41.2205 41.2781 0.175159
41.2205 41.2781 0.175159
41.5131 41.6713 0.17441
41.5131 41.6713 0.17441
41.5131 41.6713 0.17441
41.5131 41.6713 0.17441
41.5131 41.6713 0.17441
41.5131 41.6713 0.17441
41.5131 41.6713 0.17441
41.5131 41.6713 0.17441
41.5131 41.6713 0.17441
41.5131 41.6713 0.17441
41.1282 41.4242 0.177919
41.4843 41.3766 0.200926
41.4843 41.3766 0.200926
40.8122 41.8501 0.170868
41.4152 41.4381 0.192349
19.0055 19.2724 0.257592
19.0055 19.2724 0.257592
19.0055 19.2724 0.257592
19.0055 19.2724 0.257592
19.0055 19.2724 0.257592
19.0055 19.2724 0.257592
19.0055 19.2724 0.257592
19.0055 19.2724 0.257592
19.0055 19.2724 0.257592
19.0055 19.2724 0.257592
19.0055 19.2724 0.257592
19.0055 19.2724 0.257592
19.0055 19.2724 0.257592
18.796 19.2461 0.274653
18.796 19.2461 0.274653
18.796 19.2461 0.274653
18.796 19.2461 0.274653
18.7348 18.8736 0.260724
18.7348 18.8736 0.260724
18.7348 18.8736 0.260724
18.7348 18.8736 0.260724
18.7348 18.8736 0.260724
18.7348 18.8736 0.260724
18.7348 18.8736 0.260724
18.7348 18.8736 0.260724
18.7348 18.8736 0.260724
18.7348 18.8736 0.260724
18.7348 18.8736 0.260724
18.7348 18.8736 0.260724
18.7348 18.8736 0.260724
18.7348 18.8736 0.260724
18.7348 18.8736 0.260724
18.7348 18.8736 0.260724
18.7348 18.8736 0.260724
18.7348 18.8736 0.260724
18.7348 18.8736 0.260724
18.7348 18.8736 0.260724
18.9008 19.3099 0.252485
18.9008 19.3099 0.252485
18.9008 19.3099 0.252485
18.9008 19.3099 0.252485
18.9008 19.3099 0.252485
18.9008 19.3099 0.252485
18.9008 19.3099 0.252485
18.9008 19.3099 0.252485
18.9008 19.3099 0.252485
18.9008 19.3099 0.252485
18.9008 19.3099 0.252485
18.9008 19.3099 0.252485
18.9008 19.3099 0.252485
18.9008 19.3099 0.252485
18.8894 18.5631 0.264909
18.8894 18.5631 0.264909
18.8894 18.5631 0.264909
18.7943 18.4491 0.261867
18.7943 18.4491 0.261867
18.7943 18.4491 0.261867
18.7943 18.4491 0.261867
18.7943 18.4491 0.261867
18.8443 18.4303 0.270904
18.8443 18.4303 0.270904
18.8443 18.4303 0.270904
18.8443 18.4303 0.270904
18.8443 18.4303 0.270904
18.9764 18.8477 0.261418
18.9764 18.8477 0.261418
18.9764 18.8477 0.261418
18.9764 18.8477 0.261418
18.9764 18.8477 0.261418
18.9764 18.8477 0.261418
18.9764 18.8477 0.261418
18.9764 18.8477 0.261418
18.9764 18.8477 0.261418
18.9764 18.8477 0.261418
18.9764 18.8477 0.261418
18.9764 18.8477 0.261418
18.9764 18.8477 0.261418
18.9764 18.8477 0.261418
17.1312 17.3537 0.282814
17.1312 17.3537 0.282814
17.1312 17.3537 0.282814
17.1312 17.3537 0.282814
16.249 16.389 0.276297
16.249 16.389 0.276297
16.249 16.389 0.276297
16.249 16.389 0.276297
16.249 16.389 0.276297
9.7687 10.3585 0.312274
6.65796 6.10279 0.314698
6.65796 6.10279 0.314698
6.65796 6.10279 0.314698
6.65796 6.10279 0.314698
6.65796 6.10279 0.314698
6.65796 6.10279 0.314698
6.65796 6.10279 0.314698
6.65796 6.10279 0.314698
6.65796 6.10279 0.314698
6.65796 6.10279 0.314698
6.65796 6.10279 0.314698
6.65796 6.10279 0.314698
