27.254 27.683 0.217443
14.0084 14.2219 0.274043
26.3252 26.7443 0.250908
23.631 23.794 0.277553
5.95039 6.71278 0.00192008
27.4563 27.4745 0.214933
19.0876 18.357 0.267841
14.9372 15.478 0.295899
23.0448 22.4068 0.266382
14.3047 14.2334 0.283516
11.3271 11.9821 0.313649
14.0085 13.8404 0.28942
12.7868 13.5786 0.291624
13.1717 13.1988 0.295595
13.1193 13.7743 0.304848
19.4846 19.8908 0.295131
13.8834 14.3594 0.28122
12.8201 13.2115 0.301444
22.3775 23.1104 0.285016
13.1717 13.1988 0.295595
13.6923 13.3428 0.288881
23.5748 23.049 0.262318
15.8112 16.2818 0.307003
26.8273 26.0656 0.212464
26.386 26.2114 0.22835
8.29573 8.83653 0.324694
9.38676 9.21869 0.309483
16.0671 16.1685 0.259438
10.5016 9.95256 0.308835
23.945 24.3641 0.26869
20.4366 19.9965 0.258273
16.2032 15.9965 0.292768
6.41059 6.44927 0.336636
26.099 25.6833 0.22895
16.2032 15.9965 0.292768
13.1717 13.1988 0.295595
18.0388 17.2771 0.264018
10.5016 9.95256 0.308835
25.672 25.034 0.249035
9.75382 8.97282 0.30782
5.95039 6.71278 0.00192008
9.98836 9.22669 0.294127
26.5862 26.4153 0.234756
23.8199 24.1749 0.259081
17.5553 17.4006 0.254672
15.7432 15.5724 0.282706
15.8888 15.7885 0.324489
17.7906 17.441 0.271897
13.3332 13.3111 0.296966
8.04784 7.85237 0.332648
15.9926 16.0489 0.301012
23.3313 23.8406 0.258625
8.23784 8.08172 0.290084
16.1507 15.8128 0.316045
15.4963 15.1468 0.29195
13.8834 14.3594 0.28122
19.0045 19.2179 0.253847
10.7409 10.57 0.300085
22.683 22.7532 0.264134
16.885 17.6768 0.27464
14.3047 14.2334 0.283516
9.38676 9.21869 0.309483
19.605 19.652 0.279509
15.8208 16.3301 0.271449
14.9555 14.2265 0.292377
10.1126 10.2139 0.294161
11.6142 11.2764 0.318521
22.621 22.5007 0.268921
25.0301 24.7403 0.256069
10.5016 9.95256 0.308835
19.2758 19.6126 0.28139
10.4961 11.0369 0.316036
17.2035 17.437 0.27525
15.5423 14.4526 0.304441
25.4299 25.2348 0.255583
7.86086 7.6541 0.315561
24.8579 24.9881 0.261458
25.6622 26.4933 0.248512
15.196 15.163 0.280068
19.7035 20.1226 0.287297
26.0416 26.6966 0.232345
16.111 16.1497 0.32184
6.41059 6.44927 0.336636
23.5748 23.049 0.262318
11.6142 11.2764 0.318521
12.5519 12.0508 0.297585
19.7705 19.8407 0.277606
13.3332 13.3111 0.296966
17.5553 17.4006 0.254672
20.743 20.5869 0.243734
11.6142 11.2764 0.318521
9.75382 8.97282 0.30782
23.6238 23.2993 0.263713
19.3748 19.0055 0.275815
14.0085 13.8404 0.28942
6.41392 6.84292 0.31191
8.04784 7.85237 0.332648
6.26297 5.93353 0.0169025
10.7409 10.57 0.300085
10.1509 9.62505 0.317959
17.7864 17.5913 0.281723
17.7864 17.5913 0.281723
17.7864 17.5913 0.281723
17.7864 17.5913 0.281723
17.4744 17.3827 0.28193
17.4744 17.3827 0.28193
17.4744 17.3827 0.28193
17.4744 17.3827 0.28193
16.787 17.1239 0.273195
16.787 17.1239 0.273195
16.787 17.1239 0.273195
16.787 17.1239 0.273195
16.787 17.1239 0.273195
16.787 17.1239 0.273195
16.787 17.1239 0.273195
17.8608 17.6899 0.266466
17.8608 17.6899 0.266466
17.8608 17.6899 0.266466
17.8608 17.6899 0.266466
17.8608 17.6899 0.266466
16.885 17.6768 0.27464
17.3716 17.3599 0.265266
17.3716 17.3599 0.265266
17.654 17.6721 0.273555
17.654 17.6721 0.273555
17.654 17.6721 0.273555
17.654 17.6721 0.273555
17.654 17.6721 0.273555
17.654 17.6721 0.273555
17.654 17.6721 0.273555
17.654 17.6721 0.273555
17.654 17.6721 0.273555
17.654 17.6721 0.273555
17.654 17.6721 0.273555
17.654 17.6721 0.273555
17.654 17.6721 0.273555
17.654 17.6721 0.273555
17.654 17.6721 0.273555
17.6215 17.0725 0.275215
17.6215 17.0725 0.275215
17.6215 17.0725 0.275215
17.6215 17.0725 0.275215
17.0355 17.2381 0.271639
17.0355 17.2381 0.271639
17.6674 16.8864 0.266616
17.452 17.3 0.279051
17.452 17.3 0.279051
17.452 17.3 0.279051
17.452 17.3 0.279051
17.452 17.3 0.279051
17.452 17.3 0.279051
17.452 17.3 0.279051
17.7869 17.7435 0.269284
17.3898 17.655 0.275499
17.3898 17.655 0.275499
17.5337 17.7745 0.262307
17.5337 17.7745 0.262307
17.5337 17.7745 0.262307
17.5337 17.7745 0.262307
17.5997 18.0188 0.282618
17.5997 18.0188 0.282618
17.3886 18.0042 0.264578
17.3886 18.0042 0.264578
17.3886 18.0042 0.264578
17.3886 18.0042 0.264578
17.3886 18.0042 0.264578
17.3886 18.0042 0.264578
17.3886 18.0042 0.264578
17.3886 18.0042 0.264578
17.3886 18.0042 0.264578
17.3886 18.0042 0.264578
17.3886 18.0042 0.264578
15.5473 16.3784 0.307496
16.1658 16.0111 0.281946
16.1658 16.0111 0.281946
16.1658 16.0111 0.281946
16.1658 16.0111 0.281946
16.1658 16.0111 0.281946
16.0003 16.2655 0.302773
16.0003 16.2655 0.302773
16.0003 16.2655 0.302773
16.0448 15.8856 0.323511
16.0448 15.8856 0.323511
16.0448 15.8856 0.323511
16.0147 16.5047 0.312046
16.0147 16.5047 0.312046
8.01279 7.91254 0.337498
8.01279 7.91254 0.337498
8.01279 7.91254 0.337498
8.01279 7.91254 0.337498
8.01279 7.91254 0.337498
8.01279 7.91254 0.337498
8.01279 7.91254 0.337498
8.01279 7.91254 0.337498
8.01279 7.91254 0.337498
8.01279 7.91254 0.337498
8.01279 7.91254 0.337498
8.23784 8.08172 0.290084
8.23784 8.08172 0.290084
8.23784 8.08172 0.290084
15.6744 16.1385 0.30542
15.6744 16.1385 0.30542
6.45396 7.14931 0.296997
6.45396 7.14931 0.296997
6.45396 7.14931 0.296997
6.45396 7.14931 0.296997
6.45396 7.14931 0.296997
6.45396 7.14931 0.296997
6.45396 7.14931 0.296997
6.45396 7.14931 0.296997
6.45396 7.14931 0.296997
6.45396 7.14931 0.296997
6.45396 7.14931 0.296997
6.45396 7.14931 0.296997
6.45396 7.14931 0.296997
6.45396 7.14931 0.296997
6.45396 7.14931 0.296997
6.82638 6.48565 0.291357
6.82638 6.48565 0.291357
6.82638 6.48565 0.291357
6.82638 6.48565 0.291357
6.82638 6.48565 0.291357
6.82638 6.48565 0.291357
6.82638 6.48565 0.291357
6.82638 6.48565 0.291357
6.82638 6.48565 0.291357
6.82638 6.48565 0.291357
6.82638 6.48565 0.291357
7.63651 7.70904 0.32293
7.63651 7.70904 0.32293
20.0081 20.0803 0.301063
20.0081 20.0803 0.301063
20.0081 20.0803 0.301063
20.0081 20.0803 0.301063
20.0081 20.0803 0.301063
19.7831 20.1249 0.286302
19.4856 20.0826 0.278713
19.4856 20.0826 0.278713
19.8915 19.8066 0.285838
20.2817 20.0541 0.284347
20.2817 20.0541 0.284347
20.2817 20.0541 0.284347
20.2817 20.0541 0.284347
19.9429 19.8997 0.278144
20.1568 19.6222 0.293283
20.1568 19.6222 0.293283
20.1568 19.6222 0.293283
20.1568 19.6222 0.293283
20.1568 19.6222 0.293283
19.7653 19.9897 0.296553
20.5067 19.8603 0.278352
20.5067 19.8603 0.278352
20.5067 19.8603 0.278352
20.5067 19.8603 0.278352
19.7732 19.8922 0.294746
19.7732 19.8922 0.294746
19.7732 19.8922 0.294746
19.7732 19.8922 0.294746
19.7732 19.8922 0.294746
19.7732 19.8922 0.294746
19.7732 19.8922 0.294746
19.6147 19.8152 0.265561
19.6147 19.8152 0.265561
19.6147 19.8152 0.265561
19.9684 19.6005 0.282507
19.9684 19.6005 0.282507
19.9882 20.2437 0.282283
19.9882 20.2437 0.282283
19.9882 20.2437 0.282283
19.9882 20.2437 0.282283
19.9882 20.2437 0.282283
19.9882 20.2437 0.282283
19.9882 20.2437 0.282283
19.9882 20.2437 0.282283
19.9882 20.2437 0.282283
19.9882 20.2437 0.282283
19.9882 20.2437 0.282283
19.9882 20.2437 0.282283
19.7255 20.2365 0.279739
19.7255 20.2365 0.279739
19.7255 20.2365 0.279739
19.7255 20.2365 0.279739
19.7255 20.2365 0.279739
19.7255 20.2365 0.279739
19.9386 20.4667 0.273712
19.9386 20.4667 0.273712
19.9386 20.4667 0.273712
19.9386 20.4667 0.273712
19.9386 20.4667 0.273712
19.9386 20.4667 0.273712
20.0508 20.0731 0.272458
20.0508 20.0731 0.272458
20.0508 20.0731 0.272458
20.0508 20.0731 0.272458
20.0508 20.0731 0.272458
20.0508 20.0731 0.272458
20.0508 20.0731 0.272458
20.0508 20.0731 0.272458
19.4304 19.7266 0.28737
19.4304 19.7266 0.28737
26.8616 27.4657 0.223567
27.2302 27.1003 0.221337
26.8327 27.6987 0.230358
27.0291 26.6601 0.211967
26.6984 27.4321 0.197867
27.1196 26.6383 0.21314
26.5094 27.0393 0.231037
26.5094 27.0393 0.231037
27.1471 27.0809 0.211645
27.336 26.9 0.214412
27.336 26.9 0.214412
27.1063 27.142 0.216093
27.1063 27.142 0.216093
27.1063 27.142 0.216093
27.1342 27.3277 0.208938
27.1342 27.3277 0.208938
26.7863 27.2755 0.231546
26.7873 26.8412 0.225913
27.4589 27.194 0.2322
26.9446 26.8818 0.235332
26.9446 26.8818 0.235332
26.9327 27.2712 0.211908
26.9327 27.2712 0.211908
27.1543 26.8854 0.232664
27.2962 27.6513 0.234596
27.6709 27.3337 0.233589
27.3686 27.01 0.231621
27.3686 27.01 0.231621
27.3686 27.01 0.231621
27.3641 26.7623 0.217025
27.2787 27.4097 0.230801
26.4841 26.9729 0.229581
26.4841 26.9729 0.229581
27.3028 27.101 0.229991
27.3028 27.101 0.229991
27.2738 27.0527 0.217252
27.3031 26.8824 0.200274
27.0471 27.1381 0.219187
27.0471 27.1381 0.219187
27.0471 27.1381 0.219187
27.3243 27.4084 0.237285
27.3243 27.4084 0.237285
27.1977 27.986 0.232475
26.7326 27.0945 0.220512
26.7326 27.0945 0.220512
26.7326 27.0945 0.220512
27.1361 26.9578 0.200383
26.9866 28.0803 0.233648
27.1043 27.1353 0.208076
27.1043 27.1353 0.208076
26.9055 26.8641 0.229122
27.4767 27.5064 0.235067
27.3241 27.4536 0.211819
27.1986 26.3735 0.210617
26.7211 27.5129 0.231629
26.8761 27.2109 0.212828
27.2556 27.4093 0.216865
27.2556 27.4093 0.216865
27.2556 27.4093 0.216865
27.3324 26.5532 0.22595
27.248 27.4617 0.231377
27.2045 27.4167 0.209324
27.1041 27.7652 0.230107
27.3744 27.6684 0.225071
27.3208 26.7806 0.238681
27.2612 27.3529 0.190789
19.5525 19.5486 0.256062
25.2722 24.6017 0.236016
25.2722 24.6017 0.236016
25.2722 24.6017 0.236016
25.2722 24.6017 0.236016
25.2722 24.6017 0.236016
25.2722 24.6017 0.236016
25.0155 24.9782 0.245382
25.0155 24.9782 0.245382
25.0155 24.9782 0.245382
25.0155 24.9782 0.245382
25.0155 24.9782 0.245382
24.8841 25.3711 0.237693
24.7697 24.9033 0.25368
24.7697 24.9033 0.25368
26.1708 25.5315 0.23689
26.1708 25.5315 0.23689
25.0709 25.0138 0.243461
25.0709 25.0138 0.243461
25.0709 25.0138 0.243461
25.0709 25.0138 0.243461
24.8015 24.6768 0.256243
24.8015 24.6768 0.256243
24.8015 24.6768 0.256243
25.1838 24.8126 0.250319
24.8942 24.962 0.25052
24.9053 25.2057 0.250931
24.9053 25.2057 0.250931
24.9053 25.2057 0.250931
25.0669 24.8556 0.242894
25.0669 24.8556 0.242894
25.2659 25.2684 0.248214
25.2659 25.2684 0.248214
25.2659 25.2684 0.248214
