62.4967 62.3076 0.114721
6.26297 5.93353 0.0169025
16.0587 15.7292 0.318592
34.8305 35.2595 0.187659
27.0556 27.0827 0.222249
47.683 47.531 0.181975
43.3624 43.1878 0.186984
16.3545 16.2819 0.298069
68.5535 68.5716 0.122197
20.743 20.5869 0.243734
46.5848 46.4286 0.148125
28.9438 28.9218 0.232835
10.1126 10.2139 0.294161
11.3271 11.9821 0.313649
32.9867 32.975 0.19424
25.4012 25.2057 0.261885
19.3748 19.0055 0.275815
15.2874 15.567 0.284193
54.9704 55.8015 0.15583
32.9867 32.975 0.19424
44.8058 45.071 0.16934
26.4694 26.3968 0.239085
14.0762 13.8435 0.277601
26.704 27.0953 0.228099
7.76867 7.80736 0.344634
37.7348 38.5266 0.1907
55.1923 55.4568 0.148509
9.22828 9.25309 0.302213
30.6947 30.7218 0.218197
58.4028 58.7052 0.160026
66.1143 65.5934 0.109443
27.641 28.0375 0.242506
13.8834 14.3594 0.28122
6.63728 6.66439 0.29874
7.76867 7.80736 0.344634
68.3337 68.1746 0.144879
29.5055 28.8675 0.231992
36.8631 37.1039 0.180969
43.3624 43.1878 0.186984
44.6577 44.5851 0.170055
66.4882 65.7576 0.120413
29.8641 30.1664 0.220856
8.04784 7.85237 0.332648
53.7174 52.806 0.159456
53.8046 53.7271 0.137937
55.4707 55.6842 0.139604
49.7982 50.4138 0.148467
66.2602 66.3129 0.113796
44.3698 44.7611 0.174337
41.5678 41.0187 0.178869
10.1126 10.2139 0.294161
9.38676 9.21869 0.309483
20.0178 20.4241 0.266637
26.4694 26.3968 0.239085
62.8618 62.9319 0.115089
36.701 36.6893 0.183929
16.5589 16.1939 0.25512
66.5677 66.9868 0.125041
64.1176 63.356 0.116651
6.63728 6.66439 0.29874
19.4282 19.2573 0.256317
27.641 28.0375 0.242506
32.0726 31.5235 0.190663
15.8208 16.3301 0.271449
6.26867 7.09974 0.304316
14.7453 14.6678 0.281354
47.2665 47.4691 0.174563
43.374 43.2933 0.162259
20.0885 20.5076 0.290812
7.76867 7.80736 0.344634
14.9372 15.478 0.295899
20.8324 20.6257 0.259427
65.8351 66.568 0.141876
20.0178 20.4241 0.266637
36.701 36.6893 0.183929
46.6861 46.5659 0.176038
26.704 27.0953 0.228099
15.8208 16.3301 0.271449
34.8305 35.2595 0.187659
68.0582 68.3226 0.121543
22.683 22.7532 0.264134
30.6947 30.7218 0.218197
54.8792 54.3302 0.150046
61.813 61.4635 0.120454
31.9523 31.9993 0.190278
15.8208 16.3301 0.271449
15.8888 15.7885 0.324489
22.2132 21.7731 0.255546
31.9523 31.9993 0.190278
48.5975 47.9877 0.170973
44.3698 44.7611 0.174337
14.9372 15.478 0.295899
9.22828 9.25309 0.302213
27.4563 27.4745 0.214933
64.6123 64.541 0.127512
12.7976 13.2285 0.304061
15.8208 16.3301 0.271449
17.4042 17.8942 0.284772
23.3807 23.5833 0.257712
31.4839 31.8388 0.201705
39.223 39.8826 0.160604
39.223 39.8826 0.160604
39.223 39.8826 0.160604
39.223 39.8826 0.160604
39.223 39.8826 0.160604
39.223 39.8826 0.160604
39.223 39.8826 0.160604
39.223 39.8826 0.160604
39.223 39.8826 0.160604
39.223 39.8826 0.160604
39.223 39.8826 0.160604
39.223 39.8826 0.160604
39.223 39.8826 0.160604
40.1065 39.5006 0.179999
40.1065 39.5006 0.179999
40.1065 39.5006 0.179999
40.1065 39.5006 0.179999
40.1065 39.5006 0.179999
40.1065 39.5006 0.179999
40.1065 39.5006 0.179999
40.1065 39.5006 0.179999
40.1065 39.5006 0.179999
39.7767 40.1587 0.188144
39.7767 40.1587 0.188144
39.7767 40.1587 0.188144
39.7767 40.1587 0.188144
39.7767 40.1587 0.188144
39.7767 40.1587 0.188144
39.7767 40.1587 0.188144
40.1543 40.356 0.17128
40.1543 40.356 0.17128
40.1543 40.356 0.17128
40.1543 40.356 0.17128
40.1543 40.356 0.17128
40.1543 40.356 0.17128
40.1543 40.356 0.17128
40.1543 40.356 0.17128
40.1543 40.356 0.17128
40.1543 40.356 0.17128
40.1543 40.356 0.17128
40.1543 40.356 0.17128
40.1543 40.356 0.17128
40.1543 40.356 0.17128
40.1543 40.356 0.17128
40.046 39.979 0.177894
40.046 39.979 0.177894
40.046 39.979 0.177894
40.046 39.979 0.177894
40.046 39.979 0.177894
40.046 39.979 0.177894
40.046 39.979 0.177894
40.046 39.979 0.177894
40.046 39.979 0.177894
40.046 39.979 0.177894
39.9607 39.9761 0.162891
39.9607 39.9761 0.162891
39.9607 39.9761 0.162891
40.3692 39.9118 0.178384
40.3692 39.9118 0.178384
40.3692 39.9118 0.178384
40.3692 39.9118 0.178384
40.3692 39.9118 0.178384
40.3692 39.9118 0.178384
40.3692 39.9118 0.178384
39.9819 39.8622 0.160522
39.9819 39.8622 0.160522
39.9819 39.8622 0.160522
39.9819 39.8622 0.160522
39.9819 39.8622 0.160522
39.9819 39.8622 0.160522
39.9819 39.8622 0.160522
39.9819 39.8622 0.160522
39.9819 39.8622 0.160522
39.9819 39.8622 0.160522
40.1384 39.6573 0.169686
40.793 39.971 0.178089
40.793 39.971 0.178089
40.793 39.971 0.178089
40.793 39.971 0.178089
40.793 39.971 0.178089
40.793 39.971 0.178089
40.793 39.971 0.178089
39.8775 40.1567 0.167387
39.8775 40.1567 0.167387
39.8775 40.1567 0.167387
39.8775 40.1567 0.167387
39.8775 40.1567 0.167387
39.8775 40.1567 0.167387
39.8108 39.8042 0.188798
39.8108 39.8042 0.188798
39.8108 39.8042 0.188798
39.8108 39.8042 0.188798
39.8108 39.8042 0.188798
39.8108 39.8042 0.188798
39.8108 39.8042 0.188798
39.8108 39.8042 0.188798
39.8108 39.8042 0.188798
39.8108 39.8042 0.188798
39.6136 40.4615 0.175465
39.6136 40.4615 0.175465
62.9291 62.4282 0.0992272
62.9291 62.4282 0.0992272
62.9291 62.4282 0.0992272
62.9291 62.4282 0.0992272
62.9432 62.3862 0.107078
62.9432 62.3862 0.107078
62.9432 62.3862 0.107078
62.4036 62.4759 0.121897
62.569 62.3608 0.122582
62.569 62.3608 0.122582
62.569 62.3608 0.122582
62.569 62.3608 0.122582
62.569 62.3608 0.122582
62.9561 62.6117 0.130437
62.9561 62.6117 0.130437
62.3161 62.391 0.128442
62.3161 62.391 0.128442
62.3161 62.391 0.128442
62.3161 62.391 0.128442
62.3161 62.391 0.128442
62.3161 62.391 0.128442
62.3161 62.391 0.128442
62.3161 62.391 0.128442
62.3161 62.391 0.128442
62.4672 62.6112 0.122932
62.5427 63.3514 0.112672
62.4241 62.367 0.114662
62.4241 62.367 0.114662
62.4241 62.367 0.114662
62.4241 62.367 0.114662
62.4456 62.7596 0.111795
62.4456 62.7596 0.111795
62.8765 62.5439 0.117125
62.8765 62.5439 0.117125
62.8765 62.5439 0.117125
62.8765 62.5439 0.117125
62.8765 62.5439 0.117125
62.8765 62.5439 0.117125
62.838 62.4496 0.103012
62.8932 62.6386 0.120151
62.8932 62.6386 0.120151
62.8932 62.6386 0.120151
62.5143 62.7475 0.105331
62.5143 62.7475 0.105331
63.1145 62.2959 0.117478
62.5163 62.7735 0.112603
62.8326 62.6286 0.107707
62.8326 62.6286 0.107707
62.8326 62.6286 0.107707
62.8326 62.6286 0.107707
62.8326 62.6286 0.107707
62.8326 62.6286 0.107707
62.2651 62.5127 0.110526
62.2651 62.5127 0.110526
62.6929 62.5544 0.117092
62.6929 62.5544 0.117092
62.6929 62.5544 0.117092
62.6929 62.5544 0.117092
62.6929 62.5544 0.117092
62.6929 62.5544 0.117092
62.7022 63.2362 0.11793
62.7022 63.2362 0.11793
62.7022 63.2362 0.11793
62.7022 63.2362 0.11793
62.7022 63.2362 0.11793
62.3639 62.671 0.109609
62.3639 62.671 0.109609
62.3639 62.671 0.109609
62.3639 62.671 0.109609
62.3639 62.671 0.109609
62.3639 62.671 0.109609
62.3639 62.671 0.109609
62.5469 62.8243 0.12276
62.6582 62.4258 0.117558
62.6582 62.4258 0.117558
62.6582 62.4258 0.117558
62.2858 62.9166 0.110506
62.2858 62.9166 0.110506
62.2858 62.9166 0.110506
62.2858 62.9166 0.110506
62.2858 62.9166 0.110506
24.0611 23.4616 0.244943
24.0611 23.4616 0.244943
24.0611 23.4616 0.244943
24.0611 23.4616 0.244943
24.0611 23.4616 0.244943
24.0611 23.4616 0.244943
24.0611 23.4616 0.244943
24.0611 23.4616 0.244943
24.0611 23.4616 0.244943
24.0611 23.4616 0.244943
24.0611 23.4616 0.244943
24.0062 23.5733 0.258792
24.0062 23.5733 0.258792
24.0062 23.5733 0.258792
24.0062 23.5733 0.258792
24.0062 23.5733 0.258792
24.0062 23.5733 0.258792
24.0062 23.5733 0.258792
24.0062 23.5733 0.258792
