6.31797 6.82728 0.296647
6.46883 6.48691 -0.00085994
8.92775 9.20139 0.323956
8.93569 9.445 0.302662
12.1968 12.1534 0.314106
11.5563 11.0353 0.311842
6.41059 6.44927 0.336636
10.72 10.3954 0.314017
6.60168 6.55829 -0.00513132
10.6655 9.93492 0.304758
9.877 9.52748 0.313101
10.2667 9.97689 0.315828
6.60168 6.55829 -0.00513132
6.60168 6.55829 -0.00513132
8.78117 8.44332 0.333806
11.5083 11.3492 0.325987
11.4454 11.648 0.316461
9.5903 10.0193 0.311043
8.73661 9.07348 0.303305
9.38817 9.19904 0.313763
10.7409 10.57 0.300085
9.47628 9.74146 0.316703
9.38817 9.19904 0.313763
6.60168 6.55829 -0.00513132
11.7815 11.7698 0.310088
10.4848 10.3645 0.311333
10.3778 10.4792 0.28731
7.67674 7.38691 0.326832
12.1892 12.1085 0.316909
11.6309 12.2296 0.316202
11.479 11.7586 0.297703
6.41141 5.80163 0.326401
7.65865 7.3692 0.331659
8.02589 7.83041 0.338093
9.28337 8.84325 0.305543
6.93656 6.81633 0.301809
6.12699 6.26278 -0.00087697
7.86086 7.6541 0.315561
12.0074 11.8328 0.324726
10.4961 11.0369 0.316036
5.79507 6.58689 0.31671
7.65865 7.3692 0.331659
5.95039 6.71278 0.00192008
6.41392 6.84292 0.31191
11.6106 12.0812 0.32455
8.92775 9.20139 0.323956
6.29217 6.34845 0.315809
9.30085 9.4311 0.328802
6.47821 5.95725 0.291115
12.1677 11.9722 0.332847
7.86086 7.6541 0.315561
9.39852 9.87457 0.312378
8.99875 8.80327 0.33306
10.6064 9.69503 0.319983
9.30085 9.4311 0.328802
11.6715 11.4969 0.309654
11.6243 11.7546 0.33242
6.41392 6.84292 0.31191
6.60168 6.55829 -0.00513132
9.30085 9.4311 0.328802
6.01834 6.25177 0.000834648
8.61458 8.19892 0.305694
6.60168 6.55829 -0.00513132
10.6706 10.3211 0.305516
8.94596 9.34247 0.314267
10.72 10.3954 0.314017
6.1631 6.81809 0.32597
9.75382 8.97282 0.30782
10.72 10.3954 0.314017
9.30225 9.78886 0.306062
6.41392 6.84292 0.31191
11.2204 10.6994 0.29677
7.67994 7.94511 0.320122
10.6197 10.528 0.308698
7.09037 6.36129 0.306814
9.75382 8.97282 0.30782
8.78117 8.44332 0.333806
10.385 10.1523 0.301174
9.28337 8.84325 0.305543
8.04784 7.85237 0.332648
11.2328 11.4972 0.302651
6.47821 5.95725 0.291115
9.877 9.52748 0.313101
6.29217 6.34845 0.315809
10.332 10.1801 0.31267
10.8895 10.5601 0.327694
11.8166 12.2475 0.305208
11.5068 11.8437 0.302919
6.12586 6.61248 0.306929
9.16539 9.652 0.294968
7.86086 7.6541 0.315561
6.0564 5.53544 0.309091
7.70532 7.53725 0.329441
6.63728 6.66439 0.29874
9.47628 9.74146 0.316703
7.94892 8.07917 0.327881
6.93656 6.81633 0.301809
10.7536 10.8893 0.309914
8.04784 7.85237 0.332648
6.57256 6.37708 0.0136096
9.19459 8.89778 0.294976
9.19459 8.89778 0.294976
9.19459 8.89778 0.294976
9.19459 8.89778 0.294976
9.54707 9.37244 0.310013
9.54707 9.37244 0.310013
8.94596 9.34247 0.314267
9.33623 9.0464 0.312318
9.41646 9.39438 0.306127
9.6557 9.67395 0.297438
9.97811 9.34015 0.305284
9.73601 9.5409 0.311832
8.88011 9.6458 0.31808
9.39774 9.0683 0.321427
9.39774 9.0683 0.321427
9.39774 9.0683 0.321427
9.39774 9.0683 0.321427
8.73661 9.07348 0.303305
9.98836 9.22669 0.294127
9.98836 9.22669 0.294127
9.45344 9.88245 0.299949
9.22815 8.90364 0.30775
9.22815 8.90364 0.30775
9.29746 8.99971 0.313792
9.29746 8.99971 0.313792
9.15026 9.62086 0.309838
9.15026 9.62086 0.309838
9.15026 9.62086 0.309838
9.15026 9.62086 0.309838
9.15026 9.62086 0.309838
9.15026 9.62086 0.309838
9.15026 9.62086 0.309838
9.15026 9.62086 0.309838
9.6036 9.62168 0.303665
9.6036 9.62168 0.303665
9.15311 9.38654 0.305359
9.15311 9.38654 0.305359
9.61696 8.83596 0.296726
9.61696 8.83596 0.296726
9.61696 8.83596 0.296726
9.61696 8.83596 0.296726
9.61635 9.68647 0.303036
8.87347 9.18897 0.306302
8.87347 9.18897 0.306302
9.50206 9.59218 0.289929
9.50206 9.59218 0.289929
9.14651 8.70639 0.294448
9.14651 8.70639 0.294448
8.88639 9.71746 0.310331
8.9211 9.40814 0.290338
9.55427 9.43405 0.307824
9.55427 9.43405 0.307824
9.73645 9.69306 0.299393
9.48326 9.72405 0.292416
9.6921 10.123 0.305568
9.6921 10.123 0.305568
9.6921 10.123 0.305568
9.6921 10.123 0.305568
9.41069 8.49928 0.323324
9.41069 8.49928 0.323324
9.38384 9.22471 0.326346
9.38384 9.22471 0.326346
9.38384 9.22471 0.326346
9.35381 9.84377 0.314881
9.35381 9.84377 0.314881
7.56041 7.61305 0.321442
7.56041 7.61305 0.321442
7.56041 7.61305 0.321442
8.05457 7.85946 0.331791
8.05457 7.85946 0.331791
8.05457 7.85946 0.331791
8.05457 7.85946 0.331791
8.05457 7.85946 0.331791
7.05517 7.39204 0.323263
8.30692 7.54525 0.314086
8.30692 7.54525 0.314086
7.25425 7.76356 0.32262
8.12892 7.95808 0.316534
8.12892 7.95808 0.316534
7.54643 7.44617 0.347282
7.54643 7.44617 0.347282
7.54643 7.44617 0.347282
7.54643 7.44617 0.347282
7.54643 7.44617 0.347282
7.77147 7.61535 0.299868
7.77147 7.61535 0.299868
7.76867 7.80736 0.344634
7.76867 7.80736 0.344634
7.76867 7.80736 0.344634
7.76867 7.80736 0.344634
7.76867 7.80736 0.344634
7.76867 7.80736 0.344634
7.46882 7.93942 0.329796
7.46882 7.93942 0.329796
7.46882 7.93942 0.329796
7.46882 7.93942 0.329796
7.65025 7.70654 0.323806
7.65025 7.70654 0.323806
7.47168 7.7051 0.325318
7.47168 7.7051 0.325318
6.13774 5.98179 0.313293
6.13774 5.98179 0.313293
6.13774 5.98179 0.313293
6.13774 5.98179 0.313293
6.50382 5.88211 0.328055
6.50382 5.88211 0.328055
6.52128 6.23164 0.31937
6.52128 6.23164 0.31937
6.52128 6.23164 0.31937
6.32245 6.54118 0.320819
6.32245 6.54118 0.320819
6.32245 6.54118 0.320819
6.32245 6.54118 0.320819
5.69904 5.57108 0.324495
5.69904 5.57108 0.324495
5.91745 6.87888 0.334671
5.91745 6.87888 0.334671
5.91745 6.87888 0.334671
5.91745 6.87888 0.334671
5.91745 6.87888 0.334671
5.86792 6.37626 0.337001
5.86792 6.37626 0.337001
5.86792 6.37626 0.337001
5.86792 6.37626 0.337001
5.86792 6.37626 0.337001
5.86792 6.37626 0.337001
5.86792 6.37626 0.337001
5.86792 6.37626 0.337001
5.86792 6.37626 0.337001
5.86792 6.37626 0.337001
6.24212 6.70896 0.332294
6.24212 6.70896 0.332294
6.24212 6.70896 0.332294
6.24212 6.70896 0.332294
6.24212 6.70896 0.332294
6.24212 6.70896 0.332294
6.24212 6.70896 0.332294
6.24212 6.70896 0.332294
6.24212 6.70896 0.332294
6.24212 6.70896 0.332294
6.29403 6.13017 0.311103
6.29403 6.13017 0.311103
6.57845 6.08718 0.341154
6.57845 6.08718 0.341154
6.57845 6.08718 0.341154
6.57845 6.08718 0.341154
6.57845 6.08718 0.341154
6.57845 6.08718 0.341154
6.57845 6.08718 0.341154
6.57845 6.08718 0.341154
6.57845 6.08718 0.341154
6.57845 6.08718 0.341154
6.57845 6.08718 0.341154
6.57845 6.08718 0.341154
6.846 6.13823 0.314096
6.846 6.13823 0.314096
6.846 6.13823 0.314096
6.43189 5.62082 0.317149
6.43189 5.62082 0.317149
6.43189 5.62082 0.317149
6.43189 5.62082 0.317149
6.43189 5.62082 0.317149
6.43189 5.62082 0.317149
6.43189 5.62082 0.317149
6.43189 5.62082 0.317149
6.59176 6.27985 0.317364
6.61489 6.26487 0.315951
6.61489 6.26487 0.315951
6.61489 6.26487 0.315951
6.61489 6.26487 0.315951
6.61489 6.26487 0.315951
5.94154 6.53672 0.32254
5.94154 6.53672 0.32254
6.34941 5.54315 0.3112
6.28096 6.35184 0.333299
6.28096 6.35184 0.333299
6.28096 6.35184 0.333299
6.28096 6.35184 0.333299
6.02568 6.44122 0.327136
6.12474 6.42308 0.311474
6.12474 6.42308 0.311474
6.17234 5.99744 0.322636
6.17234 5.99744 0.322636
6.24874 5.91862 0.314666
6.23884 6.08238 0.312345
6.23884 6.08238 0.312345
6.23884 6.08238 0.312345
6.23884 6.08238 0.312345
6.23884 6.08238 0.312345
6.08288 6.52554 0.325347
6.08288 6.52554 0.325347
6.08288 6.52554 0.325347
6.08288 6.52554 0.325347
6.08288 6.52554 0.325347
6.08288 6.52554 0.325347
6.08288 6.52554 0.325347
6.78173 6.5669 0.339135
6.78173 6.5669 0.339135
6.26014 6.38322 0.321524
6.59185 6.56368 0.318612
6.59185 6.56368 0.318612
6.59185 6.56368 0.318612
6.59185 6.56368 0.318612
6.59185 6.56368 0.318612
6.70125 6.30081 0.324152
6.33292 6.26061 0.312337
6.33292 6.26061 0.312337
6.33292 6.26061 0.312337
6.5897 6.4238 0.332893
6.5035 6.43972 0.318897
6.03057 6.02478 0.319337
6.58182 6.56469 0.297664
6.58182 6.56469 0.297664
6.58182 6.56469 0.297664
6.38925 6.34908 0.323147
6.38925 6.34908 0.323147
6.20337 5.98332 0.315033
6.20337 5.98332 0.315033
6.20337 5.98332 0.315033
6.20337 5.98332 0.315033
6.20337 5.98332 0.315033
6.20337 5.98332 0.315033
6.20337 5.98332 0.315033
6.20337 5.98332 0.315033
6.20337 5.98332 0.315033
6.20337 5.98332 0.315033
6.20337 5.98332 0.315033
6.20337 5.98332 0.315033
6.20337 5.98332 0.315033
6.20337 5.98332 0.315033
6.20337 5.98332 0.315033
6.17812 6.48056 0.321388
6.17812 6.48056 0.321388
5.36496 6.67056 0.321948
5.36496 6.67056 0.321948
6.42993 6.56895 0.3203
6.42993 6.56895 0.3203
6.42993 6.56895 0.3203
6.42993 6.56895 0.3203
6.42993 6.56895 0.3203
6.42993 6.56895 0.3203
6.42993 6.56895 0.3203
6.11734 6.52354 0.320556
6.11734 6.52354 0.320556
6.11734 6.52354 0.320556
6.35864 6.71198 0.325734
6.35864 6.71198 0.325734
6.35864 6.71198 0.325734
5.94086 6.38728 0.303803
5.94086 6.38728 0.303803
5.94086 6.38728 0.303803
5.94086 6.38728 0.303803
5.94086 6.38728 0.303803
6.30553 6.16537 0.321959
6.30553 6.16537 0.321959
6.30553 6.16537 0.321959
6.30553 6.16537 0.321959
6.60733 6.82785 0.33094
6.60733 6.82785 0.33094
6.60733 6.82785 0.33094
6.39877 5.80063 0.311487
6.39877 5.80063 0.311487
6.39877 5.80063 0.311487
6.39877 5.80063 0.311487
6.35404 6.3072 0.308655
6.35404 6.3072 0.308655
6.35404 6.3072 0.308655
6.35404 6.3072 0.308655
6.35404 6.3072 0.308655
6.65183 6.48399 0.312287
6.69548 6.02837 0.328919
6.69548 6.02837 0.328919
5.87547 6.68368 0.319594
5.87547 6.68368 0.319594
5.87547 6.68368 0.319594
5.87547 6.68368 0.319594
6.1667 6.22799 0.309238
6.1667 6.22799 0.309238
6.1667 6.22799 0.309238
6.1667 6.22799 0.309238
6.1667 6.22799 0.309238
6.74745 6.34227 0.320059
6.74745 6.34227 0.320059
6.74745 6.34227 0.320059
6.49729 6.27267 0.319798
6.49729 6.27267 0.319798
6.49729 6.27267 0.319798
5.89083 6.3351 0.311105
6.30647 6.56036 0.30771
6.68407 6.49456 0.335732
5.90057 6.50555 0.299278
5.90057 6.50555 0.299278
6.65304 5.98085 0.312365
6.65304 5.98085 0.312365
6.65304 5.98085 0.312365
5.68656 6.8417 0.305107
5.68656 6.8417 0.305107
5.68656 6.8417 0.305107
5.68656 6.8417 0.305107
5.68656 6.8417 0.305107
5.68656 6.8417 0.305107
5.68656 6.8417 0.305107
5.68656 6.8417 0.305107
5.85366 6.34567 0.305523
5.85366 6.34567 0.305523
5.85366 6.34567 0.305523
6.00788 5.85074 0.307245
6.00788 5.85074 0.307245
6.00788 5.85074 0.307245
6.00788 5.85074 0.307245
6.00788 5.85074 0.307245
6.55173 6.19172 0.312222
6.55173 6.19172 0.312222
6.55173 6.19172 0.312222
6.55173 6.19172 0.312222
6.55173 6.19172 0.312222
6.55173 6.19172 0.312222
6.55173 6.19172 0.312222
6.24631 6.08183 0.304339
6.89865 6.84798 0.305304
6.89865 6.84798 0.305304
6.89865 6.84798 0.305304
6.89865 6.84798 0.305304
6.89865 6.84798 0.305304
6.57109 5.53653 0.317635
6.25254 6.01626 0.304139
6.25254 6.01626 0.304139
6.2121 5.73612 0.316383
6.2121 5.73612 0.316383
6.67039 6.38134 0.310075
6.67039 6.38134 0.310075
6.67039 6.38134 0.310075
6.67039 6.38134 0.310075
6.67039 6.38134 0.310075
6.67039 6.38134 0.310075
6.67039 6.38134 0.310075
6.67039 6.38134 0.310075
6.67039 6.38134 0.310075
6.67039 6.38134 0.310075
6.3926 6.46566 0.327358
6.4349 6.82747 0.320086
6.4349 6.82747 0.320086
6.28664 5.95488 0.32082
6.28664 5.95488 0.32082
6.28664 5.95488 0.32082
6.62244 6.52646 0.316494
6.62244 6.52646 0.316494
6.62244 6.52646 0.316494
6.62244 6.52646 0.316494
6.62244 6.52646 0.316494
6.62244 6.52646 0.316494
6.62244 6.52646 0.316494
6.79664 6.07648 0.319234
6.04756 6.17984 0.320345
6.04756 6.17984 0.320345
6.04756 6.17984 0.320345
6.04756 6.17984 0.320345
6.43703 6.10409 0.322625
6.43703 6.10409 0.322625
6.43703 6.10409 0.322625
6.43703 6.10409 0.322625
6.43703 6.10409 0.322625
6.43703 6.10409 0.322625
6.43703 6.10409 0.322625
6.43703 6.10409 0.322625
6.43703 6.10409 0.322625
6.43703 6.10409 0.322625
6.23427 6.13449 0.316792
6.19102 6.58049 0.32292
6.323 6.11148 0.3179
6.323 6.11148 0.3179
6.323 6.11148 0.3179
6.323 6.11148 0.3179
6.323 6.11148 0.3179
5.84163 6.22982 0.317223
5.84163 6.22982 0.317223
5.84163 6.22982 0.317223
5.84163 6.22982 0.317223
6.70625 6.5538 0.308623
6.70625 6.5538 0.308623
6.70625 6.5538 0.308623
6.70625 6.5538 0.308623
6.70625 6.5538 0.308623
6.70625 6.5538 0.308623
6.29245 6.23731 0.0114297
6.29245 6.23731 0.0114297
6.29245 6.23731 0.0114297
6.29245 6.23731 0.0114297
6.65041 7.00572 0.017279
6.65041 7.00572 0.017279
6.65041 7.00572 0.017279
6.65041 7.00572 0.017279
6.65041 7.00572 0.017279
6.65041 7.00572 0.017279
6.65041 7.00572 0.017279
6.65041 7.00572 0.017279
6.65041 7.00572 0.017279
6.65041 7.00572 0.017279
6.52325 6.70206 0.0107546
6.30559 6.0433 0.0151491
6.30559 6.0433 0.0151491
6.30559 6.0433 0.0151491
6.13641 6.16595 -0.0181984
6.13641 6.16595 -0.0181984
6.13641 6.16595 -0.0181984
5.9098 6.37266 0.00537434
6.21103 5.94253 0.018134
6.21103 5.94253 0.018134
6.21103 5.94253 0.018134
6.21103 5.94253 0.018134
6.21103 5.94253 0.018134
6.09861 6.45492 -0.00353928
6.09861 6.45492 -0.00353928
5.89444 6.29317 -0.00220583
5.89444 6.29317 -0.00220583
5.89444 6.29317 -0.00220583
5.89444 6.29317 -0.00220583
6.39223 6.0913 0.0145878
6.39223 6.0913 0.0145878
6.39223 6.0913 0.0145878
6.03189 6.34183 0.00154359
6.35749 5.96627 -0.00708072
6.35749 5.96627 -0.00708072
6.35749 5.96627 -0.00708072
6.61601 6.50936 0.00342794
6.61601 6.50936 0.00342794
6.61601 6.50936 0.00342794
6.61601 6.50936 0.00342794
6.61601 6.50936 0.00342794
6.61601 6.50936 0.00342794
6.32477 6.52198 -0.00449975
6.32477 6.52198 -0.00449975
6.32477 6.52198 -0.00449975
6.32477 6.52198 -0.00449975
6.32477 6.52198 -0.00449975
6.32477 6.52198 -0.00449975
6.53752 6.18683 -0.000644036
6.53752 6.18683 -0.000644036
6.0703 6.78344 0.0243023
5.95697 6.52407 -0.00484468
5.95697 6.52407 -0.00484468
5.95697 6.52407 -0.00484468
5.95697 6.52407 -0.00484468
5.95697 6.52407 -0.00484468
5.95697 6.52407 -0.00484468
5.95697 6.52407 -0.00484468
6.26413 6.23615 -0.0138519
6.26413 6.23615 -0.0138519
6.26413 6.23615 -0.0138519
6.26413 6.23615 -0.0138519
5.95695 6.5245 0.00646406
5.95695 6.5245 0.00646406
5.95695 6.5245 0.00646406
5.95695 6.5245 0.00646406
5.95695 6.5245 0.00646406
5.95695 6.5245 0.00646406
5.95695 6.5245 0.00646406
5.95695 6.5245 0.00646406
5.95695 6.5245 0.00646406
5.95695 6.5245 0.00646406
5.95695 6.5245 0.00646406
5.95695 6.5245 0.00646406
5.95695 6.5245 0.00646406
5.95695 6.5245 0.00646406
5.95695 6.5245 0.00646406
5.95695 6.5245 0.00646406
6.71159 5.90747 -0.00573965
6.71159 5.90747 -0.00573965
6.71159 5.90747 -0.00573965
6.71159 5.90747 -0.00573965
6.71159 5.90747 -0.00573965
6.71159 5.90747 -0.00573965
6.71159 5.90747 -0.00573965
6.71159 5.90747 -0.00573965
6.71159 5.90747 -0.00573965
6.3478 6.07848 -0.00331401
6.3478 6.07848 -0.00331401
6.3478 6.07848 -0.00331401
6.3478 6.07848 -0.00331401
6.3478 6.07848 -0.00331401
6.02381 6.28923 0.00605961
6.02381 6.28923 0.00605961
6.68604 6.23657 0.000755786
6.68604 6.23657 0.000755786
6.68604 6.23657 0.000755786
6.15033 5.98691 -0.0130086
6.15033 5.98691 -0.0130086
6.15033 5.98691 -0.0130086
6.15033 5.98691 -0.0130086
5.95954 6.6658 -0.0018138
5.95954 6.6658 -0.0018138
5.95954 6.6658 -0.0018138
5.95954 6.6658 -0.0018138
5.95954 6.6658 -0.0018138
6.4418 6.45194 0.0014527
6.4418 6.45194 0.0014527
6.4418 6.45194 0.0014527
6.4418 6.45194 0.0014527
6.4418 6.45194 0.0014527
6.4418 6.45194 0.0014527
6.4418 6.45194 0.0014527
6.4418 6.45194 0.0014527
6.4418 6.45194 0.0014527
6.4418 6.45194 0.0014527
6.4418 6.45194 0.0014527
6.21375 6.00973 0.00779227
6.21375 6.00973 0.00779227
6.21375 6.00973 0.00779227
6.21375 6.00973 0.00779227
6.21375 6.00973 0.00779227
6.0085 6.27214 0.00799457
6.0085 6.27214 0.00799457
5.80008 6.21815 0.00142011
5.80008 6.21815 0.00142011
6.54686 5.93373 -0.00382473
6.54686 5.93373 -0.00382473
6.54686 5.93373 -0.00382473
6.54686 5.93373 -0.00382473
6.54686 5.93373 -0.00382473
6.54686 5.93373 -0.00382473
6.54686 5.93373 -0.00382473
6.43418 6.61205 -0.000569368
6.43418 6.61205 -0.000569368
6.37292 6.23443 0.00441048
6.37292 6.23443 0.00441048
5.89092 6.32286 -0.00218984
5.89092 6.32286 -0.00218984
6.35145 5.59922 0.00873338
6.35145 5.59922 0.00873338
6.35145 5.59922 0.00873338
6.35145 5.59922 0.00873338
6.35145 5.59922 0.00873338
5.57589 6.95332 0.00323627
5.57589 6.95332 0.00323627
5.57589 6.95332 0.00323627
5.57589 6.95332 0.00323627
5.57589 6.95332 0.00323627
6.1807 6.61762 0.0183318
6.1807 6.61762 0.0183318
6.1807 6.61762 0.0183318
6.1807 6.61762 0.0183318
6.1807 6.61762 0.0183318
5.68423 5.86787 -0.0094717
5.68423 5.86787 -0.0094717
5.68423 5.86787 -0.0094717
6.22369 5.96885 -0.0028624
6.61634 6.39274 0.0249292
6.61634 6.39274 0.0249292
6.61634 6.39274 0.0249292
6.61634 6.39274 0.0249292
6.61634 6.39274 0.0249292
6.61634 6.39274 0.0249292
6.61634 6.39274 0.0249292
6.61634 6.39274 0.0249292
6.61634 6.39274 0.0249292
6.61634 6.39274 0.0249292
6.61634 6.39274 0.0249292
6.61634 6.39274 0.0249292
6.61634 6.39274 0.0249292
6.16874 6.56004 -0.0183001
6.16874 6.56004 -0.0183001
6.16874 6.56004 -0.0183001
6.16874 6.56004 -0.0183001
6.16874 6.56004 -0.0183001
6.16874 6.56004 -0.0183001
6.16874 6.56004 -0.0183001
6.16874 6.56004 -0.0183001
6.51234 6.33404 0.000352014
5.89422 6.56816 0.00545728
5.89422 6.56816 0.00545728
5.89422 6.56816 0.00545728
5.89422 6.56816 0.00545728
6.09755 6.37971 -0.00587251
6.09755 6.37971 -0.00587251
6.09755 6.37971 -0.00587251
6.09755 6.37971 -0.00587251
6.09755 6.37971 -0.00587251
6.09755 6.37971 -0.00587251
6.09755 6.37971 -0.00587251
6.94412 6.07694 0.00814111
6.94412 6.07694 0.00814111
6.94412 6.07694 0.00814111
6.94412 6.07694 0.00814111
6.94412 6.07694 0.00814111
6.94412 6.07694 0.00814111
7.00551 6.757 -0.0149188
7.00551 6.757 -0.0149188
7.00551 6.757 -0.0149188
6.1482 6.63623 -0.0064972
6.1482 6.63623 -0.0064972
6.1482 6.63623 -0.0064972
6.1482 6.63623 -0.0064972
6.1482 6.63623 -0.0064972
6.1482 6.63623 -0.0064972
6.1482 6.63623 -0.0064972
6.1482 6.63623 -0.0064972
6.1482 6.63623 -0.0064972
6.1482 6.63623 -0.0064972
5.97884 6.33491 -0.000804918
5.97884 6.33491 -0.000804918
5.97884 6.33491 -0.000804918
5.97884 6.33491 -0.000804918
6.44637 5.50517 0.000316899
6.44637 5.50517 0.000316899
6.44637 5.50517 0.000316899
6.44637 5.50517 0.000316899
6.44637 5.50517 0.000316899
6.44637 5.50517 0.000316899
6.44637 5.50517 0.000316899
6.44637 5.50517 0.000316899
6.44637 5.50517 0.000316899
5.69899 6.41733 0.00623133
5.69899 6.41733 0.00623133
6.20939 5.67102 0.00247294
6.20939 5.67102 0.00247294
6.20939 5.67102 0.00247294
6.27395 6.04002 0.00829286
6.27395 6.04002 0.00829286
6.27395 6.04002 0.00829286
6.27395 6.04002 0.00829286
6.27395 6.04002 0.00829286
6.27395 6.04002 0.00829286
6.27395 6.04002 0.00829286
6.27395 6.04002 0.00829286
6.56719 6.16167 -0.00767916
6.56719 6.16167 -0.00767916
5.87687 6.18294 0.00425374
6.69461 6.14226 -0.0162994
6.69461 6.14226 -0.0162994
6.69461 6.14226 -0.0162994
6.69461 6.14226 -0.0162994
6.69461 6.14226 -0.0162994
6.15503 6.01372 -0.00449983
6.15503 6.01372 -0.00449983
6.15503 6.01372 -0.00449983
6.15503 6.01372 -0.00449983
5.94033 6.522 -0.00364932
5.94033 6.522 -0.00364932
5.94033 6.522 -0.00364932
6.11969 6.42384 -0.00709003
6.11969 6.42384 -0.00709003
6.11969 6.42384 -0.00709003
6.11969 6.42384 -0.00709003
5.90414 5.91786 -0.00650005
5.90414 5.91786 -0.00650005
5.90414 5.91786 -0.00650005
5.90414 5.91786 -0.00650005
5.90414 5.91786 -0.00650005
6.41452 6.57919 0.0106016
6.41452 6.57919 0.0106016
6.41452 6.57919 0.0106016
6.41452 6.57919 0.0106016
6.36211 6.2083 0.00620433
6.36211 6.2083 0.00620433
6.36211 6.2083 0.00620433
6.36211 6.2083 0.00620433
6.36211 6.2083 0.00620433
6.36211 6.2083 0.00620433
5.88271 6.16113 0.0204313
5.88271 6.16113 0.0204313
6.17479 6.62577 -0.00209004
6.17479 6.62577 -0.00209004
6.17479 6.62577 -0.00209004
6.27174 6.78455 -0.00499861
6.27174 6.78455 -0.00499861
6.27174 6.78455 -0.00499861
6.27174 6.78455 -0.00499861
6.43073 6.62004 -0.00686028
6.43073 6.62004 -0.00686028
5.68628 6.19725 0.011412
5.68628 6.19725 0.011412
5.68628 6.19725 0.011412
5.68628 6.19725 0.011412
5.68628 6.19725 0.011412
5.98207 5.69993 0.00434224
6.94287 5.80693 0.00830905
6.94287 5.80693 0.00830905
6.94287 5.80693 0.00830905
6.94287 5.80693 0.00830905
6.94287 5.80693 0.00830905
6.94287 5.80693 0.00830905
6.94287 5.80693 0.00830905
6.94287 5.80693 0.00830905
6.94287 5.80693 0.00830905
6.94287 5.80693 0.00830905
6.94287 5.80693 0.00830905
6.94287 5.80693 0.00830905
6.94287 5.80693 0.00830905
6.94287 5.80693 0.00830905
6.94287 5.80693 0.00830905
6.94287 5.80693 0.00830905
5.71037 6.16315 -0.0068291
5.71037 6.16315 -0.0068291
5.71037 6.16315 -0.0068291
5.71037 6.16315 -0.0068291
5.71037 6.16315 -0.0068291
5.71037 6.16315 -0.0068291
5.71037 6.16315 -0.0068291
5.71037 6.16315 -0.0068291
5.71037 6.16315 -0.0068291
5.71037 6.16315 -0.0068291
5.71037 6.16315 -0.0068291
5.71037 6.16315 -0.0068291
5.71037 6.16315 -0.0068291
5.97054 6.57072 -0.00143763
5.98294 6.3101 -0.0103912
5.98294 6.3101 -0.0103912
6.3704 6.55854 -0.00804433
6.3704 6.55854 -0.00804433
6.3704 6.55854 -0.00804433
6.44548 6.35115 0.00551719
6.44548 6.35115 0.00551719
6.44548 6.35115 0.00551719
6.44548 6.35115 0.00551719
6.44548 6.35115 0.00551719
6.44548 6.35115 0.00551719
6.44548 6.35115 0.00551719
6.44548 6.35115 0.00551719
6.44548 6.35115 0.00551719
6.54438 5.99445 -0.00114656
6.54438 5.99445 -0.00114656
6.54438 5.99445 -0.00114656
5.95619 5.61666 0.0139864
5.95619 5.61666 0.0139864
5.95619 5.61666 0.0139864
5.95619 5.61666 0.0139864
5.95619 5.61666 0.0139864
5.95619 5.61666 0.0139864
6.35215 6.56606 0.00421632
6.35215 6.56606 0.00421632
6.35215 6.56606 0.00421632
6.35215 6.56606 0.00421632
6.35215 6.56606 0.00421632
6.89071 5.68818 0.00748515
6.46773 6.6316 -0.000793166
6.46773 6.6316 -0.000793166
6.46773 6.6316 -0.000793166
6.46773 6.6316 -0.000793166
6.46773 6.6316 -0.000793166
6.46773 6.6316 -0.000793166
6.46773 6.6316 -0.000793166
6.46773 6.6316 -0.000793166
6.46773 6.6316 -0.000793166
6.46773 6.6316 -0.000793166
6.46773 6.6316 -0.000793166
5.94118 6.54878 -0.0157858
5.94118 6.54878 -0.0157858
5.94118 6.54878 -0.0157858
5.94118 6.54878 -0.0157858
5.94118 6.54878 -0.0157858
5.94118 6.54878 -0.0157858
5.94118 6.54878 -0.0157858
5.94118 6.54878 -0.0157858
5.93778 6.06447 0.0087625
5.93778 6.06447 0.0087625
5.93778 6.06447 0.0087625
5.93778 6.06447 0.0087625
5.93778 6.06447 0.0087625
5.93778 6.06447 0.0087625
5.93778 6.06447 0.0087625
6.22627 5.80224 -0.0211703
6.22627 5.80224 -0.0211703
6.50751 6.08668 -0.0222647
6.2712 6.08757 -0.000921501
6.2712 6.08757 -0.000921501
6.2712 6.08757 -0.000921501
6.2712 6.08757 -0.000921501
6.2712 6.08757 -0.000921501
6.2712 6.08757 -0.000921501
6.2712 6.08757 -0.000921501
6.2712 6.08757 -0.000921501
6.45099 6.03981 0.000627389
6.45099 6.03981 0.000627389
6.45099 6.03981 0.000627389
6.36075 6.54848 -0.0117692
6.36075 6.54848 -0.0117692
6.36075 6.54848 -0.0117692
6.36075 6.54848 -0.0117692
6.36075 6.54848 -0.0117692
6.36075 6.54848 -0.0117692
6.4154 6.62063 0.0104492
6.4154 6.62063 0.0104492
6.4154 6.62063 0.0104492
6.4154 6.62063 0.0104492
6.4154 6.62063 0.0104492
6.4154 6.62063 0.0104492
6.03146 6.62428 0.0139576
6.03146 6.62428 0.0139576
6.03146 6.62428 0.0139576
6.03146 6.62428 0.0139576
6.03146 6.62428 0.0139576
6.03146 6.62428 0.0139576
6.03146 6.62428 0.0139576
6.03146 6.62428 0.0139576
6.03146 6.62428 0.0139576
6.03146 6.62428 0.0139576
6.03146 6.62428 0.0139576
6.03146 6.62428 0.0139576
6.03146 6.62428 0.0139576
6.03146 6.62428 0.0139576
6.03146 6.62428 0.0139576
6.03146 6.62428 0.0139576
6.03146 6.62428 0.0139576
6.06419 6.56834 0.00279453
6.06419 6.56834 0.00279453
6.06419 6.56834 0.00279453
6.06419 6.56834 0.00279453
6.06419 6.56834 0.00279453
6.06419 6.56834 0.00279453
6.06419 6.56834 0.00279453
6.49378 5.91062 0.00444722
6.49378 5.91062 0.00444722
6.49378 5.91062 0.00444722
6.01947 6.45164 -0.0145706
6.01947 6.45164 -0.0145706
6.01947 6.45164 -0.0145706
6.01947 6.45164 -0.0145706
6.01947 6.45164 -0.0145706
6.49094 6.90958 -0.00137089
6.49094 6.90958 -0.00137089
6.49094 6.90958 -0.00137089
6.49094 6.90958 -0.00137089
6.49094 6.90958 -0.00137089
6.17587 6.25303 -0.00841867
5.82376 5.73835 -0.00189252
5.82376 5.73835 -0.00189252
5.82376 5.73835 -0.00189252
5.82376 5.73835 -0.00189252
5.82376 5.73835 -0.00189252
5.82376 5.73835 -0.00189252
5.82376 5.73835 -0.00189252
6.39584 6.43438 -0.00133467
6.39584 6.43438 -0.00133467
6.39584 6.43438 -0.00133467
6.39584 6.43438 -0.00133467
6.22636 6.06815 0.000617609
6.22636 6.06815 0.000617609
6.22636 6.06815 0.000617609
6.22636 6.06815 0.000617609
6.22636 6.06815 0.000617609
6.22636 6.06815 0.000617609
6.22636 6.06815 0.000617609
6.22636 6.06815 0.000617609
6.22636 6.06815 0.000617609
6.22636 6.06815 0.000617609
6.22636 6.06815 0.000617609
6.45258 6.39168 -0.0070745
6.72532 6.33563 -0.00464042
6.72532 6.33563 -0.00464042
6.72532 6.33563 -0.00464042
6.72532 6.33563 -0.00464042
6.24461 6.40934 -0.00184367
6.24461 6.40934 -0.00184367
6.24461 6.40934 -0.00184367
6.24461 6.40934 -0.00184367
6.24461 6.40934 -0.00184367
6.24461 6.40934 -0.00184367
6.13693 5.92437 -0.0143724
6.13693 5.92437 -0.0143724
6.13693 5.92437 -0.0143724
6.13693 5.92437 -0.0143724
6.13693 5.92437 -0.0143724
6.13693 5.92437 -0.0143724
6.13693 5.92437 -0.0143724
6.13693 5.92437 -0.0143724
6.13693 5.92437 -0.0143724
6.13693 5.92437 -0.0143724
6.22361 6.34991 0.0130136
6.22361 6.34991 0.0130136
6.22361 6.34991 0.0130136
6.22361 6.34991 0.0130136
6.22361 6.34991 0.0130136
6.32977 5.91994 -0.00132234
6.32977 5.91994 -0.00132234
6.32871 6.37303 -0.000894532
6.32871 6.37303 -0.000894532
6.32871 6.37303 -0.000894532
6.32871 6.37303 -0.000894532
6.32871 6.37303 -0.000894532
6.32871 6.37303 -0.000894532
6.32871 6.37303 -0.000894532
6.32871 6.37303 -0.000894532
6.60634 6.04054 -0.00689799
6.60634 6.04054 -0.00689799
6.47825 6.78482 -0.0133858
6.47825 6.78482 -0.0133858
6.47825 6.78482 -0.0133858
6.47825 6.78482 -0.0133858
6.47825 6.78482 -0.0133858
6.47825 6.78482 -0.0133858
6.47825 6.78482 -0.0133858
6.47825 6.78482 -0.0133858
6.47825 6.78482 -0.0133858
6.47825 6.78482 -0.0133858
6.47825 6.78482 -0.0133858
6.47825 6.78482 -0.0133858
6.47825 6.78482 -0.0133858
6.47825 6.78482 -0.0133858
6.47825 6.78482 -0.0133858
6.5303 6.12978 0.0137139
6.76529 6.2082 0.000715451
6.49986 6.00018 -0.000544752
6.49986 6.00018 -0.000544752
6.49986 6.00018 -0.000544752
6.49986 6.00018 -0.000544752
6.49986 6.00018 -0.000544752
6.6601 6.15991 0.0240726
6.6601 6.15991 0.0240726
6.6601 6.15991 0.0240726
6.32127 6.53311 -0.000780924
6.32127 6.53311 -0.000780924
5.96376 6.60926 -0.00790452
5.96376 6.60926 -0.00790452
5.96376 6.60926 -0.00790452
5.96376 6.60926 -0.00790452
5.96376 6.60926 -0.00790452
5.96376 6.60926 -0.00790452
5.96376 6.60926 -0.00790452
5.96376 6.60926 -0.00790452
5.962 5.64638 -0.0054446
5.962 5.64638 -0.0054446
6.26007 6.37237 -0.00119795
6.26007 6.37237 -0.00119795
6.26007 6.37237 -0.00119795
6.26007 6.37237 -0.00119795
6.26007 6.37237 -0.00119795
6.26007 6.37237 -0.00119795
6.26007 6.37237 -0.00119795
6.47886 6.20478 -0.0023721
6.47886 6.20478 -0.0023721
6.47886 6.20478 -0.0023721
6.47886 6.20478 -0.0023721
6.47886 6.20478 -0.0023721
6.47886 6.20478 -0.0023721
6.47886 6.20478 -0.0023721
6.47886 6.20478 -0.0023721
6.47886 6.20478 -0.0023721
6.47886 6.20478 -0.0023721
6.47886 6.20478 -0.0023721
6.47886 6.20478 -0.0023721
6.47886 6.20478 -0.0023721
6.47886 6.20478 -0.0023721
6.47886 6.20478 -0.0023721
6.47886 6.20478 -0.0023721
6.47886 6.20478 -0.0023721
6.47886 6.20478 -0.0023721
6.47886 6.20478 -0.0023721
6.52447 6.42752 0.0151316
6.52447 6.42752 0.0151316
6.52447 6.42752 0.0151316
6.52447 6.42752 0.0151316
6.52447 6.42752 0.0151316
6.25827 6.46203 0.00124637
6.25827 6.46203 0.00124637
6.25827 6.46203 0.00124637
6.25827 6.46203 0.00124637
6.4976 6.31071 0.00798495
6.4976 6.31071 0.00798495
6.4976 6.31071 0.00798495
6.4976 6.31071 0.00798495
6.4976 6.31071 0.00798495
6.4976 6.31071 0.00798495
6.4976 6.31071 0.00798495
6.4976 6.31071 0.00798495
6.4976 6.31071 0.00798495
5.70349 6.12698 -0.00341881
5.70349 6.12698 -0.00341881
5.70349 6.12698 -0.00341881
5.70349 6.12698 -0.00341881
5.70349 6.12698 -0.00341881
7.60692 7.90348 0.307528
7.60692 7.90348 0.307528
7.60692 7.90348 0.307528
7.60692 7.90348 0.307528
7.60692 7.90348 0.307528
8.20663 7.5788 0.310159
8.20663 7.5788 0.310159
8.20663 7.5788 0.310159
8.20663 7.5788 0.310159
7.75673 7.83479 0.309696
8.25661 8.4862 0.311693
8.25661 8.4862 0.311693
8.25661 8.4862 0.311693
8.25661 8.4862 0.311693
8.25661 8.4862 0.311693
8.25661 8.4862 0.311693
8.25661 8.4862 0.311693
8.25661 8.4862 0.311693
8.25661 8.4862 0.311693
8.25661 8.4862 0.311693
8.25661 8.4862 0.311693
8.25661 8.4862 0.311693
8.25661 8.4862 0.311693
7.95452 8.09698 0.314056
7.95452 8.09698 0.314056
7.95452 8.09698 0.314056
7.95452 8.09698 0.314056
7.95452 8.09698 0.314056
8.50763 8.10292 0.313029
8.50763 8.10292 0.313029
8.50763 8.10292 0.313029
8.50763 8.10292 0.313029
8.50763 8.10292 0.313029
8.50763 8.10292 0.313029
8.57082 8.13124 0.319847
8.57082 8.13124 0.319847
8.57082 8.13124 0.319847
8.57082 8.13124 0.319847
8.57082 8.13124 0.319847
8.57082 8.13124 0.319847
8.57082 8.13124 0.319847
8.3553 8.61235 0.332766
8.3553 8.61235 0.332766
8.3553 8.61235 0.332766
8.3553 8.61235 0.332766
8.3553 8.61235 0.332766
8.3553 8.61235 0.332766
8.3553 8.61235 0.332766
8.3553 8.61235 0.332766
8.3553 8.61235 0.332766
8.3553 8.61235 0.332766
8.3553 8.61235 0.332766
8.3553 8.61235 0.332766
7.87795 7.91002 0.334248
7.87795 7.91002 0.334248
8.22992 7.98307 0.322612
8.22992 7.98307 0.322612
8.22992 7.98307 0.322612
8.22992 7.98307 0.322612
8.22992 7.98307 0.322612
8.08203 8.07956 0.309188
8.33759 8.54198 0.315659
8.33759 8.54198 0.315659
7.77325 8.37731 0.307591
7.77325 8.37731 0.307591
7.77325 8.37731 0.307591
8.50458 7.81209 0.314568
8.54082 8.46348 0.317293
8.54082 8.46348 0.317293
8.54082 8.46348 0.317293
7.82601 8.28599 0.325014
7.82601 8.28599 0.325014
7.82601 8.28599 0.325014
7.82601 8.28599 0.325014
7.98832 8.55109 0.324513
7.98832 8.55109 0.324513
8.32627 8.51775 0.303094
8.32627 8.51775 0.303094
8.32627 8.51775 0.303094
8.32627 8.51775 0.303094
8.20343 8.24272 0.311736
8.20343 8.24272 0.311736
7.71167 8.21868 0.327119
7.71167 8.21868 0.327119
7.71167 8.21868 0.327119
8.4648 8.29516 0.31262
8.4648 8.29516 0.31262
8.4648 8.29516 0.31262
8.4648 8.29516 0.31262
8.4648 8.29516 0.31262
8.4648 8.29516 0.31262
8.4648 8.29516 0.31262
8.4648 8.29516 0.31262
8.27077 7.8126 0.314295
8.27077 7.8126 0.314295
8.27077 7.8126 0.314295
8.25599 7.97876 0.31857
8.10398 8.24407 0.329076
8.10398 8.24407 0.329076
8.10398 8.24407 0.329076
8.10398 8.24407 0.329076
8.23827 8.27547 0.321434
8.23827 8.27547 0.321434
8.23827 8.27547 0.321434
8.23827 8.27547 0.321434
7.91389 8.60774 0.324503
7.91389 8.60774 0.324503
7.91389 8.60774 0.324503
7.91389 8.60774 0.324503
8.41656 7.77611 0.30751
8.41656 7.77611 0.30751
8.41656 7.77611 0.30751
8.32222 8.27625 0.31556
8.32222 8.27625 0.31556
8.32222 8.27625 0.31556
8.32222 8.27625 0.31556
8.32222 8.27625 0.31556
8.32222 8.27625 0.31556
8.32222 8.27625 0.31556
8.32222 8.27625 0.31556
8.32222 8.27625 0.31556
8.32222 8.27625 0.31556
8.32222 8.27625 0.31556
8.32222 8.27625 0.31556
8.32222 8.27625 0.31556
8.32222 8.27625 0.31556
8.32222 8.27625 0.31556
8.32222 8.27625 0.31556
8.32222 8.27625 0.31556
8.32222 8.27625 0.31556
8.66386 8.52819 0.3172
9.21597 8.90369 0.32037
8.82146 8.73456 0.325112
8.16722 8.89141 0.314371
8.16722 8.89141 0.314371
8.16722 8.89141 0.314371
8.16722 8.89141 0.314371
8.16722 8.89141 0.314371
8.16722 8.89141 0.314371
8.16722 8.89141 0.314371
8.43792 9.08323 0.310524
8.43792 9.08323 0.310524
8.43792 9.08323 0.310524
8.43792 9.08323 0.310524
8.43792 9.08323 0.310524
8.43792 9.08323 0.310524
8.93023 8.31465 0.32817
9.12204 8.4389 0.308313
8.03524 8.7006 0.317373
8.03524 8.7006 0.317373
8.03524 8.7006 0.317373
8.23689 8.82552 0.315599
8.23689 8.82552 0.315599
8.12605 8.44845 0.319335
8.12605 8.44845 0.319335
8.36358 8.50388 0.319974
8.27779 8.62054 0.307409
8.27779 8.62054 0.307409
8.54579 9.23706 0.331284
8.54579 9.23706 0.331284
8.59704 8.22393 0.306473
8.59704 8.22393 0.306473
8.59704 8.22393 0.306473
8.59704 8.22393 0.306473
8.59704 8.22393 0.306473
8.59704 8.22393 0.306473
8.57221 9.00407 0.319379
8.57221 9.00407 0.319379
8.57221 9.00407 0.319379
8.57221 9.00407 0.319379
8.57221 9.00407 0.319379
7.95482 9.01815 0.31954
8.98213 8.34596 0.318861
8.98213 8.34596 0.318861
8.98213 8.34596 0.318861
8.98213 8.34596 0.318861
8.98213 8.34596 0.318861
8.75307 9.11271 0.316905
8.75307 9.11271 0.316905
8.75307 9.11271 0.316905
8.75307 9.11271 0.316905
8.82826 8.93045 0.340343
8.82826 8.93045 0.340343
8.82826 8.93045 0.340343
8.82826 8.93045 0.340343
8.38968 8.71564 0.314906
8.38968 8.71564 0.314906
8.38968 8.71564 0.314906
8.52659 8.43825 0.310586
8.52659 8.43825 0.310586
8.52659 8.43825 0.310586
8.52659 8.43825 0.310586
8.50872 8.02167 0.302303
8.50872 8.02167 0.302303
8.50872 8.02167 0.302303
8.50872 8.02167 0.302303
8.5388 8.10382 0.330272
8.5388 8.10382 0.330272
8.52186 8.69248 0.334138
8.52186 8.69248 0.334138
8.52186 8.69248 0.334138
8.52186 8.69248 0.334138
8.66069 8.85168 0.310167
8.66069 8.85168 0.310167
8.79242 8.71632 0.329298
8.79242 8.71632 0.329298
8.79242 8.71632 0.329298
8.79242 8.71632 0.329298
8.79242 8.71632 0.329298
8.79242 8.71632 0.329298
8.92045 8.25493 0.329477
8.92045 8.25493 0.329477
9.13646 8.14392 0.312236
9.13646 8.14392 0.312236
9.14739 9.14971 0.31925
9.14739 9.14971 0.31925
9.14739 9.14971 0.31925
8.1162 8.30139 0.333111
8.1162 8.30139 0.333111
8.1162 8.30139 0.333111
8.1162 8.30139 0.333111
8.1162 8.30139 0.333111
8.1162 8.30139 0.333111
8.1162 8.30139 0.333111
8.1162 8.30139 0.333111
8.1162 8.30139 0.333111
8.63713 8.68583 0.352273
8.17987 8.78618 0.313766
8.17987 8.78618 0.313766
8.17987 8.78618 0.313766
8.17987 8.78618 0.313766
8.17987 8.78618 0.313766
8.17987 8.78618 0.313766
8.17987 8.78618 0.313766
8.59087 8.50468 0.310514
8.74267 9.07266 0.329845
8.74267 9.07266 0.329845
9.11988 8.78736 0.321625
9.11988 8.78736 0.321625
9.11988 8.78736 0.321625
8.98121 8.30124 0.304936
8.98121 8.30124 0.304936
8.98121 8.30124 0.304936
8.58397 8.67157 0.321541
8.58397 8.67157 0.321541
8.58397 8.67157 0.321541
8.58397 8.67157 0.321541
8.58397 8.67157 0.321541
8.58397 8.67157 0.321541
8.58397 8.67157 0.321541
8.58397 8.67157 0.321541
8.58397 8.67157 0.321541
8.58397 8.67157 0.321541
8.67798 8.36918 0.312239
8.84669 8.16694 0.32183
8.84669 8.16694 0.32183
8.84669 8.16694 0.32183
8.84669 8.16694 0.32183
8.78453 8.36661 0.312805
8.78453 8.36661 0.312805
8.47897 8.6367 0.331337
8.47897 8.6367 0.331337
8.47897 8.6367 0.331337
8.47897 8.6367 0.331337
8.47897 8.6367 0.331337
8.6415 8.97315 0.324792
8.6415 8.97315 0.324792
8.6415 8.97315 0.324792
8.6415 8.97315 0.324792
8.8223 8.65302 0.326972
8.8223 8.65302 0.326972
8.8223 8.65302 0.326972
8.8223 8.65302 0.326972
8.8223 8.65302 0.326972
8.8223 8.65302 0.326972
8.8223 8.65302 0.326972
8.96483 8.69909 0.311692
8.96483 8.69909 0.311692
8.96483 8.69909 0.311692
8.83065 8.43253 0.320338
8.80203 8.47287 0.325331
8.80203 8.47287 0.325331
8.80203 8.47287 0.325331
8.29688 8.52446 0.318775
8.78419 8.37838 0.317748
7.89047 8.64744 0.312461
7.89047 8.64744 0.312461
8.16377 8.34458 0.327603
8.16377 8.34458 0.327603
8.16377 8.34458 0.327603
8.80453 8.71516 0.320503
8.80453 8.71516 0.320503
8.56865 8.38294 0.299378
8.56865 8.38294 0.299378
8.56865 8.38294 0.299378
8.94987 8.75851 0.320792
8.94987 8.75851 0.320792
8.94987 8.75851 0.320792
8.40152 8.32538 0.317712
8.40152 8.32538 0.317712
8.40152 8.32538 0.317712
8.40152 8.32538 0.317712
8.40152 8.32538 0.317712
8.29703 8.27743 0.303562
8.29703 8.27743 0.303562
8.29703 8.27743 0.303562
8.29703 8.27743 0.303562
8.29703 8.27743 0.303562
8.36958 8.717 0.328882
8.36958 8.717 0.328882
8.36958 8.717 0.328882
8.74336 8.48583 0.335845
8.74336 8.48583 0.335845
8.74336 8.48583 0.335845
8.74336 8.48583 0.335845
8.74336 8.48583 0.335845
8.58078 8.76894 0.318607
8.39866 8.36608 0.303104
8.39866 8.36608 0.303104
8.39866 8.36608 0.303104
8.39866 8.36608 0.303104
8.39866 8.36608 0.303104
8.90638 9.14385 0.31197
9.25145 8.56062 0.321409
8.22887 8.33028 0.318855
8.22887 8.33028 0.318855
8.22887 8.33028 0.318855
8.22887 8.33028 0.318855
8.22887 8.33028 0.318855
8.58154 8.54503 0.310528
8.58154 8.54503 0.310528
8.58154 8.54503 0.310528
8.44781 8.88445 0.324835
8.44781 8.88445 0.324835
8.46637 9.12107 0.326335
8.46637 9.12107 0.326335
8.46637 9.12107 0.326335
8.46637 9.12107 0.326335
8.46637 9.12107 0.326335
8.46637 9.12107 0.326335
8.46637 9.12107 0.326335
8.46637 9.12107 0.326335
9.21319 8.46419 0.313222
9.21319 8.46419 0.313222
9.21319 8.46419 0.313222
9.21319 8.46419 0.313222
9.21319 8.46419 0.313222
8.205 8.39056 0.327242
8.205 8.39056 0.327242
8.205 8.39056 0.327242
8.205 8.39056 0.327242
8.205 8.39056 0.327242
8.62518 8.2996 0.309698
8.62518 8.2996 0.309698
9.07148 8.68803 0.312957
9.07148 8.68803 0.312957
9.07148 8.68803 0.312957
9.07148 8.68803 0.312957
9.07148 8.68803 0.312957
9.07148 8.68803 0.312957
9.07148 8.68803 0.312957
9.07148 8.68803 0.312957
9.20265 8.49957 0.318337
9.20265 8.49957 0.318337
9.20265 8.49957 0.318337
9.20265 8.49957 0.318337
8.54966 8.58553 0.315802
8.54966 8.58553 0.315802
8.54966 8.58553 0.315802
8.54966 8.58553 0.315802
8.54966 8.58553 0.315802
8.54966 8.58553 0.315802
8.54966 8.58553 0.315802
8.54966 8.58553 0.315802
8.54966 8.58553 0.315802
8.75934 8.69585 0.333126
8.9943 8.48147 0.320053
8.9943 8.48147 0.320053
8.9943 8.48147 0.320053
8.9943 8.48147 0.320053
8.9943 8.48147 0.320053
8.9943 8.48147 0.320053
8.9943 8.48147 0.320053
8.9943 8.48147 0.320053
8.9943 8.48147 0.320053
9.31794 8.83092 0.317425
8.81172 9.0141 0.314619
8.84636 8.52415 0.332763
8.7701 8.77755 0.319634
8.10332 8.26389 0.32403
8.10332 8.26389 0.32403
8.10332 8.26389 0.32403
8.10332 8.26389 0.32403
8.47513 9.16759 0.323138
8.47513 9.16759 0.323138
8.47513 9.16759 0.323138
8.47513 9.16759 0.323138
8.47513 9.16759 0.323138
8.47513 9.16759 0.323138
8.47513 9.16759 0.323138
9.01661 8.16807 0.30588
9.01661 8.16807 0.30588
9.00429 8.87601 0.323775
9.00429 8.87601 0.323775
8.73211 8.80701 0.305232
8.73211 8.80701 0.305232
8.73211 8.80701 0.305232
8.73211 8.80701 0.305232
8.9463 9.34775 0.315715
8.9463 9.34775 0.315715
8.9463 9.34775 0.315715
8.9463 9.34775 0.315715
8.9463 9.34775 0.315715
8.58107 9.04394 0.309897
8.58107 9.04394 0.309897
8.58107 9.04394 0.309897
9.31691 8.71152 0.30795
9.14128 8.85382 0.324559
9.14128 8.85382 0.324559
9.14128 8.85382 0.324559
9.14128 8.85382 0.324559
9.14128 8.85382 0.324559
9.14128 8.85382 0.324559
9.14128 8.85382 0.324559
9.14128 8.85382 0.324559
8.90553 8.70597 0.30509
8.90553 8.70597 0.30509
8.90553 8.70597 0.30509
8.90553 8.70597 0.30509
8.90553 8.70597 0.30509
9.24095 8.81271 0.339465
9.24095 8.81271 0.339465
9.24095 8.81271 0.339465
8.57241 9.19394 0.33582
8.57241 9.19394 0.33582
8.56839 8.80777 0.327993
8.56839 8.80777 0.327993
8.89472 8.46162 0.314278
8.89472 8.46162 0.314278
8.89472 8.46162 0.314278
9.0176 8.42219 0.327237
8.66301 8.68145 0.326082
9.08593 8.48677 0.313792
9.08593 8.48677 0.313792
8.5646 8.96336 0.308914
8.5646 8.96336 0.308914
8.5646 8.96336 0.308914
8.5646 8.96336 0.308914
8.5646 8.96336 0.308914
9.02935 8.75379 0.304021
9.02935 8.75379 0.304021
8.40337 8.83935 0.338684
8.40337 8.83935 0.338684
8.40337 8.83935 0.338684
8.40337 8.83935 0.338684
8.86644 8.75756 0.314303
8.86644 8.75756 0.314303
8.86644 8.75756 0.314303
9.13655 8.6661 0.311303
9.13655 8.6661 0.311303
9.13655 8.6661 0.311303
9.13655 8.6661 0.311303
8.997 8.71714 0.325947
8.997 8.71714 0.325947
8.997 8.71714 0.325947
8.74946 8.57403 0.326087
8.74946 8.57403 0.326087
8.74946 8.57403 0.326087
8.74946 8.57403 0.326087
8.74946 8.57403 0.326087
8.74946 8.57403 0.326087
8.64272 8.96486 0.325564
8.64272 8.96486 0.325564
8.64272 8.96486 0.325564
8.64272 8.96486 0.325564
8.17133 8.45853 0.328828
8.17133 8.45853 0.328828
9.15631 8.71159 0.317305
9.15631 8.71159 0.317305
9.15631 8.71159 0.317305
9.15631 8.71159 0.317305
8.49761 8.44657 0.312989
8.49761 8.44657 0.312989
8.49761 8.44657 0.312989
8.14327 8.37218 0.325432
8.78824 8.52202 0.319595
8.44308 8.32881 0.337632
8.44308 8.32881 0.337632
8.44308 8.32881 0.337632
8.42901 7.94104 0.333507
8.42901 7.94104 0.333507
8.42901 7.94104 0.333507
8.98439 8.4906 0.321439
8.50757 8.76743 0.33338
8.50757 8.76743 0.33338
8.50757 8.76743 0.33338
8.85714 8.78792 0.314776
8.85714 8.78792 0.314776
8.85714 8.78792 0.314776
8.85714 8.78792 0.314776
8.85714 8.78792 0.314776
8.56457 8.3111 0.30723
8.56457 8.3111 0.30723
8.56457 8.3111 0.30723
8.56457 8.3111 0.30723
8.55977 8.83479 0.326946
8.55977 8.83479 0.326946
8.55977 8.83479 0.326946
8.84228 8.52099 0.303263
8.84228 8.52099 0.303263
8.84228 8.52099 0.303263
8.84228 8.52099 0.303263
8.84228 8.52099 0.303263
8.37339 8.57569 0.345959
8.04368 9.06276 0.326567
8.04368 9.06276 0.326567
8.04368 9.06276 0.326567
8.04368 9.06276 0.326567
8.04368 9.06276 0.326567
8.04368 9.06276 0.326567
8.04368 9.06276 0.326567
8.04368 9.06276 0.326567
8.50835 8.44306 0.332842
8.67555 8.59903 0.331061
8.82474 8.11207 0.313436
8.82474 8.11207 0.313436
8.45545 8.54576 0.328419
8.45545 8.54576 0.328419
9.09617 8.93338 0.329367
9.09617 8.93338 0.329367
9.09617 8.93338 0.329367
9.23717 8.31123 0.318445
9.23717 8.31123 0.318445
9.23717 8.31123 0.318445
9.23717 8.31123 0.318445
8.49861 8.94005 0.32841
8.49861 8.94005 0.32841
8.8456 8.24668 0.333606
8.8456 8.24668 0.333606
8.8456 8.24668 0.333606
8.6936 8.17029 0.329822
8.6936 8.17029 0.329822
8.6936 8.17029 0.329822
8.6936 8.17029 0.329822
8.6936 8.17029 0.329822
8.6936 8.17029 0.329822
8.2594 8.57849 0.334172
8.2594 8.57849 0.334172
8.2594 8.57849 0.334172
8.2594 8.57849 0.334172
8.2594 8.57849 0.334172
8.2594 8.57849 0.334172
8.2594 8.57849 0.334172
7.98731 8.22962 0.336003
7.98731 8.22962 0.336003
7.98731 8.22962 0.336003
7.98731 8.22962 0.336003
7.98731 8.22962 0.336003
7.98731 8.22962 0.336003
7.98731 8.22962 0.336003
8.64377 8.72949 0.307644
8.64377 8.72949 0.307644
8.5904 8.62918 0.324626
8.5904 8.62918 0.324626
8.5904 8.62918 0.324626
8.58564 8.76512 0.331201
8.58564 8.76512 0.331201
8.58564 8.76512 0.331201
8.58564 8.76512 0.331201
8.58564 8.76512 0.331201
8.58564 8.76512 0.331201
8.58564 8.76512 0.331201
8.58564 8.76512 0.331201
8.58564 8.76512 0.331201
9.04891 8.5919 0.318464
9.04891 8.5919 0.318464
8.9328 8.33462 0.326852
8.9328 8.33462 0.326852
8.9328 8.33462 0.326852
8.9328 8.33462 0.326852
9.02562 8.7371 0.316288
9.02562 8.7371 0.316288
8.66691 8.53616 0.327233
8.66691 8.53616 0.327233
8.66691 8.53616 0.327233
8.66691 8.53616 0.327233
8.7301 8.71687 0.301617
9.09914 8.20749 0.309834
9.09914 8.20749 0.309834
9.09914 8.20749 0.309834
9.09914 8.20749 0.309834
9.09914 8.20749 0.309834
8.20413 9.10568 0.303922
8.20413 9.10568 0.303922
8.53309 8.44566 0.304419
9.0271 8.57416 0.342768
8.72553 8.76133 0.321814
8.72553 8.76133 0.321814
8.72553 8.76133 0.321814
8.81844 8.92978 0.318918
8.81446 8.52261 0.325766
8.81446 8.52261 0.325766
8.41885 8.70286 0.313647
8.41885 8.70286 0.313647
8.81844 8.13984 0.323489
8.77736 8.50892 0.344103
8.77736 8.50892 0.344103
8.77736 8.50892 0.344103
8.77736 8.50892 0.344103
8.77736 8.50892 0.344103
8.77736 8.50892 0.344103
8.63257 8.45174 0.326975
8.63257 8.45174 0.326975
8.36053 8.41605 0.321138
8.72032 8.49669 0.32693
8.72032 8.49669 0.32693
8.72032 8.49669 0.32693
8.72032 8.49669 0.32693
8.72032 8.49669 0.32693
8.50536 8.06191 0.314045
8.50536 8.06191 0.314045
9.16443 9.16803 0.331346
9.16443 9.16803 0.331346
8.84164 8.86896 0.328942
8.55382 8.85058 0.305768
8.55382 8.85058 0.305768
8.55382 8.85058 0.305768
8.7692 8.78834 0.311694
8.7692 8.78834 0.311694
8.7692 8.78834 0.311694
8.7692 8.78834 0.311694
8.18814 8.45485 0.313183
8.18814 8.45485 0.313183
8.18814 8.45485 0.313183
8.18814 8.45485 0.313183
8.18814 8.45485 0.313183
8.16587 8.91388 0.311125
8.16587 8.91388 0.311125
9.26076 9.10327 0.322995
9.26076 9.10327 0.322995
9.26076 9.10327 0.322995
9.26076 9.10327 0.322995
9.26076 9.10327 0.322995
8.64533 8.76295 0.304972
8.64533 8.76295 0.304972
8.64533 8.76295 0.304972
8.64533 8.76295 0.304972
8.64533 8.76295 0.304972
8.1842 8.66038 0.313878
8.1842 8.66038 0.313878
8.1842 8.66038 0.313878
8.1842 8.66038 0.313878
8.65357 9.10474 0.308768
8.65357 9.10474 0.308768
8.79635 8.50457 0.306334
8.7733 8.67549 0.320641
8.7733 8.67549 0.320641
8.7733 8.67549 0.320641
8.70622 8.93384 0.339271
8.70622 8.93384 0.339271
8.70622 8.93384 0.339271
8.67799 8.44 0.306868
8.70767 8.38264 0.32311
8.27285 8.93723 0.323024
8.27285 8.93723 0.323024
8.27285 8.93723 0.323024
8.73679 8.25728 0.330046
8.73679 8.25728 0.330046
9.00575 8.03978 0.325848
9.00575 8.03978 0.325848
9.00575 8.03978 0.325848
8.82727 8.61131 0.313915
8.82727 8.61131 0.313915
8.82727 8.61131 0.313915
8.43588 8.84855 0.309546
8.43588 8.84855 0.309546
8.43588 8.84855 0.309546
9.22826 8.36611 0.328362
9.22826 8.36611 0.328362
9.22826 8.36611 0.328362
9.22826 8.36611 0.328362
9.22826 8.36611 0.328362
9.22826 8.36611 0.328362
9.22826 8.36611 0.328362
9.22826 8.36611 0.328362
9.22826 8.36611 0.328362
9.22826 8.36611 0.328362
8.70468 8.62113 0.323342
8.70468 8.62113 0.323342
8.94293 8.37853 0.336349
8.94293 8.37853 0.336349
8.44914 9.12776 0.315144
8.44914 9.12776 0.315144
8.44914 9.12776 0.315144
8.44914 9.12776 0.315144
8.43017 8.97093 0.310324
8.43017 8.97093 0.310324
8.43017 8.97093 0.310324
8.82946 9.42869 0.323624
8.82946 9.42869 0.323624
8.85162 8.69249 0.30702
8.85162 8.69249 0.30702
8.85162 8.69249 0.30702
8.85162 8.69249 0.30702
8.85162 8.69249 0.30702
8.85162 8.69249 0.30702
8.85162 8.69249 0.30702
8.85162 8.69249 0.30702
8.85162 8.69249 0.30702
8.85162 8.69249 0.30702
8.85162 8.69249 0.30702
8.85162 8.69249 0.30702
8.50556 8.77576 0.312956
8.50556 8.77576 0.312956
8.50556 8.77576 0.312956
8.53451 8.47766 0.296718
8.53451 8.47766 0.296718
8.16138 8.93035 0.307018
8.16138 8.93035 0.307018
8.16138 8.93035 0.307018
8.16138 8.93035 0.307018
9.02217 8.21266 0.331374
9.02217 8.21266 0.331374
8.62899 8.13752 0.308792
8.95341 8.89163 0.308803
8.95341 8.89163 0.308803
8.80873 9.13368 0.325613
9.08318 9.10884 0.329395
9.08318 9.10884 0.329395
9.08318 9.10884 0.329395
9.08318 9.10884 0.329395
9.08318 9.10884 0.329395
8.25724 8.12965 0.308542
8.25724 8.12965 0.308542
8.25724 8.12965 0.308542
8.25724 8.12965 0.308542
8.7545 8.14153 0.299286
9.04922 8.68039 0.316975
9.04922 8.68039 0.316975
9.04922 8.68039 0.316975
9.04922 8.68039 0.316975
9.04922 8.68039 0.316975
8.82824 8.82845 0.326638
8.41881 8.6928 0.302247
8.15022 8.36522 0.337839
8.15022 8.36522 0.337839
8.49938 8.3529 0.328602
8.49938 8.3529 0.328602
8.49938 8.3529 0.328602
8.17446 8.20553 0.321116
8.17446 8.20553 0.321116
8.17446 8.20553 0.321116
8.42755 8.50267 0.322224
8.42755 8.50267 0.322224
8.57894 9.15995 0.326653
8.57894 9.15995 0.326653
8.57894 9.15995 0.326653
8.57894 9.15995 0.326653
8.32631 8.38119 0.331504
8.32631 8.38119 0.331504
8.53851 8.98897 0.320835
8.53851 8.98897 0.320835
8.53851 8.98897 0.320835
8.53851 8.98897 0.320835
8.53851 8.98897 0.320835
8.75498 8.63872 0.345646
8.75498 8.63872 0.345646
8.75498 8.63872 0.345646
8.76689 8.35399 0.304584
8.76689 8.35399 0.304584
8.823 8.52012 0.334826
8.823 8.52012 0.334826
8.823 8.52012 0.334826
8.823 8.52012 0.334826
8.823 8.52012 0.334826
8.35884 9.51899 0.329768
8.83098 8.57908 0.307137
8.83098 8.57908 0.307137
9.1038 8.32586 0.325195
8.3683 8.44843 0.309707
8.3683 8.44843 0.309707
8.3683 8.44843 0.309707
8.85109 8.65232 0.322047
8.85109 8.65232 0.322047
8.85109 8.65232 0.322047
8.85109 8.65232 0.322047
8.95786 8.64943 0.309653
8.95786 8.64943 0.309653
8.95786 8.64943 0.309653
8.95786 8.64943 0.309653
8.95786 8.64943 0.309653
8.95786 8.64943 0.309653
8.95786 8.64943 0.309653
9.06682 8.96793 0.326241
9.06682 8.96793 0.326241
9.06682 8.96793 0.326241
8.52114 8.42248 0.321096
8.24763 8.85745 0.322845
8.24763 8.85745 0.322845
8.24763 8.85745 0.322845
9.02831 8.30756 0.316819
9.02831 8.30756 0.316819
9.02831 8.30756 0.316819
9.07109 8.47168 0.325592
9.07109 8.47168 0.325592
9.07109 8.47168 0.325592
9.07109 8.47168 0.325592
9.07109 8.47168 0.325592
9.07109 8.47168 0.325592
9.07109 8.47168 0.325592
9.07109 8.47168 0.325592
8.75259 8.54318 0.324793
8.56431 8.70191 0.318529
8.2267 8.36592 0.313027
8.2267 8.36592 0.313027
8.2267 8.36592 0.313027
8.2267 8.36592 0.313027
8.2267 8.36592 0.313027
8.2267 8.36592 0.313027
8.79062 8.86221 0.326201
8.79062 8.86221 0.326201
8.79062 8.86221 0.326201
8.79062 8.86221 0.326201
8.79062 8.86221 0.326201
8.79062 8.86221 0.326201
8.86514 8.86413 0.319783
8.86514 8.86413 0.319783
8.86514 8.86413 0.319783
8.86514 8.86413 0.319783
8.86514 8.86413 0.319783
8.86514 8.86413 0.319783
8.86514 8.86413 0.319783
8.86514 8.86413 0.319783
8.86514 8.86413 0.319783
9.24742 9.22745 0.319757
9.24742 9.22745 0.319757
8.59056 8.29914 0.318999
8.59056 8.29914 0.318999
8.59056 8.29914 0.318999
8.59056 8.29914 0.318999
8.59056 8.29914 0.318999
8.59056 8.29914 0.318999
8.59056 8.29914 0.318999
8.70285 8.9622 0.339114
8.70285 8.9622 0.339114
8.29928 8.23056 0.311746
8.99032 9.0581 0.31727
8.76649 8.58928 0.324217
8.76649 8.58928 0.324217
8.76649 8.58928 0.324217
8.76649 8.58928 0.324217
8.76649 8.58928 0.324217
8.76649 8.58928 0.324217
8.76649 8.58928 0.324217
8.76649 8.58928 0.324217
8.76649 8.58928 0.324217
8.76649 8.58928 0.324217
8.76649 8.58928 0.324217
8.76649 8.58928 0.324217
8.76649 8.58928 0.324217
8.76649 8.58928 0.324217
8.63804 8.93935 0.316218
8.77732 8.85633 0.327168
8.77732 8.85633 0.327168
8.77732 8.85633 0.327168
8.18465 8.44484 0.341833
8.18465 8.44484 0.341833
8.18465 8.44484 0.341833
8.0424 8.68563 0.306547
8.0424 8.68563 0.306547
8.0424 8.68563 0.306547
8.0424 8.68563 0.306547
8.0424 8.68563 0.306547
8.0424 8.68563 0.306547
8.0424 8.68563 0.306547
8.0424 8.68563 0.306547
8.22768 8.77036 0.30572
8.22768 8.77036 0.30572
9.13191 8.62073 0.308955
9.13191 8.62073 0.308955
8.43061 8.58863 0.320471
8.43061 8.58863 0.320471
8.43061 8.58863 0.320471
8.89906 9.12022 0.322637
8.89906 9.12022 0.322637
8.89906 9.12022 0.322637
8.89906 9.12022 0.322637
8.89906 9.12022 0.322637
8.89906 9.12022 0.322637
8.89906 9.12022 0.322637
8.9316 8.46434 0.312354
8.9316 8.46434 0.312354
8.9316 8.46434 0.312354
8.79378 8.49886 0.316242
8.65772 8.7531 0.328267
8.65772 8.7531 0.328267
8.65772 8.7531 0.328267
8.33594 9.23015 0.316448
8.33594 9.23015 0.316448
8.75822 8.56996 0.307754
8.75822 8.56996 0.307754
8.75822 8.56996 0.307754
8.6959 8.64045 0.317234
8.92155 8.40969 0.330998
8.92155 8.40969 0.330998
8.92155 8.40969 0.330998
8.48509 8.72475 0.323577
8.48509 8.72475 0.323577
8.48509 8.72475 0.323577
8.48509 8.72475 0.323577
8.48509 8.72475 0.323577
8.48509 8.72475 0.323577
8.52444 8.57455 0.326394
8.52444 8.57455 0.326394
8.52444 8.57455 0.326394
8.90305 8.90672 0.319957
8.26134 9.27488 0.324088
8.54535 8.3341 0.32842
8.54535 8.3341 0.32842
8.65317 8.95945 0.31857
8.65317 8.95945 0.31857
8.65317 8.95945 0.31857
8.51239 9.54125 0.298457
8.51239 9.54125 0.298457
8.41844 8.66648 0.312544
8.41844 8.66648 0.312544
8.41844 8.66648 0.312544
8.41844 8.66648 0.312544
8.82706 8.93716 0.324006
8.82706 8.93716 0.324006
8.82706 8.93716 0.324006
8.82706 8.93716 0.324006
8.82706 8.93716 0.324006
8.82706 8.93716 0.324006
8.82706 8.93716 0.324006
8.95672 8.84608 0.317009
8.95672 8.84608 0.317009
8.95672 8.84608 0.317009
8.95672 8.84608 0.317009
8.4612 8.67343 0.321246
8.4612 8.67343 0.321246
8.4612 8.67343 0.321246
8.4612 8.67343 0.321246
7.72306 7.61125 0.311831
7.11423 7.2279 0.340961
7.74203 7.4599 0.325009
7.34949 7.6162 0.328326
7.34949 7.6162 0.328326
7.34949 7.6162 0.328326
7.73722 7.82827 0.316141
7.49924 8.17219 0.309992
7.49924 8.17219 0.309992
7.70101 7.94963 0.312149
7.70101 7.94963 0.312149
7.70101 7.94963 0.312149
7.70101 7.94963 0.312149
7.70101 7.94963 0.312149
7.70101 7.94963 0.312149
7.70101 7.94963 0.312149
7.7852 7.72657 0.311242
7.7852 7.72657 0.311242
7.7852 7.72657 0.311242
7.7852 7.72657 0.311242
7.7852 7.72657 0.311242
7.45772 7.78106 0.322935
7.45772 7.78106 0.322935
7.45772 7.78106 0.322935
7.45772 7.78106 0.322935
7.45772 7.78106 0.322935
7.25246 7.62892 0.336393
7.25246 7.62892 0.336393
7.25246 7.62892 0.336393
7.25246 7.62892 0.336393
7.25246 7.62892 0.336393
7.25246 7.62892 0.336393
7.25246 7.62892 0.336393
7.25246 7.62892 0.336393
7.39353 7.31198 0.325971
7.39353 7.31198 0.325971
7.39353 7.31198 0.325971
7.44674 7.29462 0.302734
7.44674 7.29462 0.302734
7.50397 8.10286 0.317607
6.96598 7.92936 0.308003
6.96598 7.92936 0.308003
6.96598 7.92936 0.308003
6.96598 7.92936 0.308003
7.25379 7.48272 0.314087
7.25379 7.48272 0.314087
7.25379 7.48272 0.314087
7.25379 7.48272 0.314087
7.79728 7.70307 0.308436
7.79728 7.70307 0.308436
7.79728 7.70307 0.308436
7.79728 7.70307 0.308436
7.79728 7.70307 0.308436
8.59158 8.18218 0.323508
8.59158 8.18218 0.323508
8.59158 8.18218 0.323508
8.59158 8.18218 0.323508
7.6356 7.81223 0.326307
7.4562 8.10308 0.320203
7.62297 7.62431 0.327387
7.62297 7.62431 0.327387
7.72718 7.70296 0.320926
7.72718 7.70296 0.320926
7.72718 7.70296 0.320926
7.72718 7.70296 0.320926
7.48373 7.592 0.294473
7.48373 7.592 0.294473
7.48373 7.592 0.294473
7.48373 7.592 0.294473
7.48373 7.592 0.294473
7.48373 7.592 0.294473
7.48373 7.592 0.294473
7.48373 7.592 0.294473
7.48373 7.592 0.294473
7.48373 7.592 0.294473
7.48373 7.592 0.294473
7.49306 7.57564 0.310468
7.49306 7.57564 0.310468
7.82574 8.02669 0.335107
7.82574 8.02669 0.335107
7.83747 7.36757 0.32364
7.83747 7.36757 0.32364
7.83747 7.36757 0.32364
7.25106 8.00789 0.324552
7.64018 7.50324 0.328827
7.64018 7.50324 0.328827
7.64018 7.50324 0.328827
7.64018 7.50324 0.328827
7.64018 7.50324 0.328827
7.64018 7.50324 0.328827
7.64018 7.50324 0.328827
8.17574 7.5563 0.314305
8.17574 7.5563 0.314305
8.17574 7.5563 0.314305
8.17574 7.5563 0.314305
7.96438 7.79431 0.319672
8.16132 7.87446 0.319334
8.16132 7.87446 0.319334
8.16132 7.87446 0.319334
8.16132 7.87446 0.319334
7.78269 7.61125 0.312077
7.03017 8.25025 0.328288
7.03017 8.25025 0.328288
7.03017 8.25025 0.328288
7.03017 8.25025 0.328288
7.03017 8.25025 0.328288
7.03017 8.25025 0.328288
7.03017 8.25025 0.328288
7.03017 8.25025 0.328288
7.28184 7.98743 0.320809
7.28184 7.98743 0.320809
7.28184 7.98743 0.320809
7.28184 7.98743 0.320809
7.28184 7.98743 0.320809
7.28184 7.98743 0.320809
7.80564 8.06937 0.3127
7.80564 8.06937 0.3127
7.80564 8.06937 0.3127
7.46064 7.93782 0.319814
7.93676 7.27255 0.322321
7.93676 7.27255 0.322321
7.93676 7.27255 0.322321
7.57432 8.19573 0.308957
7.57432 8.19573 0.308957
7.70431 7.87362 0.309283
7.97359 8.14949 0.334178
7.97359 8.14949 0.334178
7.97359 8.14949 0.334178
7.97359 8.14949 0.334178
7.97359 8.14949 0.334178
7.97359 8.14949 0.334178
8.09685 7.98086 0.312631
8.09685 7.98086 0.312631
7.29168 7.62335 0.306538
7.29168 7.62335 0.306538
7.29168 7.62335 0.306538
7.29168 7.62335 0.306538
7.29168 7.62335 0.306538
7.29168 7.62335 0.306538
8.10635 7.90308 0.305092
7.56021 7.15752 0.31497
8.2321 7.23127 0.329309
8.2321 7.23127 0.329309
8.2321 7.23127 0.329309
7.73409 7.8237 0.331488
7.73409 7.8237 0.331488
7.70372 7.80978 0.334467
7.70372 7.80978 0.334467
8.03365 7.1526 0.329901
8.03365 7.1526 0.329901
8.03365 7.1526 0.329901
8.03365 7.1526 0.329901
8.03365 7.1526 0.329901
8.03365 7.1526 0.329901
8.03365 7.1526 0.329901
8.03365 7.1526 0.329901
7.49539 7.86284 0.319537
7.49539 7.86284 0.319537
7.49539 7.86284 0.319537
7.49539 7.86284 0.319537
7.85485 7.68856 0.318542
7.85485 7.68856 0.318542
7.85485 7.68856 0.318542
7.85485 7.68856 0.318542
7.85485 7.68856 0.318542
7.85485 7.68856 0.318542
7.85485 7.68856 0.318542
7.85485 7.68856 0.318542
7.85485 7.68856 0.318542
7.85485 7.68856 0.318542
7.85485 7.68856 0.318542
7.09374 7.27792 0.300464
7.09374 7.27792 0.300464
7.44003 7.59135 0.315715
7.47687 7.82718 0.296363
7.47687 7.82718 0.296363
7.47687 7.82718 0.296363
7.47687 7.82718 0.296363
7.47687 7.82718 0.296363
7.47687 7.82718 0.296363
7.47687 7.82718 0.296363
7.47687 7.82718 0.296363
7.47687 7.82718 0.296363
7.47687 7.82718 0.296363
7.47687 7.82718 0.296363
7.47687 7.82718 0.296363
7.47687 7.82718 0.296363
9.40545 8.87674 0.278314
9.40545 8.87674 0.278314
9.40545 8.87674 0.278314
9.40545 8.87674 0.278314
9.03249 9.05834 0.323044
10.0529 9.32589 0.295038
10.0529 9.32589 0.295038
10.0529 9.32589 0.295038
10.0529 9.32589 0.295038
8.71852 9.6041 0.308005
9.69477 9.33249 0.293146
9.35611 9.57631 0.308321
8.91069 9.29002 0.295604
8.91069 9.29002 0.295604
8.91069 9.29002 0.295604
9.40186 9.19915 0.314
9.40186 9.19915 0.314
9.40186 9.19915 0.314
9.31411 9.28873 0.305055
9.31411 9.28873 0.305055
9.40639 9.66887 0.320137
9.40639 9.66887 0.320137
9.40639 9.66887 0.320137
9.87861 9.3438 0.302932
9.87861 9.3438 0.302932
9.22148 9.8751 0.297382
9.24613 9.85839 0.303326
9.24613 9.85839 0.303326
9.24613 9.85839 0.303326
9.24613 9.85839 0.303326
9.81111 9.57194 0.304562
9.81111 9.57194 0.304562
9.81111 9.57194 0.304562
9.98732 9.15093 0.294866
9.30795 9.65672 0.308172
9.35244 9.4882 0.306443
9.4319 9.29078 0.322228
9.4319 9.29078 0.322228
9.4319 9.29078 0.322228
9.4319 9.29078 0.322228
9.06515 9.27398 0.319573
9.16722 9.51925 0.312252
9.63186 9.72601 0.297163
9.63186 9.72601 0.297163
9.63186 9.72601 0.297163
9.63186 9.72601 0.297163
9.69639 9.58814 0.297684
9.43738 9.16505 0.316768
9.43738 9.16505 0.316768
9.43738 9.16505 0.316768
9.43738 9.16505 0.316768
9.43738 9.16505 0.316768
9.43738 9.16505 0.316768
9.37851 9.91968 0.318507
9.42318 9.69685 0.300325
9.42318 9.69685 0.300325
9.42318 9.69685 0.300325
9.42318 9.69685 0.300325
9.42318 9.69685 0.300325
9.42318 9.69685 0.300325
9.97162 9.50251 0.307033
9.97162 9.50251 0.307033
9.97162 9.50251 0.307033
9.97162 9.50251 0.307033
9.45462 9.82337 0.310573
9.45462 9.82337 0.310573
9.45462 9.82337 0.310573
9.45462 9.82337 0.310573
9.20155 9.20752 0.321852
9.20155 9.20752 0.321852
9.45295 9.58263 0.301046
9.45295 9.58263 0.301046
9.08827 9.57893 0.307943
9.08827 9.57893 0.307943
9.08827 9.57893 0.307943
9.08827 9.57893 0.307943
8.95474 8.91639 0.30213
8.95474 8.91639 0.30213
9.55368 9.0122 0.298807
9.6147 9.40987 0.319653
9.26254 9.24153 0.321327
9.26254 9.24153 0.321327
9.26254 9.24153 0.321327
9.26254 9.24153 0.321327
9.26254 9.24153 0.321327
9.52219 9.94584 0.302103
9.56314 9.46842 0.301887
9.56314 9.46842 0.301887
9.56314 9.46842 0.301887
9.56314 9.46842 0.301887
9.56314 9.46842 0.301887
9.56314 9.46842 0.301887
9.56314 9.46842 0.301887
9.56314 9.46842 0.301887
9.56314 9.46842 0.301887
9.56314 9.46842 0.301887
9.56314 9.46842 0.301887
9.56314 9.46842 0.301887
9.56314 9.46842 0.301887
9.56314 9.46842 0.301887
6.55192 6.86243 0.282482
6.55192 6.86243 0.282482
6.55192 6.86243 0.282482
6.55192 6.86243 0.282482
6.55192 6.86243 0.282482
7.1367 6.56581 0.310518
6.73684 6.91389 0.3039
6.73684 6.91389 0.3039
6.73684 6.91389 0.3039
6.73684 6.91389 0.3039
6.73684 6.91389 0.3039
6.78422 6.22107 0.309291
6.78649 7.04498 0.308897
6.80905 6.76469 0.298454
6.80905 6.76469 0.298454
7.27919 6.45089 0.300834
7.27919 6.45089 0.300834
7.27919 6.45089 0.300834
7.27919 6.45089 0.300834
7.27919 6.45089 0.300834
6.64997 6.79671 0.297323
6.64997 6.79671 0.297323
6.64997 6.79671 0.297323
6.64997 6.79671 0.297323
6.64997 6.79671 0.297323
6.46444 7.08859 0.310127
6.46444 7.08859 0.310127
6.46444 7.08859 0.310127
6.46444 7.08859 0.310127
6.45396 7.14931 0.296997
6.45396 7.14931 0.296997
6.45396 7.14931 0.296997
6.45396 7.14931 0.296997
6.45396 7.14931 0.296997
6.45396 7.14931 0.296997
6.45396 7.14931 0.296997
6.45396 7.14931 0.296997
6.45396 7.14931 0.296997
6.45396 7.14931 0.296997
6.45396 7.14931 0.296997
6.45396 7.14931 0.296997
6.82661 6.61415 0.306147
6.82661 6.61415 0.306147
6.76263 6.51167 0.291022
6.76263 6.51167 0.291022
7.02575 6.84538 0.291724
7.02575 6.84538 0.291724
7.02575 6.84538 0.291724
7.02575 6.84538 0.291724
7.02575 6.84538 0.291724
6.36034 6.56235 0.31392
6.36034 6.56235 0.31392
6.36034 6.56235 0.31392
6.82638 6.48565 0.291357
6.82638 6.48565 0.291357
6.82638 6.48565 0.291357
6.82638 6.48565 0.291357
6.82638 6.48565 0.291357
6.82638 6.48565 0.291357
6.82638 6.48565 0.291357
6.82638 6.48565 0.291357
6.82638 6.48565 0.291357
6.82638 6.48565 0.291357
6.36209 6.79032 -0.00729213
6.36209 6.79032 -0.00729213
6.36209 6.79032 -0.00729213
6.36209 6.79032 -0.00729213
6.36209 6.79032 -0.00729213
6.36209 6.79032 -0.00729213
6.36209 6.79032 -0.00729213
6.36209 6.79032 -0.00729213
6.36209 6.79032 -0.00729213
6.36209 6.79032 -0.00729213
6.20989 6.32536 0.00849406
6.20989 6.32536 0.00849406
6.20989 6.32536 0.00849406
6.14912 6.12257 0.00590595
6.14912 6.12257 0.00590595
6.44737 5.73607 0.00679362
8.0114 7.82175 0.297711
7.57436 7.57148 0.328674
7.57436 7.57148 0.328674
7.57436 7.57148 0.328674
7.57436 7.57148 0.328674
7.57436 7.57148 0.328674
7.65224 7.3204 0.319981
7.65224 7.3204 0.319981
7.63651 7.70904 0.32293
7.63651 7.70904 0.32293
7.63651 7.70904 0.32293
7.63651 7.70904 0.32293
7.63651 7.70904 0.32293
7.63651 7.70904 0.32293
7.27363 7.58436 0.331507
7.27363 7.58436 0.331507
7.97203 7.54744 0.335377
7.97203 7.54744 0.335377
7.97203 7.54744 0.335377
8.18984 7.65382 0.32297
8.18984 7.65382 0.32297
3.9382 46.556 -66.807
3.9382 46.556 -66.807
3.9382 46.556 -66.807
3.9382 46.556 -66.807
3.9382 46.556 -66.807
3.9382 46.556 -66.807
3.9382 46.556 -66.807
3.9382 46.556 -66.807
3.9382 46.556 -66.807
3.9382 46.556 -66.807
3.9382 46.556 -66.807
3.9382 46.556 -66.807
3.9382 46.556 -66.807
3.9382 46.556 -66.807
3.9382 46.556 -66.807
3.9382 46.556 -66.807
3.9382 46.556 -66.807
3.9382 46.556 -66.807
3.9382 46.556 -66.807
3.9382 46.556 -66.807
3.9382 46.556 -66.807
3.9382 46.556 -66.807
3.9382 46.556 -66.807
3.9382 46.556 -66.807
3.9382 46.556 -66.807
3.9382 46.556 -66.807
3.9382 46.556 -66.807
3.9382 46.556 -66.807
3.9382 46.556 -66.807
3.9382 46.556 -66.807
3.9382 46.556 -66.807
3.9382 46.556 -66.807
3.9382 46.556 -66.807
3.9382 46.556 -66.807
3.9382 46.556 -66.807
3.9382 46.556 -66.807
3.9382 46.556 -66.807
3.9382 46.556 -66.807
3.9382 46.556 -66.807
3.9382 46.556 -66.807
3.9382 46.556 -66.807
3.9382 46.556 -66.807
3.9382 46.556 -66.807
3.9382 46.556 -66.807
3.9382 46.556 -66.807
3.9382 46.556 -66.807
3.9382 46.556 -66.807
3.9382 46.556 -66.807
3.9382 46.556 -66.807
3.9382 46.556 -66.807
3.9382 46.556 -66.807
3.9382 46.556 -66.807
3.9382 46.556 -66.807
3.9382 46.556 -66.807
3.9382 46.556 -66.807
3.9382 46.556 -66.807
3.9382 46.556 -66.807
3.9382 46.556 -66.807
3.9382 46.556 -66.807
3.9382 46.556 -66.807
3.9382 46.556 -66.807
3.9382 46.556 -66.807
3.9382 46.556 -66.807
3.9382 46.556 -66.807
3.9382 46.556 -66.807
3.9382 46.556 -66.807
3.9382 46.556 -66.807
3.9382 46.556 -66.807
3.9382 46.556 -66.807
3.9382 46.556 -66.807
3.9382 46.556 -66.807
3.9382 46.556 -66.807
3.9382 46.556 -66.807
3.9382 46.556 -66.807
3.9382 46.556 -66.807
3.9382 46.556 -66.807
3.9382 46.556 -66.807
3.9382 46.556 -66.807
3.9382 46.556 -66.807
3.9382 46.556 -66.807
3.9382 46.556 -66.807
3.9382 46.556 -66.807
3.9382 46.556 -66.807
3.9382 46.556 -66.807
3.9382 46.556 -66.807
3.9382 46.556 -66.807
3.9382 46.556 -66.807
3.9382 46.556 -66.807
3.9382 46.556 -66.807
3.9382 46.556 -66.807
3.9382 46.556 -66.807
3.9382 46.556 -66.807
3.9382 46.556 -66.807
3.9382 46.556 -66.807
3.9382 46.556 -66.807
3.9382 46.556 -66.807
3.9382 46.556 -66.807
3.9382 46.556 -66.807
3.9382 46.556 -66.807
3.9382 46.556 -66.807
10.4613 10.81 0.293934
10.4613 10.81 0.293934
10.4613 10.81 0.293934
10.4613 10.81 0.293934
10.4613 10.81 0.293934
7.92934 7.79962 0.337314
7.77375 7.67891 0.317343
7.77375 7.67891 0.317343
7.77375 7.67891 0.317343
7.60789 8.06442 0.313724
8.10741 8.01578 0.319242
11.4714 11.4407 0.282768
11.3915 11.8052 0.302082
11.9732 11.1084 0.305603
11.9732 11.1084 0.305603
11.0443 11.0866 0.304804
11.0443 11.0866 0.304804
11.0443 11.0866 0.304804
11.2391 11.7447 0.314575
11.2391 11.7447 0.314575
11.4849 12.0448 0.3057
11.3047 10.6887 0.279379
11.3047 10.6887 0.279379
11.3047 10.6887 0.279379
11.6253 11.6311 0.299329
10.8089 11.7893 0.308831
10.8089 11.7893 0.308831
10.8089 11.7893 0.308831
10.8089 11.7893 0.308831
11.575 11.3259 0.315762
11.0395 11.3624 0.307043
11.0395 11.3624 0.307043
11.4068 11.5191 0.302145
11.4068 11.5191 0.302145
11.6711 11.2591 0.305535
11.6711 11.2591 0.305535
11.4791 11.2634 0.30747
11.4791 11.2634 0.30747
11.915 11.4436 0.29726
11.915 11.4436 0.29726
11.7088 11.308 0.308823
11.3005 11.4748 0.298403
11.3005 11.4748 0.298403
11.3321 11.755 0.308887
11.2818 11.5924 0.294488
11.2818 11.5924 0.294488
11.544 11.5746 0.313234
11.2132 11.3971 0.321774
11.8792 11.6007 0.312341
11.8792 11.6007 0.312341
11.7592 11.9426 0.30711
11.7592 11.9426 0.30711
11.5666 11.2534 0.320416
11.3242 11.7344 0.290443
11.4898 11.0859 0.292947
11.9046 11.3286 0.302974
11.9046 11.3286 0.302974
11.0934 11.9365 0.306116
11.0934 11.9365 0.306116
11.0934 11.9365 0.306116
11.4788 11.6684 0.298549
11.9729 11.5974 0.294409
11.2929 11.4935 0.299853
11.6209 11.9227 0.300988
11.791 11.2138 0.306703
11.4087 12.0908 0.305144
11.4087 12.0908 0.305144
11.1627 11.4607 0.304815
11.1627 11.4607 0.304815
11.1627 11.4607 0.304815
11.4936 12.4336 0.313211
10.9537 12.002 0.319696
11.5763 11.7239 0.307819
11.5763 11.7239 0.307819
11.333 11.5466 0.31925
11.4393 11.6126 0.292556
11.7886 11.3617 0.314857
11.7886 11.3617 0.314857
11.3658 11.7208 0.300493
11.3658 11.7208 0.300493
11.9574 11.5504 0.312967
12.0145 10.8951 0.322491
12.0145 10.8951 0.322491
11.751 11.9067 0.311021
11.6359 11.0742 0.307405
11.2769 11.2734 0.318267
11.7637 11.4745 0.319076
11.1534 11.7217 0.306316
11.5511 11.5543 0.284018
11.7933 11.2987 0.296782
11.7933 11.2987 0.296782
11.7933 11.2987 0.296782
11.1634 11.2821 0.316511
11.1634 11.2821 0.316511
11.1634 11.2821 0.316511
11.4204 11.1152 0.285336
11.6078 11.6891 0.314022
10.7875 11.9538 0.318232
11.086 11.5883 0.294658
11.086 11.5883 0.294658
