7.77147 7.61535 0.299868
43.9492 44.1518 0.1709
42.6321 43.365 0.206533
26.704 27.0953 0.228099
31.3749 31.6904 0.19164
30.1396 30.0621 0.220823
26.4694 26.3968 0.239085
36.8631 37.1039 0.180969
37.4607 36.6797 0.201738
30.6947 30.7218 0.218197
9.22828 9.25309 0.302213
6.63728 6.66439 0.29874
20.8324 20.6257 0.259427
16.0671 16.1685 0.259438
10.1126 10.2139 0.294161
25.4012 25.2057 0.261885
28.6233 28.1023 0.223838
30.0256 29.8664 0.245364
41.4167 41.8928 0.185068
39.0225 39.5091 0.159494
16.8225 17.4422 0.269532
44.3881 44.2964 0.181191
11.6142 11.2764 0.318521
47.9888 47.7933 0.190948
6.63728 6.66439 0.29874
47.7324 47.1226 0.187254
26.1601 26.1484 0.213712
8.73661 9.07348 0.303305
13.6923 13.3428 0.288881
32.9867 32.975 0.19424
27.0556 27.0827 0.222249
24.292 24.0593 0.240379
20.5414 20.3523 0.266493
9.98836 9.22669 0.294127
19.2348 18.4538 0.256467
23.3807 23.5833 0.257712
22.9475 22.7795 0.264937
20.5876 20.2898 0.277616
10.6001 10.8645 0.309277
46.2958 46.4261 0.185922
26.4694 26.3968 0.239085
26.4694 26.3968 0.239085
22.3479 22.4181 0.262509
15.8112 16.2818 0.307003
22.4205 22.9105 0.275979
22.9475 22.7795 0.264937
48.5443 48.2149 0.177961
12.8201 13.2115 0.301444
18.298 17.9685 0.298419
16.2032 15.9965 0.292768
40.2162 40.2864 0.171836
10.8235 10.8798 0.310114
13.6923 13.3428 0.288881
22.2132 21.7731 0.255546
7.94892 8.07917 0.327881
18.298 17.9685 0.298419
24.8543 25.2307 0.245901
9.5903 10.0193 0.311043
13.2839 13.3401 0.290723
11.2885 11.4187 0.317347
15.8888 15.7885 0.324489
20.8324 20.6257 0.259427
46.4541 46.2861 0.171941
13.8835 14.0193 0.283585
28.9438 28.9218 0.232835
32.7507 33.5131 0.205309
30.0882 29.5871 0.21811
16.111 16.1497 0.32184
22.4534 22.2854 0.27058
20.6769 20.5088 0.273307
25.4012 25.2057 0.261885
30.1396 30.0621 0.220823
9.22828 9.25309 0.302213
36.8631 37.1039 0.180969
18.298 17.9685 0.298419
27.8771 27.9785 0.21889
10.1126 10.2139 0.294161
10.1126 10.2139 0.294161
23.6238 23.2993 0.263713
19.4936 19.7588 0.280178
19.3748 19.0055 0.275815
15.4497 15.3771 0.290848
27.791 27.27 0.225368
10.347 10.3249 0.309636
13.3332 13.3111 0.296966
22.9475 22.7795 0.264937
23.7188 23.3032 0.246732
41.4868 41.5431 0.187633
13.2839 13.3401 0.290723
34.8749 34.7974 0.189516
8.04784 7.85237 0.332648
16.5589 16.1939 0.25512
39.5972 39.2477 0.166533
25.9349 25.4139 0.215467
10.1126 10.2139 0.294161
31.4049 31.7962 0.195943
47.1849 47.5762 0.183419
27.254 27.683 0.217443
38.254 38.744 0.200832
9.22828 9.25309 0.302213
38.8593 39.5127 0.165205
38.8593 39.5127 0.165205
38.8593 39.5127 0.165205
38.8593 39.5127 0.165205
38.8593 39.5127 0.165205
38.8593 39.5127 0.165205
38.8593 39.5127 0.165205
39.2806 38.6829 0.171022
39.2806 38.6829 0.171022
39.2806 38.6829 0.171022
39.2806 38.6829 0.171022
39.2806 38.6829 0.171022
39.2806 38.6829 0.171022
38.8966 39.1983 0.174046
38.8966 39.1983 0.174046
38.8966 39.1983 0.174046
38.8966 39.1983 0.174046
38.8966 39.1983 0.174046
38.8966 39.1983 0.174046
38.8966 39.1983 0.174046
38.8966 39.1983 0.174046
38.8966 39.1983 0.174046
38.8966 39.1983 0.174046
38.8966 39.1983 0.174046
38.8966 39.1983 0.174046
38.8966 39.1983 0.174046
38.8966 39.1983 0.174046
38.8966 39.1983 0.174046
38.8966 39.1983 0.174046
38.8966 39.1983 0.174046
38.8966 39.1983 0.174046
38.8966 39.1983 0.174046
38.8966 39.1983 0.174046
38.8966 39.1983 0.174046
38.8966 39.1983 0.174046
38.8966 39.1983 0.174046
38.8966 39.1983 0.174046
38.8966 39.1983 0.174046
39.536 39.4267 0.168607
39.536 39.4267 0.168607
39.5406 39.675 0.183785
39.5406 39.675 0.183785
39.5406 39.675 0.183785
39.5406 39.675 0.183785
39.5406 39.675 0.183785
38.8553 39.122 0.184676
38.8553 39.122 0.184676
38.8553 39.122 0.184676
38.8553 39.122 0.184676
38.8553 39.122 0.184676
38.8553 39.122 0.184676
39.2097 39.106 0.180431
38.7401 39.3004 0.176575
38.7401 39.3004 0.176575
38.7401 39.3004 0.176575
38.7401 39.3004 0.176575
38.7401 39.3004 0.176575
38.8561 38.6694 0.170466
38.8561 38.6694 0.170466
39.5539 39.0223 0.157991
39.5539 39.0223 0.157991
39.5539 39.0223 0.157991
39.5539 39.0223 0.157991
38.4261 39.1326 0.155733
38.4261 39.1326 0.155733
38.4261 39.1326 0.155733
39.662 39.0176 0.177078
39.662 39.0176 0.177078
39.662 39.0176 0.177078
39.662 39.0176 0.177078
39.662 39.0176 0.177078
39.662 39.0176 0.177078
39.662 39.0176 0.177078
39.662 39.0176 0.177078
39.662 39.0176 0.177078
39.662 39.0176 0.177078
39.662 39.0176 0.177078
39.2757 39.318 0.164607
39.2757 39.318 0.164607
39.2434 38.7663 0.181344
39.2434 38.7663 0.181344
39.3817 38.9661 0.162162
39.3817 38.9661 0.162162
39.3817 38.9661 0.162162
39.1043 39.0468 0.172247
39.1043 39.0468 0.172247
39.1043 39.0468 0.172247
39.548 39.31 0.152399
39.589 39.4398 0.174255
39.589 39.4398 0.174255
22.4465 22.0221 0.261407
22.4465 22.0221 0.261407
22.4465 22.0221 0.261407
22.0564 22.3822 0.270225
21.5833 21.4993 0.268425
21.5833 21.4993 0.268425
21.5833 21.4993 0.268425
21.5833 21.4993 0.268425
21.5833 21.4993 0.268425
21.5833 21.4993 0.268425
27.3031 26.8824 0.200274
27.3031 26.8824 0.200274
26.9866 28.0803 0.233648
26.9866 28.0803 0.233648
26.9866 28.0803 0.233648
26.9866 28.0803 0.233648
26.9866 28.0803 0.233648
26.9866 28.0803 0.233648
26.9866 28.0803 0.233648
26.9866 28.0803 0.233648
27.3241 27.4536 0.211819
27.3241 27.4536 0.211819
27.3241 27.4536 0.211819
27.3241 27.4536 0.211819
27.3241 27.4536 0.211819
27.3241 27.4536 0.211819
27.3241 27.4536 0.211819
27.3241 27.4536 0.211819
27.3241 27.4536 0.211819
27.3241 27.4536 0.211819
27.3241 27.4536 0.211819
27.3241 27.4536 0.211819
27.3241 27.4536 0.211819
27.2556 27.4093 0.216865
27.2556 27.4093 0.216865
27.2556 27.4093 0.216865
27.2556 27.4093 0.216865
27.248 27.4617 0.231377
27.248 27.4617 0.231377
27.248 27.4617 0.231377
27.248 27.4617 0.231377
27.248 27.4617 0.231377
27.248 27.4617 0.231377
27.248 27.4617 0.231377
27.3208 26.7806 0.238681
27.3208 26.7806 0.238681
27.3208 26.7806 0.238681
27.3208 26.7806 0.238681
27.3208 26.7806 0.238681
27.3208 26.7806 0.238681
27.3208 26.7806 0.238681
27.3208 26.7806 0.238681
27.3208 26.7806 0.238681
27.3208 26.7806 0.238681
27.3208 26.7806 0.238681
27.3208 26.7806 0.238681
27.3208 26.7806 0.238681
27.3208 26.7806 0.238681
27.2612 27.3529 0.190789
25.2722 24.6017 0.236016
25.2722 24.6017 0.236016
25.0155 24.9782 0.245382
26.1708 25.5315 0.23689
26.1708 25.5315 0.23689
26.1708 25.5315 0.23689
26.1708 25.5315 0.23689
26.1708 25.5315 0.23689
25.0709 25.0138 0.243461
25.0709 25.0138 0.243461
25.0709 25.0138 0.243461
25.0709 25.0138 0.243461
25.0709 25.0138 0.243461
25.0709 25.0138 0.243461
25.0709 25.0138 0.243461
25.2659 25.2684 0.248214
25.2659 25.2684 0.248214
25.2659 25.2684 0.248214
25.2659 25.2684 0.248214
25.2659 25.2684 0.248214
25.2659 25.2684 0.248214
25.4006 25.0238 0.256004
25.4006 25.0238 0.256004
25.4006 25.0238 0.256004
24.741 25.0857 0.274047
24.741 25.0857 0.274047
24.741 25.0857 0.274047
24.741 25.0857 0.274047
24.7394 25.3746 0.232851
24.7394 25.3746 0.232851
24.7394 25.3746 0.232851
24.7394 25.3746 0.232851
24.8109 25.0171 0.240968
24.8109 25.0171 0.240968
24.8109 25.0171 0.240968
24.8109 25.0171 0.240968
24.8109 25.0171 0.240968
24.8109 25.0171 0.240968
24.8109 25.0171 0.240968
24.8109 25.0171 0.240968
24.8109 25.0171 0.240968
24.8109 25.0171 0.240968
24.8109 25.0171 0.240968
24.8109 25.0171 0.240968
24.8109 25.0171 0.240968
24.8109 25.0171 0.240968
24.815 24.6428 0.25174
24.815 24.6428 0.25174
24.815 24.6428 0.25174
24.815 24.6428 0.25174
24.815 24.6428 0.25174
