29.8641 30.1664 0.220856
64.6123 64.541 0.127512
29.3601 29.9798 0.207581
58.355 58.3798 0.149322
61.4505 60.8125 0.124142
19.5649 18.6535 0.297894
71.7299 71.8601 0.12908
16.0716 15.1602 0.320489
30.0577 29.3271 0.216039
55.18 54.659 0.142629
46.703 46.1539 0.173539
15.8888 15.7885 0.324489
23.3807 23.5833 0.257712
6.63728 6.66439 0.29874
29.3601 29.9798 0.207581
61.076 61.0941 0.122523
69.2689 69.1097 0.112981
64.4716 64.2648 0.119536
10.347 10.3249 0.309636
24.0514 24.0696 0.253401
16.0716 15.1602 0.320489
36.6415 37.1175 0.189836
25.1179 25.0261 0.255791
68.6056 68.6238 0.115971
10.347 10.3249 0.309636
55.18 54.659 0.142629
13.1717 13.1988 0.295595
53.2279 53.7149 0.12647
37.6007 37.2314 0.221086
9.38676 9.21869 0.309483
64.1176 63.356 0.116651
50.8006 49.7109 0.183161
16.3974 16.354 0.296558
72.0679 72.1581 0.101302
44.5134 44.9326 0.181878
16.2032 15.9965 0.292768
47.683 47.531 0.181975
10.1126 10.2139 0.294161
37.2678 37.176 0.217052
15.2874 15.567 0.284193
13.6923 13.3428 0.288881
22.8236 22.4544 0.277171
74.138 74.0377 0.130242
61.3346 61.8106 0.119731
76.568 76.0421 0.0955445
52.4489 52.1512 0.157302
11.9919 12.8229 0.308825
33.9152 34.2175 0.219411
34.5716 34.2748 0.182687
47.683 47.531 0.181975
14.9555 14.2265 0.292377
10.5339 11.1495 0.291346
15.4497 15.3771 0.290848
26.1813 26.1325 0.242214
26.4694 26.3968 0.239085
37.4607 36.6797 0.201738
6.12699 6.26278 -0.00087697
66.2602 66.3129 0.113796
43.2699 43.0371 0.174635
16.2032 15.9965 0.292768
56.1618 55.8239 0.146047
36.6415 37.1175 0.189836
44.3698 44.7611 0.174337
30.6947 30.7218 0.218197
15.2874 15.567 0.284193
22.683 22.7532 0.264134
35.5698 35.2804 0.208315
58.8835 59.5032 0.104094
30.6947 30.7218 0.218197
64.1176 63.356 0.116651
44.8058 45.071 0.16934
64.3457 64.3237 0.130059
60.8028 61.209 0.13942
61.301 60.9765 0.126198
61.076 61.0941 0.122523
61.076 61.0941 0.122523
55.4707 55.6842 0.139604
47.452 48.0507 0.174303
26.1813 26.1325 0.242214
22.9475 22.7795 0.264937
62.4481 63.103 0.126061
60.8592 60.6911 0.128341
26.4694 26.3968 0.239085
14.0762 13.8435 0.277601
16.0587 15.7292 0.318592
26.4694 26.3968 0.239085
46.703 46.1539 0.173539
33.9152 34.2175 0.219411
16.0716 15.1602 0.320489
36.6415 37.1175 0.189836
44.3698 44.7611 0.174337
22.2132 21.7731 0.255546
26.4694 26.3968 0.239085
43.374 43.2933 0.162259
58.8835 59.5032 0.104094
74.0807 74.6793 0.104408
43.3624 43.1878 0.186984
66.4291 65.5177 0.135637
26.4694 26.3968 0.239085
47.8832 48.22 0.159838
25.8716 25.5565 0.268257
25.8716 25.5565 0.268257
25.8716 25.5565 0.268257
25.8716 25.5565 0.268257
25.8716 25.5565 0.268257
25.8716 25.5565 0.268257
25.8716 25.5565 0.268257
25.8716 25.5565 0.268257
25.8716 25.5565 0.268257
25.8716 25.5565 0.268257
25.8716 25.5565 0.268257
25.8716 25.5565 0.268257
25.8716 25.5565 0.268257
25.8716 25.5565 0.268257
25.8716 25.5565 0.268257
25.8716 25.5565 0.268257
25.8716 25.5565 0.268257
25.8716 25.5565 0.268257
25.8716 25.5565 0.268257
25.8716 25.5565 0.268257
25.8716 25.5565 0.268257
25.8716 25.5565 0.268257
25.8716 25.5565 0.268257
25.8716 25.5565 0.268257
25.8716 25.5565 0.268257
25.8716 25.5565 0.268257
25.8716 25.5565 0.268257
25.8716 25.5565 0.268257
25.8716 25.5565 0.268257
25.6151 26.3542 0.247905
25.6151 26.3542 0.247905
25.6151 26.3542 0.247905
25.6151 26.3542 0.247905
25.7838 26.5964 0.237599
70.3616 71.2631 0.0948407
70.3616 71.2631 0.0948407
70.807 70.5346 0.112876
70.8524 70.7005 0.106517
70.8524 70.7005 0.106517
70.8524 70.7005 0.106517
70.8524 70.7005 0.106517
71.0511 71.0095 0.109365
71.0511 71.0095 0.109365
71.0511 71.0095 0.109365
71.0511 71.0095 0.109365
70.7974 70.8246 0.117292
70.7974 70.8246 0.117292
70.7974 70.8246 0.117292
70.4982 71.1477 0.103695
70.4982 71.1477 0.103695
70.4982 71.1477 0.103695
70.4982 71.1477 0.103695
70.4982 71.1477 0.103695
70.7414 70.8813 0.108453
70.7414 70.8813 0.108453
71.0178 70.6052 0.124801
71.0178 70.6052 0.124801
71.1538 70.8084 0.119765
70.9393 71.1895 0.135415
70.8877 71.0078 0.126743
70.8877 71.0078 0.126743
70.8877 71.0078 0.126743
70.8877 71.0078 0.126743
70.9011 71.0918 0.103801
71.0162 71.1712 0.128523
71.0162 71.1712 0.128523
71.2882 71.2248 0.116769
71.2882 71.2248 0.116769
71.2882 71.2248 0.116769
70.7508 70.7955 0.119663
70.7508 70.7955 0.119663
71.1741 70.8184 0.117893
71.1741 70.8184 0.117893
71.1741 70.8184 0.117893
71.1741 70.8184 0.117893
71.1741 70.8184 0.117893
70.8142 71.0891 0.108917
70.8142 71.0891 0.108917
71.1869 70.622 0.125962
71.3079 70.9775 0.112173
71.3079 70.9775 0.112173
71.3061 71.0801 0.115915
71.3061 71.0801 0.115915
70.5346 70.7465 0.112551
71.1521 71.0393 0.118844
71.1521 71.0393 0.118844
71.1521 71.0393 0.118844
70.4299 71.2487 0.0927288
70.4299 71.2487 0.0927288
71.2258 71.5519 0.124269
71.2258 71.5519 0.124269
71.2258 71.5519 0.124269
71.2258 71.5519 0.124269
70.4463 71.1074 0.0918098
70.4463 71.1074 0.0918098
70.8841 70.9226 0.109378
70.8841 70.9226 0.109378
70.8841 70.9226 0.109378
70.1429 71.2493 0.114016
70.1429 71.2493 0.114016
18.9008 19.3099 0.252485
18.9008 19.3099 0.252485
18.9008 19.3099 0.252485
18.8443 18.4303 0.270904
18.8443 18.4303 0.270904
18.8443 18.4303 0.270904
18.8443 18.4303 0.270904
18.8443 18.4303 0.270904
18.8443 18.4303 0.270904
18.8443 18.4303 0.270904
18.8443 18.4303 0.270904
18.8443 18.4303 0.270904
18.8443 18.4303 0.270904
18.8443 18.4303 0.270904
18.9764 18.8477 0.261418
18.9764 18.8477 0.261418
18.9764 18.8477 0.261418
18.9764 18.8477 0.261418
18.9764 18.8477 0.261418
18.9764 18.8477 0.261418
18.9764 18.8477 0.261418
18.9764 18.8477 0.261418
18.9764 18.8477 0.261418
17.1312 17.3537 0.282814
17.1312 17.3537 0.282814
17.1312 17.3537 0.282814
16.249 16.389 0.276297
16.249 16.389 0.276297
16.249 16.389 0.276297
16.249 16.389 0.276297
16.249 16.389 0.276297
16.249 16.389 0.276297
6.65796 6.10279 0.314698
6.65796 6.10279 0.314698
6.65796 6.10279 0.314698
6.65796 6.10279 0.314698
6.65796 6.10279 0.314698
6.65796 6.10279 0.314698
6.65796 6.10279 0.314698
6.65796 6.10279 0.314698
6.65796 6.10279 0.314698
6.65796 6.10279 0.314698
6.65796 6.10279 0.314698
6.65796 6.10279 0.314698
6.65796 6.10279 0.314698
6.65796 6.10279 0.314698
20.0729 19.9738 0.27043
20.0729 19.9738 0.27043
20.0729 19.9738 0.27043
20.0729 19.9738 0.27043
20.0729 19.9738 0.27043
20.0729 19.9738 0.27043
20.0729 19.9738 0.27043
20.0729 19.9738 0.27043
20.0729 19.9738 0.27043
20.0729 19.9738 0.27043
20.0729 19.9738 0.27043
20.0729 19.9738 0.27043
20.0729 19.9738 0.27043
20.0729 19.9738 0.27043
20.0729 19.9738 0.27043
20.0729 19.9738 0.27043
20.0729 19.9738 0.27043
20.0729 19.9738 0.27043
20.0729 19.9738 0.27043
20.0729 19.9738 0.27043
20.0729 19.9738 0.27043
20.0729 19.9738 0.27043
20.0729 19.9738 0.27043
20.0729 19.9738 0.27043
20.0729 19.9738 0.27043
20.0729 19.9738 0.27043
20.0729 19.9738 0.27043
20.0729 19.9738 0.27043
20.0729 19.9738 0.27043
20.0729 19.9738 0.27043
20.0729 19.9738 0.27043
20.0729 19.9738 0.27043
20.0729 19.9738 0.27043
20.0729 19.9738 0.27043
20.0729 19.9738 0.27043
20.0729 19.9738 0.27043
20.0729 19.9738 0.27043
20.0729 19.9738 0.27043
20.0729 19.9738 0.27043
20.0729 19.9738 0.27043
20.0729 19.9738 0.27043
20.0729 19.9738 0.27043
20.0729 19.9738 0.27043
20.0729 19.9738 0.27043
19.7586 19.9415 0.274341
19.7586 19.9415 0.274341
19.7586 19.9415 0.274341
19.7586 19.9415 0.274341
19.7586 19.9415 0.274341
19.7586 19.9415 0.274341
19.7586 19.9415 0.274341
19.7586 19.9415 0.274341
20.1617 20.0335 0.276431
20.1617 20.0335 0.276431
