27.8771 27.9785 0.21889
34.5716 34.2748 0.182687
23.044 23.2848 0.24787
27.641 28.0375 0.242506
27.0556 27.0827 0.222249
22.9446 22.7855 0.2818
26.1601 26.1484 0.213712
6.41059 6.44927 0.336636
19.2348 18.4538 0.256467
11.2885 11.4187 0.317347
32.9867 32.975 0.19424
26.1582 26.495 0.24146
12.7243 13.344 0.286517
24.5945 24.2252 0.258789
9.75382 8.97282 0.30782
6.41059 6.44927 0.336636
19.4282 19.2573 0.256317
14.3047 14.2334 0.283516
31.6961 31.3993 0.180315
26.1601 26.1484 0.213712
26.4588 26.3875 0.24176
34.5716 34.2748 0.182687
40.9426 41.3391 0.187812
15.4963 15.1468 0.29195
11.3528 11.3776 0.301853
27.1544 27.6444 0.232376
13.8834 14.3594 0.28122
22.2132 21.7731 0.255546
41.8668 41.699 0.176667
40.2035 40.2216 0.172465
22.4534 22.2854 0.27058
9.75382 8.97282 0.30782
28.1929 28.1155 0.230044
15.5423 14.4526 0.304441
17.4042 17.8942 0.284772
31.3749 31.6904 0.19164
26.704 27.0953 0.228099
32.9867 32.975 0.19424
38.5038 38.5219 0.189615
16.0587 15.7292 0.318592
20.0885 20.5076 0.290812
44.2259 44.3617 0.172799
6.41059 6.44927 0.336636
9.75382 8.97282 0.30782
27.254 27.683 0.217443
15.4963 15.1468 0.29195
13.8835 14.0193 0.283585
33.0633 32.7339 0.220291
20.8324 20.6257 0.259427
10.3778 10.4792 0.28731
38.5937 38.9306 0.167832
16.3348 15.9698 0.283498
17.4042 17.8942 0.284772
27.641 28.0375 0.242506
7.76867 7.80736 0.344634
6.63728 6.66439 0.29874
39.5972 39.2477 0.166533
26.704 27.0953 0.228099
15.5423 14.4526 0.304441
43.5518 43.5084 0.176364
20.6769 20.5088 0.273307
8.73661 9.07348 0.303305
31.9032 32.5229 0.207578
11.3271 11.9821 0.313649
25.9349 25.4139 0.215467
27.0556 27.0827 0.222249
16.4344 16.8535 0.281515
22.2132 21.7731 0.255546
26.1813 26.1325 0.242214
40.1422 39.9354 0.164403
6.26867 7.09974 0.304316
19.3748 19.0055 0.275815
30.6947 30.7218 0.218197
30.6947 30.7218 0.218197
36.2599 37.0256 0.206633
24.5492 24.3814 0.235597
24.8543 25.2307 0.245901
27.1544 27.6444 0.232376
26.1813 26.1325 0.242214
35.3763 34.9361 0.191063
39.2439 39.0758 0.174009
28.9971 28.2665 0.234808
26.5862 26.4153 0.234756
23.631 23.794 0.277553
20.2944 20.8352 0.273593
26.4694 26.3968 0.239085
34.8305 35.2595 0.187659
20.0178 20.4241 0.266637
6.26867 7.09974 0.304316
6.41059 6.44927 0.336636
44.3657 44.2137 0.178311
20.743 20.5869 0.243734
24.292 24.0593 0.240379
13.2916 13.5568 0.292483
32.7507 33.5131 0.205309
10.7197 10.6194 0.333591
16.0716 15.1602 0.320489
9.75382 8.97282 0.30782
26.1582 26.495 0.24146
15.8112 16.2818 0.307003
18.5942 17.8672 0.294167
18.5942 17.8672 0.294167
18.4705 18.3523 0.286602
18.4705 18.3523 0.286602
18.4705 18.3523 0.286602
18.4705 18.3523 0.286602
18.4705 18.3523 0.286602
18.4705 18.3523 0.286602
18.4705 18.3523 0.286602
18.4705 18.3523 0.286602
18.4705 18.3523 0.286602
18.4705 18.3523 0.286602
18.4705 18.3523 0.286602
18.4705 18.3523 0.286602
18.4705 18.3523 0.286602
41.2733 41.4349 0.188707
41.2733 41.4349 0.188707
41.2733 41.4349 0.188707
41.2733 41.4349 0.188707
41.2733 41.4349 0.188707
41.4663 41.1798 0.175069
41.4663 41.1798 0.175069
41.4663 41.1798 0.175069
41.4663 41.1798 0.175069
41.4725 41.2895 0.186187
41.0787 40.8835 0.181165
41.0787 40.8835 0.181165
41.0787 40.8835 0.181165
41.0787 40.8835 0.181165
41.0787 40.8835 0.181165
41.2205 41.2781 0.175159
41.2205 41.2781 0.175159
41.2205 41.2781 0.175159
41.2205 41.2781 0.175159
41.2205 41.2781 0.175159
41.7451 41.2832 0.17175
41.6145 41.1173 0.164985
41.5131 41.6713 0.17441
41.5131 41.6713 0.17441
41.5131 41.6713 0.17441
41.5131 41.6713 0.17441
41.5131 41.6713 0.17441
41.5131 41.6713 0.17441
40.8157 40.8103 0.179509
41.1282 41.4242 0.177919
41.1282 41.4242 0.177919
41.1282 41.4242 0.177919
41.1282 41.4242 0.177919
41.1282 41.4242 0.177919
41.4843 41.3766 0.200926
40.8122 41.8501 0.170868
40.8122 41.8501 0.170868
41.3293 41.3488 0.177902
41.3293 41.3488 0.177902
41.3293 41.3488 0.177902
41.2829 41.042 0.182953
41.2829 41.042 0.182953
41.4152 41.4381 0.192349
41.4152 41.4381 0.192349
41.3049 41.0434 0.181063
41.3049 41.0434 0.181063
40.7808 41.7712 0.176299
40.7808 41.7712 0.176299
40.7808 41.7712 0.176299
41.6511 41.6079 0.183397
41.3661 41.6573 0.18732
41.3661 41.6573 0.18732
41.3661 41.6573 0.18732
41.3661 41.6573 0.18732
41.3661 41.6573 0.18732
41.3661 41.6573 0.18732
41.3661 41.6573 0.18732
41.7527 41.4513 0.150922
41.7527 41.4513 0.150922
41.7527 41.4513 0.150922
41.7527 41.4513 0.150922
41.7527 41.4513 0.150922
40.8649 41.574 0.171996
40.8649 41.574 0.171996
40.8649 41.574 0.171996
41.4688 41.0329 0.173772
41.4688 41.0329 0.173772
41.5499 41.3841 0.183976
41.5499 41.3841 0.183976
41.5499 41.3841 0.183976
41.2273 41.2618 0.182253
41.4892 42.2009 0.162661
41.4892 42.2009 0.162661
41.4892 42.2009 0.162661
40.9227 41.3382 0.19798
41.444 41.4087 0.192879
41.2442 41.6461 0.161003
41.2442 41.6461 0.161003
40.8909 41.2321 0.193772
40.8909 41.2321 0.193772
40.8909 41.2321 0.193772
40.8909 41.2321 0.193772
41.2494 42.0661 0.159219
41.2494 42.0661 0.159219
41.2494 42.0661 0.159219
41.9058 41.5855 0.179123
41.9058 41.5855 0.179123
41.9058 41.5855 0.179123
41.9058 41.5855 0.179123
41.1518 41.3961 0.173907
41.1518 41.3961 0.173907
41.6444 41.1304 0.195273
41.6444 41.1304 0.195273
41.6444 41.1304 0.195273
41.6444 41.1304 0.195273
41.6444 41.1304 0.195273
41.6459 41.4623 0.189234
41.6391 41.1875 0.18047
41.355 41.708 0.198279
41.355 41.708 0.198279
41.355 41.708 0.198279
41.355 41.708 0.198279
41.355 41.708 0.198279
41.355 41.708 0.198279
41.2281 41.0849 0.178024
41.2281 41.0849 0.178024
41.5633 41.1858 0.18119
41.5633 41.1858 0.18119
41.5633 41.1858 0.18119
41.7242 41.5052 0.159665
41.8109 42.1752 0.176547
41.8109 42.1752 0.176547
41.8109 42.1752 0.176547
41.8109 42.1752 0.176547
41.6054 41.3644 0.176056
41.6054 41.3644 0.176056
41.2582 41.0764 0.191606
41.2582 41.0764 0.191606
41.2582 41.0764 0.191606
41.2582 41.0764 0.191606
41.2582 41.0764 0.191606
41.4131 41.3429 0.180503
41.4131 41.3429 0.180503
41.4131 41.3429 0.180503
41.2997 41.9887 0.197306
41.2997 41.9887 0.197306
41.2997 41.9887 0.197306
41.2997 41.9887 0.197306
41.3244 41.0525 0.180358
41.3244 41.0525 0.180358
41.3244 41.0525 0.180358
41.3244 41.0525 0.180358
40.9078 40.8696 0.17114
40.9078 40.8696 0.17114
40.9078 40.8696 0.17114
41.5453 41.4713 0.183062
41.2755 41.4501 0.179792
41.2755 41.4501 0.179792
41.368 41.555 0.190034
41.368 41.555 0.190034
40.6379 41.4447 0.183521
40.6379 41.4447 0.183521
40.6379 41.4447 0.183521
40.6379 41.4447 0.183521
41.3067 41.0816 0.171175
41.3067 41.0816 0.171175
41.3067 41.0816 0.171175
41.3067 41.0816 0.171175
41.5214 41.5918 0.186414
41.5214 41.5918 0.186414
41.5214 41.5918 0.186414
41.5214 41.5918 0.186414
41.5214 41.5918 0.186414
41.4822 41.6564 0.169142
40.9843 41.8476 0.173541
40.9843 41.8476 0.173541
40.9843 41.8476 0.173541
40.9843 41.8476 0.173541
40.8716 41.1952 0.175902
41.5427 41.3643 0.174362
41.5427 41.3643 0.174362
41.0667 41.386 0.185454
41.0667 41.386 0.185454
41.616 40.897 0.177293
41.6693 41.197 0.170193
41.3032 41.2205 0.17753
41.2317 41.392 0.170098
41.2317 41.392 0.170098
41.2317 41.392 0.170098
41.2317 41.392 0.170098
41.2317 41.392 0.170098
41.5241 41.349 0.185379
41.7216 41.4136 0.17501
41.7216 41.4136 0.17501
41.6745 41.5118 0.177508
41.6745 41.5118 0.177508
41.1722 41.6223 0.168893
41.1722 41.6223 0.168893
41.1722 41.6223 0.168893
41.295 40.9816 0.182731
41.295 40.9816 0.182731
41.295 40.9816 0.182731
41.295 40.9816 0.182731
41.1675 41.1422 0.17509
34.1338 35.0071 0.202054
