14.0762 13.8435 0.277601
25.4012 25.2057 0.261885
12.7976 13.2285 0.304061
23.631 23.794 0.277553
9.98836 9.22669 0.294127
13.2839 13.3401 0.290723
46.6097 46.4029 0.158061
17.4042 17.8942 0.284772
15.8208 16.3301 0.271449
6.63728 6.66439 0.29874
39.7704 40.3691 0.170289
27.641 28.0375 0.242506
30.0524 29.141 0.242342
27.641 28.0375 0.242506
13.2839 13.3401 0.290723
25.1179 25.0261 0.255791
20.0178 20.4241 0.266637
15.4497 15.3771 0.290848
10.3423 9.90214 0.291107
15.831 16.2275 0.283055
22.9475 22.7795 0.264937
17.6598 16.5701 0.288201
26.5862 26.4153 0.234756
20.8937 20.9118 0.267489
12.8201 13.2115 0.301444
37.7348 38.5266 0.1907
15.7432 15.5724 0.282706
20.6769 20.5088 0.273307
34.8305 35.2595 0.187659
6.63728 6.66439 0.29874
37.0792 37.2421 0.226602
53.0788 53.6985 0.135773
26.4694 26.3968 0.239085
26.4694 26.3968 0.239085
15.831 16.2275 0.283055
26.4694 26.3968 0.239085
30.6947 30.7218 0.218197
6.41059 6.44927 0.336636
39.0225 39.5091 0.159494
40.7333 41.0701 0.17685
27.641 28.0375 0.242506
43.0505 43.0017 0.164095
36.8631 37.1039 0.180969
10.7536 10.8893 0.309914
28.9438 28.9218 0.232835
29.131 29.149 0.230373
22.9475 22.7795 0.264937
31.9523 31.9993 0.190278
22.9475 22.7795 0.264937
42.436 42.7096 0.172924
24.9557 25.0914 0.247399
44.6166 45.0872 0.17357
18.298 17.9685 0.298419
19.3146 19.691 0.27672
22.2132 21.7731 0.255546
45.2065 44.857 0.165738
6.26297 5.93353 0.0169025
19.4282 19.2573 0.256317
36.8631 37.1039 0.180969
20.5183 20.1938 0.271574
44.3509 44.1828 0.178634
18.298 17.9685 0.298419
9.39852 9.87457 0.312378
18.298 17.9685 0.298419
14.0762 13.8435 0.277601
54.3208 53.795 0.142996
6.12699 6.26278 -0.00087697
23.631 23.794 0.277553
11.3271 11.9821 0.313649
22.3479 22.4181 0.262509
39.7704 40.3691 0.170289
37.6007 37.2314 0.221086
47.2665 47.4691 0.174563
6.41059 6.44927 0.336636
14.0762 13.8435 0.277601
14.6298 14.9667 0.282827
14.0762 13.8435 0.277601
15.8208 16.3301 0.271449
28.9438 28.9218 0.232835
14.6529 14.6041 0.283581
10.5339 11.1495 0.291346
22.8236 22.4544 0.277171
34.2634 35.0945 0.198042
38.4425 38.2357 0.181553
16.5589 16.1939 0.25512
24.0514 24.0696 0.253401
6.63728 6.66439 0.29874
13.8835 14.0193 0.283585
50.3414 50.812 0.174689
47.6209 47.8861 0.178422
42.7188 43.1101 0.187575
15.4497 15.3771 0.290848
10.5339 11.1495 0.291346
13.8835 14.0193 0.283585
47.2665 47.4691 0.174563
11.3271 11.9821 0.313649
32.7507 33.5131 0.205309
15.4497 15.3771 0.290848
47.8832 48.22 0.159838
37.6007 37.2314 0.221086
37.1841 36.3603 0.17889
37.1841 36.3603 0.17889
37.1841 36.3603 0.17889
37.2559 37.0864 0.188712
37.2559 37.0864 0.188712
37.2559 37.0864 0.188712
37.2559 37.0864 0.188712
37.2559 37.0864 0.188712
37.2559 37.0864 0.188712
37.2559 37.0864 0.188712
37.2559 37.0864 0.188712
37.2559 37.0864 0.188712
37.2559 37.0864 0.188712
36.7034 36.285 0.172092
36.7034 36.285 0.172092
36.7034 36.285 0.172092
36.7034 36.285 0.172092
36.7034 36.285 0.172092
37.0832 36.7519 0.209847
37.3404 36.3778 0.187458
37.3404 36.3778 0.187458
37.3404 36.3778 0.187458
37.3404 36.3778 0.187458
37.3404 36.3778 0.187458
37.3404 36.3778 0.187458
37.3404 36.3778 0.187458
36.9567 37.0444 0.193326
36.9567 37.0444 0.193326
36.6441 36.3417 0.196053
36.6441 36.3417 0.196053
36.6441 36.3417 0.196053
36.6441 36.3417 0.196053
37.18 36.4367 0.197021
37.18 36.4367 0.197021
37.18 36.4367 0.197021
37.18 36.4367 0.197021
37.18 36.4367 0.197021
37.18 36.4367 0.197021
37.18 36.4367 0.197021
37.18 36.4367 0.197021
37.18 36.4367 0.197021
37.18 36.4367 0.197021
37.18 36.4367 0.197021
37.18 36.4367 0.197021
37.18 36.4367 0.197021
37.18 36.4367 0.197021
37.18 36.4367 0.197021
37.18 36.4367 0.197021
37.18 36.4367 0.197021
36.9116 36.8755 0.174771
36.9116 36.8755 0.174771
36.9116 36.8755 0.174771
36.9116 36.8755 0.174771
36.9116 36.8755 0.174771
36.9116 36.8755 0.174771
36.9116 36.8755 0.174771
36.9116 36.8755 0.174771
36.1945 35.9693 0.219689
36.7267 36.7429 0.202279
36.7267 36.7429 0.202279
37.0382 36.6545 0.192439
37.0382 36.6545 0.192439
37.0382 36.6545 0.192439
37.0382 36.6545 0.192439
37.0382 36.6545 0.192439
37.0382 36.6545 0.192439
37.0382 36.6545 0.192439
37.0382 36.6545 0.192439
36.8563 36.5331 0.196807
36.6909 36.8808 0.190784
36.6909 36.8808 0.190784
36.6909 36.8808 0.190784
36.6909 36.8808 0.190784
36.6909 36.8808 0.190784
36.6909 36.8808 0.190784
36.6909 36.8808 0.190784
36.6909 36.8808 0.190784
36.7196 36.7039 0.170206
36.8257 36.2704 0.187293
36.8257 36.2704 0.187293
7.49967 7.35201 0.328196
7.49967 7.35201 0.328196
7.49967 7.35201 0.328196
7.49967 7.35201 0.328196
7.49967 7.35201 0.328196
7.49967 7.35201 0.328196
7.49967 7.35201 0.328196
7.49967 7.35201 0.328196
7.49967 7.35201 0.328196
7.49967 7.35201 0.328196
7.49967 7.35201 0.328196
7.49967 7.35201 0.328196
7.49967 7.35201 0.328196
7.76283 8.10886 0.315048
7.76283 8.10886 0.315048
7.76283 8.10886 0.315048
8.09654 7.91793 0.330748
8.09654 7.91793 0.330748
8.09654 7.91793 0.330748
8.55479 8.53773 0.320976
10.7825 10.5503 0.326223
10.4933 10.971 0.307805
10.4933 10.971 0.307805
11.1241 10.9257 0.315329
11.1241 10.9257 0.315329
11.1241 10.9257 0.315329
11.1241 10.9257 0.315329
11.1241 10.9257 0.315329
11.1241 10.9257 0.315329
11.1241 10.9257 0.315329
11.1241 10.9257 0.315329
10.875 11.2918 0.28219
10.875 11.2918 0.28219
10.875 11.2918 0.28219
10.875 11.2918 0.28219
10.875 11.2918 0.28219
10.875 11.2918 0.28219
10.875 11.2918 0.28219
10.875 11.2918 0.28219
10.875 11.2918 0.28219
10.875 11.2918 0.28219
10.875 11.2918 0.28219
10.875 11.2918 0.28219
10.875 11.2918 0.28219
10.875 11.2918 0.28219
10.875 11.2918 0.28219
10.875 11.2918 0.28219
10.875 11.2918 0.28219
10.875 11.2918 0.28219
10.875 11.2918 0.28219
10.875 11.2918 0.28219
10.875 11.2918 0.28219
10.875 11.2918 0.28219
10.875 11.2918 0.28219
10.875 11.2918 0.28219
10.875 11.2918 0.28219
10.875 11.2918 0.28219
10.875 11.2918 0.28219
10.875 11.2918 0.28219
10.875 11.2918 0.28219
10.875 11.2918 0.28219
10.875 11.2918 0.28219
10.875 11.2918 0.28219
10.875 11.2918 0.28219
10.875 11.2918 0.28219
10.875 11.2918 0.28219
10.875 11.2918 0.28219
10.875 11.2918 0.28219
10.875 11.2918 0.28219
10.875 11.2918 0.28219
10.875 11.2918 0.28219
10.875 11.2918 0.28219
10.875 11.2918 0.28219
10.4243 10.8328 0.318569
10.4243 10.8328 0.318569
10.4243 10.8328 0.318569
10.4243 10.8328 0.318569
10.4243 10.8328 0.318569
10.4243 10.8328 0.318569
10.4243 10.8328 0.318569
10.4243 10.8328 0.318569
10.4243 10.8328 0.318569
10.4243 10.8328 0.318569
23.1863 22.575 0.26378
23.1863 22.575 0.26378
23.0225 22.9891 0.243987
23.0225 22.9891 0.243987
23.0225 22.9891 0.243987
23.0225 22.9891 0.243987
23.0225 22.9891 0.243987
23.0225 22.9891 0.243987
22.7041 22.8201 0.265711
22.7041 22.8201 0.265711
22.7041 22.8201 0.265711
22.7041 22.8201 0.265711
22.7041 22.8201 0.265711
22.7041 22.8201 0.265711
22.7041 22.8201 0.265711
22.7041 22.8201 0.265711
22.7041 22.8201 0.265711
22.7041 22.8201 0.265711
22.7041 22.8201 0.265711
22.7041 22.8201 0.265711
22.7041 22.8201 0.265711
22.7041 22.8201 0.265711
22.7041 22.8201 0.265711
22.7041 22.8201 0.265711
22.7041 22.8201 0.265711
22.7041 22.8201 0.265711
22.7041 22.8201 0.265711
22.7041 22.8201 0.265711
22.7041 22.8201 0.265711
22.7041 22.8201 0.265711
22.7041 22.8201 0.265711
22.7041 22.8201 0.265711
22.7041 22.8201 0.265711
22.7041 22.8201 0.265711
22.6421 22.8191 0.260613
22.6421 22.8191 0.260613
22.6421 22.8191 0.260613
