19.7941 19.8212 0.28284
6.26867 7.09974 0.304316
5.95039 6.71278 0.00192008
27.036 27.1989 0.239084
18.8795 19.3555 0.261025
9.75382 8.97282 0.30782
26.1582 26.495 0.24146
9.75382 8.97282 0.30782
16.2032 15.9965 0.292768
31.8416 31.5521 0.197039
15.0932 15.4697 0.288281
13.8835 14.0193 0.283585
19.4936 19.7588 0.280178
18.8795 19.3555 0.261025
10.332 10.1801 0.31267
28.0255 28.4317 0.2488
9.877 9.52748 0.313101
12.7243 13.344 0.286517
27.641 28.0375 0.242506
12.8201 13.2115 0.301444
12.8201 13.2115 0.301444
27.8771 27.9785 0.21889
6.4195 6.29928 0.00329886
10.1126 10.2139 0.294161
16.8225 17.4422 0.269532
10.3423 9.90214 0.291107
24.0654 23.9651 0.270039
10.8895 10.5601 0.327694
18.8795 19.3555 0.261025
25.4012 25.2057 0.261885
13.2839 13.3401 0.290723
19.7013 19.5266 0.284583
24.012 24.0821 0.258999
25.386 25.8169 0.249319
20.0178 20.4241 0.266637
10.5016 9.95256 0.308835
11.3271 11.9821 0.313649
6.29217 6.34845 0.315809
31.1227 31.0514 0.217021
18.0388 17.2771 0.264018
12.7243 13.344 0.286517
12.7976 13.2285 0.304061
20.1103 19.5612 0.283409
15.5423 14.4526 0.304441
9.877 9.52748 0.313101
10.1126 10.2139 0.294161
5.95039 6.71278 0.00192008
20.1426 19.3809 0.268697
19.7941 19.8212 0.28284
11.2885 11.4187 0.317347
23.7188 23.3032 0.246732
6.41392 6.84292 0.31191
26.3794 26.3975 0.241845
18.9709 19.7039 0.304132
32.0726 31.5235 0.190663
18.8596 18.9123 0.261225
11.9624 12.0525 0.304642
11.3271 11.9821 0.313649
20.0178 20.4241 0.266637
29.7382 30.2088 0.217777
11.2885 11.4187 0.317347
20.5275 19.7658 0.272212
28.1999 28.0453 0.21302
10.5339 11.1495 0.291346
23.8977 23.9878 0.245892
16.885 17.6768 0.27464
22.1817 22.2204 0.284148
26.4694 26.3968 0.239085
9.22828 9.25309 0.302213
9.877 9.52748 0.313101
20.1555 20.2256 0.281121
11.3271 11.9821 0.313649
15.9241 15.8911 0.291103
26.1582 26.495 0.24146
29.131 29.149 0.230373
13.3332 13.3111 0.296966
14.3047 14.2334 0.283516
20.5876 20.2898 0.277616
24.9556 25.4316 0.245034
23.0448 22.4068 0.266382
22.071 22.3362 0.265081
16.4393 16.3191 0.276611
14.9555 14.2265 0.292377
9.39852 9.87457 0.312378
13.3332 13.3111 0.296966
22.0861 22.3657 0.257536
11.6142 11.2764 0.318521
19.7013 19.5266 0.284583
11.6142 11.2764 0.318521
29.75 30.0145 0.222028
17.2158 17.7024 0.264858
9.75382 8.97282 0.30782
13.2072 13.2343 0.29163
13.5233 12.9742 0.2922
30.923 31.1637 0.205858
18.0388 17.2771 0.264018
29.792 30.2626 0.228856
28.4138 29.2448 0.237039
20.2944 20.8352 0.273593
9.75382 8.97282 0.30782
9.41646 9.39438 0.306127
9.6557 9.67395 0.297438
9.6557 9.67395 0.297438
9.6557 9.67395 0.297438
9.6557 9.67395 0.297438
9.6557 9.67395 0.297438
9.6557 9.67395 0.297438
9.6557 9.67395 0.297438
9.6557 9.67395 0.297438
9.6557 9.67395 0.297438
9.73601 9.5409 0.311832
9.73601 9.5409 0.311832
9.73601 9.5409 0.311832
9.73601 9.5409 0.311832
9.73601 9.5409 0.311832
19.8152 20.1176 0.291001
19.8152 20.1176 0.291001
19.8152 20.1176 0.291001
19.8152 20.1176 0.291001
19.8152 20.1176 0.291001
19.8152 20.1176 0.291001
19.8152 20.1176 0.291001
19.8152 20.1176 0.291001
19.8152 20.1176 0.291001
19.8152 20.1176 0.291001
19.8152 20.1176 0.291001
19.8152 20.1176 0.291001
19.8754 19.5855 0.290403
19.8754 19.5855 0.290403
19.8754 19.5855 0.290403
19.8754 19.5855 0.290403
19.8754 19.5855 0.290403
19.8754 19.5855 0.290403
19.8754 19.5855 0.290403
19.8754 19.5855 0.290403
19.8754 19.5855 0.290403
19.8754 19.5855 0.290403
19.8754 19.5855 0.290403
19.8754 19.5855 0.290403
19.9556 19.9335 0.284211
19.9556 19.9335 0.284211
19.9556 19.9335 0.284211
19.9556 19.9335 0.284211
19.9556 19.9335 0.284211
19.9556 19.9335 0.284211
20.5173 19.8793 0.283368
20.5173 19.8793 0.283368
20.5173 19.8793 0.283368
20.5173 19.8793 0.283368
19.5435 20.0843 0.287854
19.5435 20.0843 0.287854
19.5435 20.0843 0.287854
19.5435 20.0843 0.287854
19.7045 20.1911 0.273052
19.7045 20.1911 0.273052
19.781 19.8336 0.279568
20.268 20.1873 0.280282
20.268 20.1873 0.280282
20.268 20.1873 0.280282
20.0089 19.2783 0.286184
20.0089 19.2783 0.286184
20.3495 20.1787 0.27466
20.3495 20.1787 0.27466
19.7673 19.4428 0.285835
19.7673 19.4428 0.285835
19.7673 19.4428 0.285835
19.7673 19.4428 0.285835
19.7673 19.4428 0.285835
19.7673 19.4428 0.285835
19.7673 19.4428 0.285835
19.7673 19.4428 0.285835
19.7673 19.4428 0.285835
19.7673 19.4428 0.285835
19.7673 19.4428 0.285835
19.7673 19.4428 0.285835
19.9893 20.0279 0.30276
19.9893 20.0279 0.30276
19.9893 20.0279 0.30276
19.9893 20.0279 0.30276
19.9893 20.0279 0.30276
19.9893 20.0279 0.30276
19.5242 19.7268 0.279834
19.5242 19.7268 0.279834
19.5242 19.7268 0.279834
19.5242 19.7268 0.279834
19.5242 19.7268 0.279834
19.5242 19.7268 0.279834
19.5242 19.7268 0.279834
19.5242 19.7268 0.279834
19.5242 19.7268 0.279834
19.5242 19.7268 0.279834
19.5242 19.7268 0.279834
19.5242 19.7268 0.279834
19.5242 19.7268 0.279834
20.0412 20.1313 0.268014
20.0412 20.1313 0.268014
20.0412 20.1313 0.268014
20.0412 20.1313 0.268014
19.8623 19.4466 0.268854
19.8623 19.4466 0.268854
19.6408 19.4958 0.280061
19.6408 19.4958 0.280061
19.6408 19.4958 0.280061
19.6408 19.4958 0.280061
19.9218 20.2868 0.269364
19.9218 20.2868 0.269364
19.7722 19.9641 0.265837
19.7722 19.9641 0.265837
19.7722 19.9641 0.265837
19.7722 19.9641 0.265837
19.7722 19.9641 0.265837
19.7722 19.9641 0.265837
19.7722 19.9641 0.265837
19.7722 19.9641 0.265837
19.7722 19.9641 0.265837
19.7722 19.9641 0.265837
19.7722 19.9641 0.265837
19.6545 19.8741 0.28289
6.45396 7.14931 0.296997
6.45396 7.14931 0.296997
6.45396 7.14931 0.296997
6.82638 6.48565 0.291357
6.82638 6.48565 0.291357
6.82638 6.48565 0.291357
6.82638 6.48565 0.291357
6.82638 6.48565 0.291357
6.82638 6.48565 0.291357
6.82638 6.48565 0.291357
6.82638 6.48565 0.291357
6.82638 6.48565 0.291357
6.82638 6.48565 0.291357
6.82638 6.48565 0.291357
6.82638 6.48565 0.291357
6.82638 6.48565 0.291357
6.82638 6.48565 0.291357
6.82638 6.48565 0.291357
6.82638 6.48565 0.291357
6.82638 6.48565 0.291357
6.82638 6.48565 0.291357
6.82638 6.48565 0.291357
6.82638 6.48565 0.291357
6.82638 6.48565 0.291357
6.82638 6.48565 0.291357
6.82638 6.48565 0.291357
7.57436 7.57148 0.328674
7.57436 7.57148 0.328674
7.57436 7.57148 0.328674
7.57436 7.57148 0.328674
7.57436 7.57148 0.328674
7.57436 7.57148 0.328674
7.27363 7.58436 0.331507
7.27363 7.58436 0.331507
7.27363 7.58436 0.331507
7.27363 7.58436 0.331507
7.27363 7.58436 0.331507
8.18984 7.65382 0.32297
8.18984 7.65382 0.32297
8.18984 7.65382 0.32297
8.18984 7.65382 0.32297
8.18984 7.65382 0.32297
8.18984 7.65382 0.32297
8.18984 7.65382 0.32297
8.18984 7.65382 0.32297
8.18984 7.65382 0.32297
8.18984 7.65382 0.32297
8.18984 7.65382 0.32297
8.18984 7.65382 0.32297
8.18984 7.65382 0.32297
8.18984 7.65382 0.32297
8.18984 7.65382 0.32297
8.18984 7.65382 0.32297
8.18984 7.65382 0.32297
8.18984 7.65382 0.32297
8.18984 7.65382 0.32297
8.18984 7.65382 0.32297
8.18984 7.65382 0.32297
8.18984 7.65382 0.32297
8.18984 7.65382 0.32297
8.18984 7.65382 0.32297
8.18984 7.65382 0.32297
8.18984 7.65382 0.32297
8.18984 7.65382 0.32297
8.18984 7.65382 0.32297
7.83621 7.76513 0.334044
7.83621 7.76513 0.334044
7.83621 7.76513 0.334044
7.83621 7.76513 0.334044
7.83621 7.76513 0.334044
7.69324 7.92125 0.318447
7.69324 7.92125 0.318447
7.8982 7.05716 0.317347
7.8982 7.05716 0.317347
7.8982 7.05716 0.317347
7.8982 7.05716 0.317347
7.8982 7.05716 0.317347
7.8982 7.05716 0.317347
7.8982 7.05716 0.317347
7.0895 7.61143 0.318308
7.0895 7.61143 0.318308
7.0895 7.61143 0.318308
23.4025 23.1019 0.262971
23.4025 23.1019 0.262971
23.9158 24.0464 0.289043
23.9158 24.0464 0.289043
23.9158 24.0464 0.289043
23.9158 24.0464 0.289043
23.9158 24.0464 0.289043
23.9158 24.0464 0.289043
23.9158 24.0464 0.289043
23.9158 24.0464 0.289043
23.9158 24.0464 0.289043
23.9158 24.0464 0.289043
23.9158 24.0464 0.289043
23.9158 24.0464 0.289043
23.9158 24.0464 0.289043
23.9158 24.0464 0.289043
23.9158 24.0464 0.289043
23.9158 24.0464 0.289043
23.9158 24.0464 0.289043
23.9158 24.0464 0.289043
23.4971 23.9958 0.265533
23.8154 23.7315 0.249575
23.8154 23.7315 0.249575
23.8154 23.7315 0.249575
23.8154 23.7315 0.249575
23.8154 23.7315 0.249575
23.8154 23.7315 0.249575
23.8154 23.7315 0.249575
23.8154 23.7315 0.249575
23.8154 23.7315 0.249575
23.8154 23.7315 0.249575
23.6635 23.8071 0.233134
23.6635 23.8071 0.233134
23.6635 23.8071 0.233134
23.6635 23.8071 0.233134
23.8788 24.0022 0.276166
23.238 23.9594 0.264616
23.238 23.9594 0.264616
23.238 23.9594 0.264616
23.238 23.9594 0.264616
23.4431 24.0977 0.259874
23.4431 24.0977 0.259874
23.4431 24.0977 0.259874
23.4431 24.0977 0.259874
23.4431 24.0977 0.259874
23.4431 24.0977 0.259874
23.6897 23.2357 0.272824
23.6897 23.2357 0.272824
23.6897 23.2357 0.272824
23.6897 23.2357 0.272824
23.6897 23.2357 0.272824
23.6897 23.2357 0.272824
23.6897 23.2357 0.272824
23.7814 23.7919 0.249557
23.7814 23.7919 0.249557
23.7814 23.7919 0.249557
23.7814 23.7919 0.249557
24.2647 23.736 0.256178
24.2647 23.736 0.256178
24.2647 23.736 0.256178
24.0374 23.8946 0.256793
23.5224 23.7429 0.250782
23.5224 23.7429 0.250782
23.5224 23.7429 0.250782
23.5224 23.7429 0.250782
23.5224 23.7429 0.250782
23.5224 23.7429 0.250782
23.5627 23.5093 0.265916
23.5627 23.5093 0.265916
23.7444 23.1061 0.271919
23.7444 23.1061 0.271919
24.0611 23.4616 0.244943
24.0611 23.4616 0.244943
24.0611 23.4616 0.244943
24.0611 23.4616 0.244943
24.0611 23.4616 0.244943
24.0611 23.4616 0.244943
24.0611 23.4616 0.244943
24.0062 23.5733 0.258792
24.0062 23.5733 0.258792
24.0062 23.5733 0.258792
24.0176 24.4579 0.269935
24.0176 24.4579 0.269935
24.0176 24.4579 0.269935
23.3463 24.3515 0.249713
23.3463 24.3515 0.249713
12.4235 12.4385 0.308457
12.4235 12.4385 0.308457
12.4235 12.4385 0.308457
12.4235 12.4385 0.308457
12.4235 12.4385 0.308457
12.4235 12.4385 0.308457
12.4235 12.4385 0.308457
12.4235 12.4385 0.308457
12.4235 12.4385 0.308457
12.4235 12.4385 0.308457
12.4235 12.4385 0.308457
12.4235 12.4385 0.308457
12.4235 12.4385 0.308457
12.4235 12.4385 0.308457
