43.5514 43.3563 0.188803
6.41059 6.44927 0.336636
24.6296 25.1389 0.246413
48.8826 48.6875 0.168366
29.5055 28.8675 0.231992
15.8112 16.2818 0.307003
15.4497 15.3771 0.290848
26.1582 26.495 0.24146
22.9475 22.7795 0.264937
16.0716 15.1602 0.320489
24.292 24.0593 0.240379
13.8835 14.0193 0.283585
6.29217 6.34845 0.315809
44.6129 44.1728 0.158181
22.8236 22.4544 0.277171
6.41059 6.44927 0.336636
27.0556 27.0827 0.222249
24.292 24.0593 0.240379
47.683 47.531 0.181975
24.292 24.0593 0.240379
11.9624 12.0525 0.304642
52.6022 52.6493 0.148449
55.8242 55.4747 0.147505
19.2758 19.6126 0.28139
44.6129 44.1728 0.158181
35.3149 36.0773 0.203059
48.3979 48.2087 0.159202
6.41392 6.84292 0.31191
44.9712 44.8166 0.148514
6.41059 6.44927 0.336636
58.6738 58.4992 0.157123
19.5649 18.6535 0.297894
11.9919 12.8229 0.308825
42.7188 43.1101 0.187575
28.0268 28.0831 0.232086
9.22828 9.25309 0.302213
22.8236 22.4544 0.277171
10.7993 10.8174 0.300323
10.3423 9.90214 0.291107
41.5791 41.4873 0.195825
15.8888 15.7885 0.324489
44.9642 44.8868 0.165538
34.6387 35.1147 0.188994
58.4479 58.4362 0.142485
22.9475 22.7795 0.264937
15.2874 15.567 0.284193
36.716 36.4262 0.200871
37.7348 38.5266 0.1907
10.5339 11.1495 0.291346
45.4445 44.8065 0.169016
16.3545 16.2819 0.298069
38.0948 37.798 0.180927
26.704 27.0953 0.228099
20.743 20.5869 0.243734
56.408 56.2129 0.138999
55.4707 55.6842 0.139604
13.2839 13.3401 0.290723
42.8397 42.5429 0.155039
55.037 54.9563 0.146918
26.1582 26.495 0.24146
36.701 36.6893 0.183929
17.4042 17.8942 0.284772
32.584 32.4279 0.187846
53.8538 53.6792 0.146145
15.831 16.2275 0.283055
13.3332 13.3111 0.296966
10.5339 11.1495 0.291346
56.2815 55.1917 0.145477
10.7993 10.8174 0.300323
32.584 32.4279 0.187846
16.3545 16.2819 0.298069
22.4205 22.9105 0.275979
25.4012 25.2057 0.261885
13.2916 13.5568 0.292483
27.0556 27.0827 0.222249
16.0587 15.7292 0.318592
47.6922 46.7807 0.196138
24.5492 24.3814 0.235597
6.12699 6.26278 -0.00087697
15.4497 15.3771 0.290848
54.6482 54.3588 0.156422
48.382 48.5449 0.178123
13.3332 13.3111 0.296966
34.5716 34.2748 0.182687
53.8538 53.6792 0.146145
16.8225 17.4422 0.269532
55.0154 54.82 0.162856
7.76867 7.80736 0.344634
41.8668 41.699 0.176667
22.9475 22.7795 0.264937
15.8208 16.3301 0.271449
39.7704 40.3691 0.170289
15.4497 15.3771 0.290848
10.7197 10.6194 0.333591
9.58977 9.43365 0.291005
37.4607 36.6797 0.201738
15.4497 15.3771 0.290848
20.0885 20.5076 0.290812
29.5055 28.8675 0.231992
11.3528 11.3776 0.301853
13.0237 13.1925 0.316841
13.0237 13.1925 0.316841
13.0237 13.1925 0.316841
13.0237 13.1925 0.316841
13.0237 13.1925 0.316841
13.0237 13.1925 0.316841
13.0237 13.1925 0.316841
13.0237 13.1925 0.316841
13.0237 13.1925 0.316841
13.0237 13.1925 0.316841
13.0237 13.1925 0.316841
13.0237 13.1925 0.316841
13.0237 13.1925 0.316841
13.0237 13.1925 0.316841
13.0237 13.1925 0.316841
12.9637 13.2707 0.297412
12.9637 13.2707 0.297412
12.9637 13.2707 0.297412
12.9637 13.2707 0.297412
12.9637 13.2707 0.297412
12.9637 13.2707 0.297412
13.3177 13.2409 0.300463
13.3177 13.2409 0.300463
13.3177 13.2409 0.300463
13.3177 13.2409 0.300463
13.3177 13.2409 0.300463
13.3177 13.2409 0.300463
13.3177 13.2409 0.300463
13.3177 13.2409 0.300463
13.3177 13.2409 0.300463
13.3177 13.2409 0.300463
13.3177 13.2409 0.300463
13.3177 13.2409 0.300463
13.3177 13.2409 0.300463
13.3177 13.2409 0.300463
13.3177 13.2409 0.300463
13.3177 13.2409 0.300463
13.3177 13.2409 0.300463
13.3177 13.2409 0.300463
13.3177 13.2409 0.300463
13.3177 13.2409 0.300463
13.3177 13.2409 0.300463
13.3177 13.2409 0.300463
13.3177 13.2409 0.300463
13.3177 13.2409 0.300463
13.3177 13.2409 0.300463
12.8571 13.4979 0.301822
12.8571 13.4979 0.301822
12.8571 13.4979 0.301822
12.8571 13.4979 0.301822
12.8571 13.4979 0.301822
12.8571 13.4979 0.301822
12.8571 13.4979 0.301822
12.8571 13.4979 0.301822
12.8571 13.4979 0.301822
12.8571 13.4979 0.301822
9.44837 10.1435 0.331036
9.44837 10.1435 0.331036
9.44837 10.1435 0.331036
9.44837 10.1435 0.331036
9.44837 10.1435 0.331036
22.4465 22.0221 0.261407
22.4465 22.0221 0.261407
22.4465 22.0221 0.261407
22.4465 22.0221 0.261407
22.4465 22.0221 0.261407
22.4465 22.0221 0.261407
22.4465 22.0221 0.261407
22.4465 22.0221 0.261407
22.4465 22.0221 0.261407
22.4465 22.0221 0.261407
21.5833 21.4993 0.268425
21.5833 21.4993 0.268425
21.5833 21.4993 0.268425
21.5833 21.4993 0.268425
21.5833 21.4993 0.268425
21.5833 21.4993 0.268425
21.5833 21.4993 0.268425
21.5833 21.4993 0.268425
21.5833 21.4993 0.268425
21.5833 21.4993 0.268425
21.5833 21.4993 0.268425
21.5833 21.4993 0.268425
21.5833 21.4993 0.268425
21.5833 21.4993 0.268425
21.5833 21.4993 0.268425
21.5833 21.4993 0.268425
21.5833 21.4993 0.268425
22.1399 21.4345 0.252625
22.1399 21.4345 0.252625
22.1399 21.4345 0.252625
21.896 22.501 0.252394
21.896 22.501 0.252394
21.896 22.501 0.252394
21.896 22.501 0.252394
21.896 22.501 0.252394
21.896 22.501 0.252394
21.896 22.501 0.252394
21.896 22.501 0.252394
21.896 22.501 0.252394
30.2913 29.5131 0.23937
30.2913 29.5131 0.23937
30.2913 29.5131 0.23937
30.2913 29.5131 0.23937
30.2913 29.5131 0.23937
29.526 29.4992 0.20209
29.526 29.4992 0.20209
29.526 29.4992 0.20209
29.526 29.4992 0.20209
29.526 29.4992 0.20209
29.526 29.4992 0.20209
29.526 29.4992 0.20209
29.526 29.4992 0.20209
29.526 29.4992 0.20209
29.526 29.4992 0.20209
29.526 29.4992 0.20209
29.526 29.4992 0.20209
29.526 29.4992 0.20209
29.526 29.4992 0.20209
29.526 29.4992 0.20209
29.526 29.4992 0.20209
29.526 29.4992 0.20209
29.526 29.4992 0.20209
30.1265 30.3873 0.213978
30.1265 30.3873 0.213978
30.1265 30.3873 0.213978
30.1265 30.3873 0.213978
30.1265 30.3873 0.213978
30.1265 30.3873 0.213978
30.1265 30.3873 0.213978
30.1265 30.3873 0.213978
30.1265 30.3873 0.213978
30.1265 30.3873 0.213978
30.3448 30.0934 0.247741
30.0456 29.8086 0.228625
30.0456 29.8086 0.228625
30.0456 29.8086 0.228625
30.0456 29.8086 0.228625
30.0456 29.8086 0.228625
30.0456 29.8086 0.228625
30.0456 29.8086 0.228625
30.0456 29.8086 0.228625
30.0456 29.8086 0.228625
30.1118 30.0047 0.223415
30.1118 30.0047 0.223415
30.1118 30.0047 0.223415
30.1118 30.0047 0.223415
30.1118 30.0047 0.223415
30.1118 30.0047 0.223415
30.1118 30.0047 0.223415
30.1118 30.0047 0.223415
30.1118 30.0047 0.223415
30.1118 30.0047 0.223415
30.1118 30.0047 0.223415
29.7803 29.9876 0.228201
29.7803 29.9876 0.228201
29.7803 29.9876 0.228201
29.7803 29.9876 0.228201
29.7803 29.9876 0.228201
29.7803 29.9876 0.228201
29.7803 29.9876 0.228201
29.7803 29.9876 0.228201
29.7803 29.9876 0.228201
29.7803 29.9876 0.228201
29.7803 29.9876 0.228201
29.7803 29.9876 0.228201
29.7803 29.9876 0.228201
29.7803 29.9876 0.228201
29.7803 29.9876 0.228201
29.7803 29.9876 0.228201
29.7803 29.9876 0.228201
29.7803 29.9876 0.228201
29.7803 29.9876 0.228201
30.1396 29.9539 0.209289
30.1396 29.9539 0.209289
30.0128 30.3377 0.229618
30.0128 30.3377 0.229618
30.0128 30.3377 0.229618
30.0128 30.3377 0.229618
30.0128 30.3377 0.229618
30.0128 30.3377 0.229618
30.0128 30.3377 0.229618
30.0128 30.3377 0.229618
30.0128 30.3377 0.229618
30.0128 30.3377 0.229618
30.0128 30.3377 0.229618
30.0128 30.3377 0.229618
30.0128 30.3377 0.229618
30.0128 30.3377 0.229618
30.0128 30.3377 0.229618
21.9263 22.1662 0.252042
21.9263 22.1662 0.252042
21.9263 22.1662 0.252042
21.9263 22.1662 0.252042
21.9263 22.1662 0.252042
21.9263 22.1662 0.252042
21.9263 22.1662 0.252042
21.9263 22.1662 0.252042
22.0973 21.9266 0.261137
22.1103 21.9228 0.264621
